Orthogroup	E_salsugineum	C_amplexicaulis
OG0000013	Thhalv10010325m.g	Caamp.0311s0026, Caamp.0110s0043
OG0000017	Thhalv10002031m.g	Caamp.0097s0840
OG0000020	Thhalv10029498m.g	Caamp.0067s0012, Caamp.0020s0016, Caamp.0007s0547, Caamp.0118s0001, Caamp.0004s0170
OG0000028	Thhalv10003397m.g	Caamp.0129s0017
OG0000028	Thhalv10028246m.g, Thhalv10027529m.g	Caamp.0075s0004
OG0000028	Thhalv10003091m.g, Thhalv10009818m.g, Thhalv10017646m.g, Thhalv10001223m.g, Thhalv10029191m.g, Thhalv10027079m.g, Thhalv10002806m.g, Thhalv10003487m.g, Thhalv10027498m.g, Thhalv10012224m.g, Thhalv10009587m.g, Thhalv10012285m.g	Caamp.0035s0018
OG0000035	Thhalv10000534m.g	Caamp.0058s0063, Caamp.1033s1054, Caamp.0001s0341, Caamp.0190s1171, Caamp.0097s0886, Caamp.0004s0287
OG0000045	Thhalv10023807m.g, Thhalv10027423m.g	Caamp.0004s0175
OG0000058	Thhalv10002866m.g	Caamp.0097s1071
OG0000065	Thhalv10026974m.g, Thhalv10028995m.g, Thhalv10000723m.g	Caamp.0064s0420, Caamp.0028s0061, Caamp.0139s0011, Caamp.0001s0356, Caamp.0022s0139, Caamp.0037s0534, Caamp.0102s0260, Caamp.0080s0002, Caamp.0011s0068
OG0000066	Thhalv10011962m.g, Thhalv10012379m.g, Thhalv10012047m.g, Thhalv10012279m.g, Thhalv10012205m.g, Thhalv10012082m.g, Thhalv10011995m.g, Thhalv10012093m.g, Thhalv10012346m.g, Thhalv10012275m.g	Caamp.0007s0457
OG0000066	Thhalv10028042m.g	Caamp.0007s0116
OG0000066	Thhalv10009823m.g, Thhalv10009303m.g, Thhalv10009630m.g, Thhalv10009318m.g, Thhalv10009617m.g, Thhalv10009762m.g, Thhalv10009829m.g, Thhalv10006464m.g, Thhalv10019504m.g	Caamp.0023s0224
OG0000066	Thhalv10009523m.g, Thhalv10009370m.g, Thhalv10009437m.g, Thhalv10009427m.g, Thhalv10009588m.g, Thhalv10009341m.g, Thhalv10009451m.g, Thhalv10009932m.g, Thhalv10009628m.g, Thhalv10009377m.g, Thhalv10009572m.g, Thhalv10009326m.g, Thhalv10009314m.g, Thhalv10009316m.g, Thhalv10009543m.g, Thhalv10009507m.g, Thhalv10009740m.g, Thhalv10009646m.g, Thhalv10019539m.g, Thhalv10009665m.g, Thhalv10003077m.g, Thhalv10009304m.g, Thhalv10009454m.g, Thhalv10009439m.g, Thhalv10009733m.g, Thhalv10009883m.g, Thhalv10019467m.g, Thhalv10007859m.g	Caamp.0007s0292
OG0000066	Thhalv10009610m.g, Thhalv10009794m.g, Thhalv10009854m.g, Thhalv10012070m.g, Thhalv10012242m.g, Thhalv10012217m.g, Thhalv10012258m.g	Caamp.0064s0574
OG0000071	Thhalv10002286m.g	Caamp.0034s0047
OG0000071	Thhalv10029202m.g	Caamp.0101s0157, Caamp.0097s0925, Caamp.0113s0022, Caamp.0007s0562, Caamp.0102s0986, Caamp.0011s0176, Caamp.0011s0140
OG0000073	Thhalv10009777m.g, Thhalv10026817m.g	Caamp.0188s0573, Caamp.0032s0051, Caamp.0064s0089
OG0000077	Thhalv10010368m.g, Thhalv10010369m.g	Caamp.0033s0051, Caamp.1035s0349, Caamp.0026s0243, Caamp.0005s0210
OG0000077	Thhalv10004208m.g	Caamp.1035s0553, Caamp.0120s0843
OG0000077	Thhalv10016651m.g	Caamp.0051s0036, Caamp.0066s0033
OG0000077	Thhalv10013524m.g	Caamp.1038s0212, Caamp.1041s1211
OG0000077	Thhalv10018544m.g	Caamp.0076s0457, Caamp.0006s0263
OG0000077	Thhalv10016629m.g	Caamp.0102s0562, Caamp.0105s0504
OG0000077	Thhalv10025207m.g	Caamp.0003s0508
OG0000077	Thhalv10003210m.g	Caamp.0058s0269, Caamp.0076s0557
OG0000078	Thhalv10011059m.g	Caamp.0080s0014
OG0000080	Thhalv10002572m.g	Caamp.1040s0465, Caamp.0005s0178
OG0000080	Thhalv10016809m.g	Caamp.0102s0287, Caamp.0078s0466, Caamp.0095s0862
OG0000080	Thhalv10010455m.g	Caamp.0105s0779
OG0000080	Thhalv10020950m.g	Caamp.0023s0049, Caamp.0078s1038
OG0000080	Thhalv10020906m.g	Caamp.0051s0330, Caamp.1039s1068
OG0000080	Thhalv10013834m.g	Caamp.1038s0437, Caamp.1041s0990
OG0000080	Thhalv10028132m.g	Caamp.0007s0283, Caamp.1033s0895
OG0000080	Thhalv10013840m.g	Caamp.0097s0242
OG0000093	Thhalv10024335m.g	Caamp.1041s0429, Caamp.0094s0838
OG0000093	Thhalv10002391m.g	Caamp.0058s0280, Caamp.0055s0019
OG0000093	Thhalv10002390m.g	Caamp.0098s0008, Caamp.0113s0021
OG0000093	Thhalv10018080m.g	Caamp.0064s0035
OG0000093	Thhalv10003603m.g	Caamp.0033s0049, Caamp.1035s0351
OG0000093	Thhalv10015530m.g	Caamp.1040s0653, Caamp.1037s1023
OG0000093	Thhalv10022531m.g	Caamp.0095s1233, Caamp.0093s0074
OG0000094	Thhalv10029322m.g, Thhalv10001262m.g, Thhalv10000708m.g, Thhalv10000483m.g, Thhalv10027299m.g, Thhalv10010966m.g, Thhalv10024011m.g, Thhalv10010988m.g, Thhalv10000594m.g, Thhalv10003323m.g, Thhalv10029248m.g, Thhalv10003087m.g, Thhalv10026892m.g, Thhalv10015721m.g, Thhalv10002818m.g, Thhalv10012269m.g, Thhalv10024161m.g, Thhalv10002958m.g, Thhalv10015767m.g, Thhalv10012169m.g, Thhalv10009945m.g, Thhalv10002153m.g, Thhalv10005454m.g, Thhalv10012055m.g, Thhalv10002954m.g, Thhalv10015690m.g, Thhalv10016067m.g, Thhalv10015567m.g, Thhalv10002246m.g, Thhalv10002833m.g, Thhalv10002344m.g, Thhalv10023196m.g, Thhalv10022478m.g, Thhalv10017554m.g, Thhalv10019815m.g, Thhalv10003381m.g, Thhalv10002942m.g, Thhalv10001852m.g, Thhalv10010916m.g, Thhalv10022987m.g, Thhalv10000523m.g, Thhalv10000427m.g, Thhalv10012150m.g, Thhalv10002262m.g, Thhalv10005322m.g, Thhalv10023833m.g, Thhalv10027124m.g, Thhalv10028107m.g, Thhalv10000600m.g, Thhalv10029459m.g, Thhalv10023185m.g, Thhalv10029179m.g	Caamp.1040s1354, Caamp.0004s0254
OG0000096	Thhalv10028068m.g	Caamp.0064s0463
OG0000104	Thhalv10005114m.g	Caamp.1038s0386
OG0000104	Thhalv10029057m.g	Caamp.0188s0098
OG0000104	Thhalv10014984m.g	Caamp.0006s0280, Caamp.1027s0168, Caamp.1038s0334, Caamp.1041s1099, Caamp.0094s0114
OG0000104	Thhalv10019309m.g	Caamp.1027s0167
OG0000104	Thhalv10015270m.g	Caamp.1041s1244
OG0000104	Thhalv10005111m.g	Caamp.0033s0286
OG0000105	Thhalv10023911m.g, Thhalv10024076m.g	Caamp.0015s0251, Caamp.0097s0046, Caamp.0007s0491
OG0000105	Thhalv10023505m.g	Caamp.0015s0252
OG0000105	Thhalv10023457m.g	Caamp.0015s0295
OG0000105	Thhalv10023838m.g	Caamp.0015s0294
OG0000105	Thhalv10024090m.g, Thhalv10023447m.g	Caamp.0303s1242
OG0000105	Thhalv10023467m.g	Caamp.0015s0257
OG0000105	Thhalv10023461m.g, Thhalv10024124m.g, Thhalv10023470m.g, Thhalv10024167m.g, Thhalv10024133m.g, Thhalv10023445m.g, Thhalv10024039m.g, Thhalv10024025m.g, Thhalv10023472m.g, Thhalv10019750m.g	Caamp.0015s0250
OG0000107	Thhalv10000646m.g, Thhalv10000583m.g, Thhalv10000580m.g	Caamp.0022s0141
OG0000107	Thhalv10019002m.g, Thhalv10029200m.g, Thhalv10029326m.g, Thhalv10029173m.g, Thhalv10029152m.g	Caamp.0022s0143, Caamp.0022s0142, Caamp.0022s0144, Caamp.0022s0140
OG0000107	Thhalv10000654m.g, Thhalv10027422m.g	Caamp.0188s1034, Caamp.1035s1431
OG0000110	Thhalv10029150m.g, Thhalv10029224m.g, Thhalv10029244m.g	Caamp.0097s0855
OG0000110	Thhalv10000584m.g, Thhalv10028061m.g, Thhalv10023984m.g, Thhalv10017747m.g, Thhalv10019544m.g, Thhalv10028072m.g, Thhalv10012089m.g, Thhalv10023127m.g, Thhalv10012042m.g, Thhalv10000549m.g, Thhalv10012223m.g, Thhalv10002183m.g, Thhalv10002223m.g, Thhalv10023146m.g, Thhalv10012293m.g, Thhalv10012192m.g, Thhalv10017920m.g, Thhalv10002821m.g, Thhalv10000652m.g, Thhalv10003038m.g, Thhalv10019524m.g, Thhalv10026990m.g, Thhalv10005672m.g, Thhalv10001218m.g, Thhalv10029334m.g, Thhalv10002307m.g, Thhalv10023844m.g, Thhalv10019606m.g, Thhalv10005474m.g, Thhalv10028191m.g, Thhalv10017847m.g, Thhalv10028199m.g, Thhalv10015771m.g, Thhalv10017755m.g, Thhalv10015287m.g, Thhalv10028194m.g, Thhalv10003021m.g, Thhalv10000521m.g, Thhalv10029454m.g, Thhalv10022967m.g, Thhalv10002160m.g, Thhalv10019787m.g, Thhalv10029463m.g, Thhalv10029306m.g, Thhalv10023860m.g	Caamp.0022s0071
OG0000114	Thhalv10000552m.g	Caamp.0026s0765
OG0000114	Thhalv10002367m.g, Thhalv10000034m.g, Thhalv10000033m.g, Thhalv10000035m.g, Thhalv10000044m.g, Thhalv10002360m.g, Thhalv10000632m.g	Caamp.0190s1204, Caamp.0010s0036
OG0000115	Thhalv10028046m.g, Thhalv10023173m.g	Caamp.0007s0255
OG0000115	Thhalv10002275m.g, Thhalv10005675m.g, Thhalv10015352m.g, Thhalv10024100m.g, Thhalv10029343m.g	Caamp.1033s0963
OG0000115	Thhalv10012261m.g	Caamp.0049s0020
OG0000115	Thhalv10015783m.g, Thhalv10011093m.g, Thhalv10005333m.g, Thhalv10011948m.g, Thhalv10012204m.g	Caamp.0097s0824
OG0000116	Thhalv10027631m.g	Caamp.0026s0655
OG0000116	Thhalv10027763m.g, Thhalv10000770m.g	Caamp.1039s0405
OG0000119	Thhalv10000613m.g, Thhalv10000175m.g, Thhalv10000192m.g, Thhalv10019678m.g	Caamp.1039s0340, Caamp.1039s0341
OG0000119	Thhalv10000198m.g	Caamp.1039s0339
OG0000122	Thhalv10010851m.g	Caamp.0024s0475, Caamp.1040s0411, Caamp.0024s0493, Caamp.0005s0169
OG0000122	Thhalv10002735m.g	Caamp.0013s0034
OG0000122	Thhalv10015098m.g	Caamp.0101s0018, Caamp.0354s0006, Caamp.0024s0473
OG0000122	Thhalv10017467m.g	Caamp.0078s0468
OG0000122	Thhalv10017468m.g	Caamp.1037s0799
OG0000126	Thhalv10002258m.g	Caamp.0026s0754, Caamp.0008s0231, Caamp.0050s0017
OG0000127	Thhalv10006295m.g	Caamp.0095s0592
OG0000127	Thhalv10002103m.g	Caamp.0034s0070, Caamp.0060s0029
OG0000127	Thhalv10027976m.g	Caamp.0006s0598
OG0000127	Thhalv10019293m.g	Caamp.0002s0130
OG0000127	Thhalv10002700m.g	Caamp.0097s0059, Caamp.1037s0608, Caamp.1040s0256
OG0000128	Thhalv10002920m.g	Caamp.0068s0045, Caamp.0129s0013
OG0000134	Thhalv10004760m.g	Caamp.0120s0017
OG0000134	Thhalv10014078m.g	Caamp.1033s0489, Caamp.0070s0051
OG0000134	Thhalv10021105m.g	Caamp.0214s0186
OG0000135	Thhalv10014941m.g	Caamp.1040s1049, Caamp.1037s1388
OG0000135	Thhalv10026967m.g	Caamp.0190s0240, Caamp.0094s1048
OG0000135	Thhalv10023744m.g	Caamp.0266s0039
OG0000135	Thhalv10027977m.g	Caamp.0044s0014
OG0000135	Thhalv10021705m.g	Caamp.0214s0240, Caamp.0078s0733
OG0000135	Thhalv10014935m.g	Caamp.1037s1131, Caamp.1040s0766
OG0000135	Thhalv10022898m.g	Caamp.0026s0645, Caamp.0190s1329
OG0000141	Thhalv10002886m.g	Caamp.1036s0059
OG0000141	Thhalv10015119m.g	Caamp.1036s0052, Caamp.1036s0060, Caamp.1037s0319
OG0000141	Thhalv10015118m.g, Thhalv10015117m.g	Caamp.1037s0320
OG0000141	Thhalv10015141m.g	Caamp.1036s0056, Caamp.1036s0064
OG0000146	Thhalv10006262m.g	Caamp.0023s0535
OG0000146	Thhalv10001656m.g	Caamp.0065s0145
OG0000146	Thhalv10008885m.g	Caamp.0188s0297, Caamp.0015s0113
OG0000146	Thhalv10014797m.g	Caamp.1041s1414
OG0000146	Thhalv10008884m.g	Caamp.0303s0872, Caamp.1036s0372, Caamp.1033s0175
OG0000147	Thhalv10027336m.g	Caamp.0090s0053
OG0000147	Thhalv10026878m.g	Caamp.0090s0051
OG0000147	Thhalv10009174m.g	Caamp.1035s1478, Caamp.0188s0985
OG0000147	Thhalv10006332m.g	Caamp.0065s0197
OG0000147	Thhalv10026652m.g	Caamp.0090s0050, Caamp.0095s0010, Caamp.0090s0048
OG0000147	Thhalv10027374m.g	Caamp.0095s0011, Caamp.0090s0049
OG0000148	Thhalv10023343m.g	Caamp.1039s0308, Caamp.0007s0436
OG0000148	Thhalv10012922m.g	Caamp.0105s1870
OG0000148	Thhalv10020258m.g	Caamp.0214s0178
OG0000148	Thhalv10002169m.g	Caamp.0078s0794
OG0000148	Thhalv10007031m.g	Caamp.0040s0176, Caamp.0188s0708
OG0000148	Thhalv10020257m.g	Caamp.1039s0476
OG0000149	Thhalv10017894m.g, Thhalv10002293m.g, Thhalv10029170m.g, Thhalv10017533m.g	Caamp.0013s0068
OG0000149	Thhalv10027506m.g, Thhalv10029396m.g, Thhalv10029517m.g, Thhalv10029266m.g, Thhalv10029154m.g, Thhalv10029470m.g, Thhalv10029145m.g, Thhalv10029437m.g, Thhalv10029520m.g, Thhalv10029317m.g	Caamp.0028s0022
OG0000149	Thhalv10016904m.g, Thhalv10017616m.g, Thhalv10017704m.g, Thhalv10016945m.g, Thhalv10017764m.g, Thhalv10017911m.g, Thhalv10017591m.g, Thhalv10017778m.g, Thhalv10017512m.g, Thhalv10017708m.g, Thhalv10017621m.g, Thhalv10017773m.g, Thhalv10017515m.g, Thhalv10017955m.g, Thhalv10015844m.g	Caamp.0105s0485
OG0000151	Thhalv10002388m.g	Caamp.0026s0278, Caamp.0097s0158, Caamp.0097s0219, Caamp.0097s0119, Caamp.0097s0217, Caamp.0097s0116, Caamp.0097s0127
OG0000151	Thhalv10000757m.g, Thhalv10001203m.g	Caamp.0076s0606
OG0000151	Thhalv10010090m.g	Caamp.0005s0073
OG0000151	Thhalv10012566m.g	Caamp.0005s0258, Caamp.0303s1249
OG0000152	Thhalv10009036m.g	Caamp.1033s0589, Caamp.1033s0590, Caamp.0078s0560, Caamp.0078s0558
OG0000152	Thhalv10009906m.g	Caamp.0078s0559, Caamp.0078s0570
OG0000152	Thhalv10009068m.g	Caamp.1033s0593, Caamp.0007s0002, Caamp.1033s0594
OG0000152	Thhalv10009049m.g, Thhalv10009531m.g	Caamp.0007s0001, Caamp.1033s0592
OG0000152	Thhalv10009028m.g, Thhalv10009397m.g	Caamp.0078s0571, Caamp.0078s0562, Caamp.1033s0588
OG0000153	Thhalv10014927m.g	Caamp.1040s0414, Caamp.1037s0773
OG0000153	Thhalv10014958m.g	Caamp.1037s0686
OG0000153	Thhalv10010811m.g	Caamp.0078s0476
OG0000154	Thhalv10022006m.g, Thhalv10021918m.g	Caamp.1037s1656
OG0000154	Thhalv10015889m.g, Thhalv10002911m.g	Caamp.0051s0210
OG0000154	Thhalv10003040m.g, Thhalv10002817m.g, Thhalv10002999m.g	Caamp.1039s0929
OG0000154	Thhalv10002867m.g, Thhalv10002981m.g, Thhalv10015770m.g, Thhalv10015418m.g, Thhalv10003000m.g, Thhalv10003050m.g, Thhalv10017637m.g, Thhalv10027013m.g, Thhalv10027003m.g, Thhalv10015377m.g, Thhalv10015387m.g	Caamp.1039s1571
OG0000155	Thhalv10022962m.g	Caamp.0190s1356
OG0000155	Thhalv10023198m.g	Caamp.0026s0610
OG0000155	Thhalv10027348m.g	Caamp.0094s0383, Caamp.0105s1043
OG0000155	Thhalv10027560m.g	Caamp.0094s0384
OG0000155	Thhalv10026047m.g	Caamp.0105s1042
OG0000157	Thhalv10021997m.g, Thhalv10029525m.g, Thhalv10015594m.g, Thhalv10029448m.g, Thhalv10029511m.g, Thhalv10011096m.g, Thhalv10027106m.g, Thhalv10021955m.g, Thhalv10019812m.g, Thhalv10023182m.g, Thhalv10003114m.g, Thhalv10015990m.g, Thhalv10027292m.g, Thhalv10003101m.g, Thhalv10015902m.g, Thhalv10023880m.g, Thhalv10019746m.g, Thhalv10000502m.g, Thhalv10002266m.g, Thhalv10019761m.g, Thhalv10023966m.g, Thhalv10003035m.g, Thhalv10003373m.g, Thhalv10002876m.g	Caamp.0034s0071
OG0000157	Thhalv10015545m.g, Thhalv10009813m.g, Thhalv10005571m.g, Thhalv10002270m.g, Thhalv10002320m.g, Thhalv10001219m.g, Thhalv10005449m.g, Thhalv10023178m.g, Thhalv10029261m.g, Thhalv10002824m.g	Caamp.0001s0339, Caamp.0010s0356
OG0000158	Thhalv10002848m.g	Caamp.1040s1453, Caamp.0030s0016, Caamp.0067s0011, Caamp.0039s0038, Caamp.0063s0019, Caamp.0069s0023, Caamp.0062s0002, Caamp.0130s0007, Caamp.0329s0001, Caamp.0011s0247, Caamp.0011s0248, Caamp.0165s0002, Caamp.0073s0001, Caamp.0170s0002, Caamp.0031s0011, Caamp.0019s0005, Caamp.0012s0060, Caamp.1037s1753, Caamp.0202s0002, Caamp.0029s0032, Caamp.0041s0010, Caamp.0118s0023, Caamp.0029s0029, Caamp.0041s0038, Caamp.0320s0002, Caamp.0097s0467, Caamp.0112s0020, Caamp.0012s0037, Caamp.0025s0063, Caamp.0017s0002, Caamp.0097s1006, Caamp.0114s0001, Caamp.0011s0219, Caamp.0073s0011, Caamp.0009s0070
OG0000159	Thhalv10015983m.g	Caamp.0303s1189
OG0000159	Thhalv10023989m.g, Thhalv10023349m.g	Caamp.0015s0345
OG0000159	Thhalv10023351m.g	Caamp.0015s0328
OG0000160	Thhalv10026296m.g	Caamp.0094s0308
OG0000160	Thhalv10026291m.g	Caamp.0105s1058
OG0000160	Thhalv10022857m.g	Caamp.0026s0646, Caamp.0190s1328
OG0000160	Thhalv10019171m.g	Caamp.0076s0464, Caamp.0006s0253
OG0000160	Thhalv10008827m.g	Caamp.0190s0006
OG0000160	Thhalv10022861m.g	Caamp.0095s1131, Caamp.0093s0172
OG0000163	Thhalv10017057m.g, Thhalv10017909m.g, Thhalv10017639m.g	Caamp.0066s0017
OG0000163	Thhalv10017823m.g	Caamp.0066s0018, Caamp.0051s0019
OG0000163	Thhalv10019371m.g	Caamp.0024s0455, Caamp.0056s0340
OG0000167	Thhalv10003399m.g	Caamp.0019s0071, Caamp.0012s0132, Caamp.0019s0072, Caamp.1035s1515
OG0000168	Thhalv10000609m.g, Thhalv10027466m.g, Thhalv10002326m.g, Thhalv10024129m.g, Thhalv10029405m.g, Thhalv10002835m.g, Thhalv10019721m.g, Thhalv10011157m.g, Thhalv10023022m.g, Thhalv10023819m.g, Thhalv10003494m.g, Thhalv10019636m.g, Thhalv10002209m.g	Caamp.0097s0835
OG0000170	Thhalv10027722m.g, Thhalv10028238m.g	Caamp.0094s0065
OG0000170	Thhalv10010970m.g	Caamp.0097s0099, Caamp.0005s0041
OG0000170	Thhalv10029295m.g	Caamp.1027s0113
OG0000170	Thhalv10000131m.g	Caamp.1039s0199, Caamp.0010s0288
OG0000170	Thhalv10026828m.g	Caamp.0094s0063, Caamp.0094s0064
OG0000170	Thhalv10027133m.g	Caamp.0094s0067
OG0000170	Thhalv10024958m.g	Caamp.0094s0066
OG0000171	Thhalv10002239m.g, Thhalv10002251m.g, Thhalv10002278m.g, Thhalv10002291m.g, Thhalv10002207m.g, Thhalv10002243m.g, Thhalv10002224m.g, Thhalv10002305m.g, Thhalv10002265m.g, Thhalv10002250m.g, Thhalv10002325m.g, Thhalv10002277m.g, Thhalv10002255m.g, Thhalv10002198m.g, Thhalv10002314m.g, Thhalv10002163m.g, Thhalv10002260m.g, Thhalv10002263m.g, Thhalv10002161m.g, Thhalv10002294m.g, Thhalv10002222m.g, Thhalv10002170m.g, Thhalv10002218m.g, Thhalv10002276m.g, Thhalv10002202m.g	Caamp.0081s0005, Caamp.0081s0006, Caamp.0081s0007, Caamp.0081s0004
OG0000173	Thhalv10028985m.g	Caamp.1040s0174
OG0000173	Thhalv10006249m.g	Caamp.0023s0550
OG0000173	Thhalv10008843m.g	Caamp.0052s0136, Caamp.0188s0097
OG0000173	Thhalv10002861m.g	Caamp.0065s0160
OG0000173	Thhalv10023704m.g, Thhalv10023657m.g	Caamp.0011s0092, Caamp.0011s0090, Caamp.0007s0494, Caamp.0007s0499
OG0000174	Thhalv10023237m.g, Thhalv10023945m.g	Caamp.0015s0064
OG0000174	Thhalv10023289m.g, Thhalv10023861m.g	Caamp.0097s0003
OG0000174	Thhalv10024072m.g	Caamp.0054s0031
OG0000174	Thhalv10023659m.g, Thhalv10024171m.g, Thhalv10012230m.g	Caamp.0026s0117
OG0000175	Thhalv10022545m.g, Thhalv10022404m.g, Thhalv10024295m.g, Thhalv10024211m.g, Thhalv10024234m.g, Thhalv10019540m.g, Thhalv10019468m.g, Thhalv10012489m.g	Caamp.0026s0641
OG0000180	Thhalv10000454m.g, Thhalv10000599m.g, Thhalv10000467m.g	Caamp.0010s0116
OG0000180	Thhalv10000550m.g	Caamp.0010s0117
OG0000180	Thhalv10029509m.g	Caamp.0102s0702
OG0000180	Thhalv10015830m.g, Thhalv10015464m.g	Caamp.1040s1202, Caamp.1040s1307, Caamp.1037s1641
OG0000180	Thhalv10009814m.g	Caamp.0084s0006, Caamp.1040s1308, Caamp.0013s0303
OG0000181	Thhalv10029161m.g, Thhalv10029379m.g, Thhalv10029399m.g	Caamp.0064s0475, Caamp.0071s0289, Caamp.0064s0464, Caamp.0064s0467, Caamp.0064s0479, Caamp.0064s0478, Caamp.0064s0456, Caamp.0064s0487, Caamp.0064s0473, Caamp.0064s0460, Caamp.0064s0461, Caamp.0064s0484, Caamp.0064s0488, Caamp.0064s0482, Caamp.0064s0458, Caamp.0064s0459, Caamp.0102s0968, Caamp.0102s0981, Caamp.0102s0974, Caamp.0102s0970, Caamp.0102s0979, Caamp.1033s0905
OG0000187	Thhalv10012389m.g, Thhalv10011354m.g, Thhalv10011355m.g	Caamp.0303s0583, Caamp.0303s0580, Caamp.0064s0514, Caamp.0064s0515, Caamp.0015s0109
OG0000187	Thhalv10015256m.g	Caamp.1037s1555, Caamp.1040s1214
OG0000187	Thhalv10009803m.g	Caamp.1041s0803
OG0000187	Thhalv10011352m.g	Caamp.0040s0254
OG0000192	Thhalv10026033m.g	Caamp.1027s0273
OG0000192	Thhalv10000698m.g	Caamp.0010s0259
OG0000194	Thhalv10001833m.g	Caamp.0007s0395, Caamp.1033s1004
OG0000194	Thhalv10019018m.g	Caamp.0006s0040, Caamp.0064s0149
OG0000194	Thhalv10028882m.g	Caamp.0028s0020
OG0000194	Thhalv10021346m.g	Caamp.0303s0423, Caamp.0214s0747
OG0000194	Thhalv10027892m.g	Caamp.1041s0833, Caamp.0097s0428
OG0000197	Thhalv10016300m.g	Caamp.0102s0117, Caamp.1031s0162
OG0000197	Thhalv10010146m.g	Caamp.0078s0554, Caamp.0095s0741
OG0000197	Thhalv10012786m.g	Caamp.1038s0126, Caamp.1041s1305
OG0000197	Thhalv10010176m.g	Caamp.0078s0555, Caamp.0095s0740
OG0000197	Thhalv10016295m.g	Caamp.0105s0743
OG0000197	Thhalv10010147m.g	Caamp.0095s0883
OG0000198	Thhalv10012832m.g	Caamp.1040s0782, Caamp.1037s1146
OG0000198	Thhalv10012817m.g	Caamp.1037s1442, Caamp.1040s1106
OG0000198	Thhalv10002229m.g	Caamp.0095s1297
OG0000198	Thhalv10024564m.g	Caamp.0028s0102
OG0000198	Thhalv10024561m.g	Caamp.0190s0366
OG0000199	Thhalv10013948m.g	Caamp.1037s0191, Caamp.1036s0189
OG0000199	Thhalv10021026m.g	Caamp.1039s0973, Caamp.0051s0239
OG0000199	Thhalv10011613m.g	Caamp.0097s0279, Caamp.0064s0667
OG0000199	Thhalv10027817m.g	Caamp.1036s0580, Caamp.0097s0820
OG0000199	Thhalv10018774m.g	Caamp.0002s0105, Caamp.0016s0005
OG0000200	Thhalv10016267m.g	Caamp.0105s0339
OG0000200	Thhalv10016266m.g	Caamp.0105s0340
OG0000200	Thhalv10016279m.g	Caamp.0105s0360
OG0000200	Thhalv10017694m.g, Thhalv10016323m.g, Thhalv10022625m.g, Thhalv10019617m.g	Caamp.0159s0031, Caamp.0013s0333
OG0000200	Thhalv10022855m.g	Caamp.0159s0030
OG0000201	Thhalv10028274m.g, Thhalv10028342m.g	Caamp.0152s0006
OG0000204	Thhalv10006141m.g	Caamp.0065s0065
OG0000204	Thhalv10025910m.g	Caamp.0003s0301, Caamp.0190s0681
OG0000204	Thhalv10008397m.g	Caamp.0188s1118
OG0000204	Thhalv10028860m.g	Caamp.0101s0124, Caamp.1040s0043
OG0000204	Thhalv10001573m.g	Caamp.1031s0754, Caamp.0018s0173
OG0000205	Thhalv10022368m.g, Thhalv10022189m.g, Thhalv10022288m.g, Thhalv10022163m.g	Caamp.0076s1222, Caamp.0076s1161, Caamp.0190s1274
OG0000205	Thhalv10022281m.g, Thhalv10022140m.g, Thhalv10021953m.g, Thhalv10022121m.g, Thhalv10022074m.g, Thhalv10021906m.g, Thhalv10022425m.g	Caamp.1033s0139, Caamp.1040s1427, Caamp.0076s1202
OG0000206	Thhalv10003060m.g	Caamp.1037s1764
OG0000207	Thhalv10024140m.g	Caamp.0266s0013
OG0000207	Thhalv10024118m.g	Caamp.0015s0302
OG0000208	Thhalv10011843m.g	Caamp.0002s0313, Caamp.0338s0012
OG0000209	Thhalv10028093m.g, Thhalv10001821m.g, Thhalv10012367m.g	Caamp.0306s0001
OG0000211	Thhalv10011087m.g	Caamp.0311s0027
OG0000212	Thhalv10010993m.g	Caamp.0311s0030
OG0000221	Thhalv10028291m.g	Caamp.1041s0174
OG0000221	Thhalv10028273m.g	Caamp.0120s0178, Caamp.0044s0027, Caamp.1041s0044
OG0000222	Thhalv10002984m.g, Thhalv10022025m.g	Caamp.0026s0178
OG0000222	Thhalv10013551m.g, Thhalv10012685m.g, Thhalv10014181m.g, Thhalv10016428m.g, Thhalv10029461m.g, Thhalv10028322m.g, Thhalv10025088m.g, Thhalv10024419m.g	Caamp.0002s0082
OG0000224	Thhalv10011116m.g	Caamp.0311s0021
OG0000231	Thhalv10002663m.g	Caamp.1037s0782, Caamp.1040s0423, Caamp.0005s0150, Caamp.0097s0214
OG0000231	Thhalv10021492m.g	Caamp.0214s0137, Caamp.0078s0839
OG0000231	Thhalv10014465m.g	Caamp.1038s0970, Caamp.0105s1770
OG0000231	Thhalv10010710m.g	Caamp.0095s0873, Caamp.0078s0479
OG0000248	Thhalv10003482m.g, Thhalv10001264m.g, Thhalv10012392m.g, Thhalv10003128m.g	Caamp.0101s0180, Caamp.0008s0192
OG0000249	Thhalv10023830m.g, Thhalv10009631m.g	Caamp.0056s0349, Caamp.0024s0465
OG0000249	Thhalv10028845m.g	Caamp.0102s0804
OG0000249	Thhalv10027905m.g	Caamp.1041s0187
OG0000249	Thhalv10029411m.g	Caamp.0078s0149
OG0000249	Thhalv10029275m.g	Caamp.1041s1701
OG0000250	Thhalv10001412m.g	Caamp.0018s0136, Caamp.0018s0137, Caamp.1031s0716
OG0000250	Thhalv10016531m.g	Caamp.1031s0715, Caamp.0018s0135, Caamp.0102s0852
OG0000250	Thhalv10010304m.g	Caamp.1031s0713, Caamp.0018s0134
OG0000251	Thhalv10017071m.g	Caamp.1031s0447
OG0000251	Thhalv10008254m.g	Caamp.0076s1519, Caamp.1031s0448
OG0000251	Thhalv10023954m.g, Thhalv10023572m.g, Thhalv10024153m.g, Thhalv10023616m.g, Thhalv10023996m.g, Thhalv10024005m.g	Caamp.0015s0123
OG0000251	Thhalv10023897m.g	Caamp.0015s0121, Caamp.0015s0104
OG0000253	Thhalv10015966m.g	Caamp.1038s0330, Caamp.1037s1283
OG0000253	Thhalv10015326m.g, Thhalv10023176m.g, Thhalv10016032m.g	Caamp.1040s0937
OG0000253	Thhalv10027075m.g, Thhalv10027810m.g, Thhalv10028315m.g	Caamp.0071s0251
OG0000254	Thhalv10022155m.g	Caamp.1039s1112, Caamp.0303s1152, Caamp.0051s0374, Caamp.0053s0001
OG0000254	Thhalv10019698m.g	Caamp.0058s0252
OG0000254	Thhalv10000277m.g	Caamp.0048s0031
OG0000254	Thhalv10022510m.g, Thhalv10014191m.g, Thhalv10015557m.g	Caamp.1040s0971, Caamp.1037s1303
OG0000263	Thhalv10025627m.g	Caamp.0003s0572, Caamp.0190s0965
OG0000263	Thhalv10025555m.g	Caamp.0003s0574
OG0000264	Thhalv10024155m.g	Caamp.0097s0695
OG0000264	Thhalv10026954m.g	Caamp.0097s0696
OG0000264	Thhalv10026889m.g	Caamp.0010s0315
OG0000266	Thhalv10028040m.g, Thhalv10019835m.g, Thhalv10018463m.g	Caamp.0064s0759, Caamp.0008s0182
OG0000266	Thhalv10019837m.g	Caamp.1033s1039
OG0000266	Thhalv10000551m.g, Thhalv10012036m.g, Thhalv10001211m.g, Thhalv10000813m.g	Caamp.0076s0743
OG0000266	Thhalv10011360m.g, Thhalv10012244m.g, Thhalv10012084m.g	Caamp.0064s0822
OG0000267	Thhalv10026432m.g	Caamp.0094s0421, Caamp.1027s0068, Caamp.0105s1083, Caamp.0190s1302
OG0000267	Thhalv10008949m.g	Caamp.0024s0011
OG0000268	Thhalv10028004m.g	Caamp.0190s1290, Caamp.0026s0685
OG0000268	Thhalv10026626m.g	Caamp.1027s0090, Caamp.0094s0043
OG0000269	Thhalv10005895m.g	Caamp.0095s0337
OG0000269	Thhalv10001416m.g	Caamp.0018s0040, Caamp.1031s0621
OG0000269	Thhalv10023359m.g, Thhalv10023064m.g	Caamp.0015s0018, Caamp.0015s0017, Caamp.0015s0016
OG0000270	Thhalv10019426m.g	Caamp.1036s0317
OG0000270	Thhalv10019509m.g, Thhalv10005269m.g, Thhalv10005483m.g, Thhalv10019337m.g, Thhalv10019338m.g, Thhalv10019830m.g, Thhalv10019601m.g, Thhalv10019664m.g, Thhalv10019422m.g	Caamp.1036s0321, Caamp.1036s0310, Caamp.1036s0315, Caamp.1036s0314, Caamp.1036s0312, Caamp.1036s0318, Caamp.1036s0316, Caamp.1036s0313, Caamp.1036s0319, Caamp.1036s0311, Caamp.1036s0320
OG0000271	Thhalv10013237m.g	Caamp.1037s0702
OG0000271	Thhalv10002793m.g	Caamp.0097s0153, Caamp.0005s0095
OG0000271	Thhalv10002919m.g	Caamp.0005s0094, Caamp.0097s0152
OG0000271	Thhalv10007342m.g, Thhalv10007338m.g	Caamp.0303s0571, Caamp.0303s0573, Caamp.0303s0572
OG0000272	Thhalv10025803m.g	Caamp.0094s0829, Caamp.1041s0419
OG0000272	Thhalv10014326m.g	Caamp.1040s0636, Caamp.1037s1003
OG0000272	Thhalv10025720m.g	Caamp.0190s0439, Caamp.0003s0077
OG0000272	Thhalv10025934m.g	Caamp.1041s0420
OG0000273	Thhalv10011856m.g	Caamp.0026s0148, Caamp.0064s0880, Caamp.0190s0200
OG0000273	Thhalv10026555m.g	Caamp.0190s0307
OG0000273	Thhalv10021749m.g	Caamp.0053s0098, Caamp.1039s1250
OG0000274	Thhalv10021533m.g	Caamp.0051s0095, Caamp.1039s0832
OG0000274	Thhalv10011782m.g	Caamp.1041s1950, Caamp.0037s0290
OG0000274	Thhalv10021531m.g	Caamp.1039s1072, Caamp.0051s0334
OG0000274	Thhalv10011767m.g	Caamp.1041s0757, Caamp.0064s0747
OG0000276	Thhalv10028300m.g	Caamp.0064s0365, Caamp.0436s0011, Caamp.0026s0704
OG0000289	Thhalv10000461m.g	Caamp.1039s0182, Caamp.0010s0305, Caamp.0044s0162, Caamp.0010s0303, Caamp.1039s0181, Caamp.1039s0166, Caamp.1039s0167
OG0000290	Thhalv10020887m.g	Caamp.0051s0202, Caamp.1039s0937
OG0000290	Thhalv10001487m.g	Caamp.1031s0853, Caamp.0018s0279
OG0000290	Thhalv10007845m.g	Caamp.0188s1027
OG0000290	Thhalv10027815m.g, Thhalv10028715m.g	Caamp.1037s0141, Caamp.1040s0150
OG0000290	Thhalv10016774m.g	Caamp.0102s0367, Caamp.0105s0696
OG0000291	Thhalv10023102m.g	Caamp.0026s0750
OG0000291	Thhalv10006462m.g	Caamp.0028s0179, Caamp.0102s0768
OG0000291	Thhalv10006436m.g, Thhalv10027744m.g, Thhalv10027779m.g	Caamp.0016s0112, Caamp.0049s0018, Caamp.0016s0111
OG0000292	Thhalv10017112m.g	Caamp.1031s0262
OG0000292	Thhalv10021377m.g	Caamp.0214s0038
OG0000292	Thhalv10014471m.g	Caamp.1038s1152, Caamp.0105s1946
OG0000292	Thhalv10006176m.g	Caamp.0099s0083, Caamp.0095s0656
OG0000293	Thhalv10010007m.g	Caamp.1033s0281, Caamp.0037s0570
OG0000293	Thhalv10004110m.g	Caamp.0044s0238, Caamp.1041s0891, Caamp.0120s0321
OG0000293	Thhalv10013414m.g	Caamp.0303s0468, Caamp.0214s0785, Caamp.1041s1487, Caamp.1036s0291
OG0000294	Thhalv10027093m.g	Caamp.0003s0515
OG0000294	Thhalv10027353m.g	Caamp.0190s0906, Caamp.0003s0514
OG0000294	Thhalv10027126m.g	Caamp.0003s0516
OG0000294	Thhalv10007336m.g	Caamp.0037s0580
OG0000294	Thhalv10007352m.g	Caamp.1033s0292
OG0000296	Thhalv10003477m.g, Thhalv10028029m.g, Thhalv10001272m.g, Thhalv10023188m.g, Thhalv10012231m.g, Thhalv10028344m.g	Caamp.1033s1080
OG0000297	Thhalv10004078m.g	Caamp.0120s0093
OG0000297	Thhalv10013314m.g	Caamp.1040s0662
OG0000297	Thhalv10004036m.g	Caamp.1035s1335, Caamp.1035s1333
OG0000298	Thhalv10020718m.g	Caamp.0064s0811
OG0000298	Thhalv10011471m.g	Caamp.0005s0032
OG0000298	Thhalv10013523m.g, Thhalv10013521m.g	Caamp.1037s0481, Caamp.1037s0480
OG0000298	Thhalv10000161m.g	Caamp.0096s0039
OG0000299	Thhalv10026589m.g	Caamp.1041s0502
OG0000299	Thhalv10002308m.g	Caamp.0095s1299
OG0000299	Thhalv10026587m.g	Caamp.0003s0034
OG0000299	Thhalv10015041m.g	Caamp.0190s0394, Caamp.1040s0717, Caamp.1037s1084
OG0000301	Thhalv10010892m.g, Thhalv10010894m.g	Caamp.0054s0061, Caamp.0054s0067
OG0000301	Thhalv10001841m.g, Thhalv10026741m.g	Caamp.0105s1173, Caamp.1039s0373, Caamp.0005s0015, Caamp.0097s0067, Caamp.0005s0009
OG0000302	Thhalv10002194m.g	Caamp.0058s0143, Caamp.0050s0026, Caamp.0061s0092, Caamp.0014s0037, Caamp.1039s0700, Caamp.0074s0006, Caamp.0028s0254
OG0000305	Thhalv10026685m.g	Caamp.0094s0570, Caamp.0078s0828, Caamp.0105s1231, Caamp.0105s1232, Caamp.0078s0829
OG0000306	Thhalv10025137m.g	Caamp.0022s0028, Caamp.0097s0498
OG0000306	Thhalv10027045m.g	Caamp.0097s0501
OG0000306	Thhalv10027015m.g	Caamp.0097s0500
OG0000306	Thhalv10024992m.g, Thhalv10027547m.g	Caamp.0022s0030
OG0000306	Thhalv10027217m.g, Thhalv10027049m.g, Thhalv10027528m.g	Caamp.0107s0014
OG0000308	Thhalv10019715m.g	Caamp.0303s0700
OG0000308	Thhalv10019689m.g	Caamp.0004s0306
OG0000308	Thhalv10028335m.g, Thhalv10028225m.g	Caamp.0097s0274
OG0000309	Thhalv10002195m.g	Caamp.0008s0061
OG0000313	Thhalv10018407m.g, Thhalv10019472m.g, Thhalv10018369m.g	Caamp.0120s0238, Caamp.0001s0236, Caamp.1035s0003, Caamp.0007s0553, Caamp.0058s0256, Caamp.0058s0239
OG0000314	Thhalv10013985m.g	Caamp.1041s1122, Caamp.1038s0312
OG0000314	Thhalv10004502m.g	Caamp.1035s0696
OG0000314	Thhalv10000222m.g	Caamp.1039s0430, Caamp.0010s0079
OG0000314	Thhalv10025602m.g	Caamp.0094s0642
OG0000316	Thhalv10008458m.g	Caamp.0046s0471, Caamp.0024s0005
OG0000316	Thhalv10000727m.g	Caamp.0059s0096
OG0000316	Thhalv10025877m.g	Caamp.1027s0055
OG0000316	Thhalv10018988m.g	Caamp.0076s0455, Caamp.0006s0266
OG0000317	Thhalv10001697m.g	Caamp.1031s0542
OG0000317	Thhalv10001746m.g	Caamp.1031s0541, Caamp.0076s1423
OG0000318	Thhalv10011224m.g	Caamp.0037s0321, Caamp.0037s0322
OG0000318	Thhalv10011227m.g, Thhalv10011248m.g, Thhalv10011230m.g	Caamp.1041s1921
OG0000318	Thhalv10020016m.g	Caamp.0053s0155
OG0000318	Thhalv10005586m.g, Thhalv10016227m.g, Thhalv10017541m.g	Caamp.1033s0379
OG0000319	Thhalv10002667m.g	Caamp.0026s0080
OG0000319	Thhalv10021532m.g	Caamp.0078s0624, Caamp.0214s0341
OG0000319	Thhalv10023853m.g	Caamp.0107s0023
OG0000319	Thhalv10004924m.g	Caamp.0120s0434, Caamp.1035s0983
OG0000320	Thhalv10009589m.g, Thhalv10007942m.g	Caamp.0078s0595
OG0000320	Thhalv10013918m.g	Caamp.1037s0820
OG0000320	Thhalv10015602m.g, Thhalv10027239m.g	Caamp.1037s1342
OG0000321	Thhalv10026531m.g	Caamp.0003s0419, Caamp.0190s0795
OG0000321	Thhalv10029077m.g	Caamp.1041s1762
OG0000321	Thhalv10023763m.g	Caamp.0303s1239
OG0000321	Thhalv10009130m.g	Caamp.0015s0256
OG0000322	Thhalv10024476m.g	Caamp.0190s0782, Caamp.0003s0411
OG0000322	Thhalv10028449m.g	Caamp.1041s1776, Caamp.0052s0387
OG0000322	Thhalv10023297m.g	Caamp.0303s1224
OG0000322	Thhalv10006870m.g	Caamp.0071s0200
OG0000323	Thhalv10011073m.g, Thhalv10028312m.g, Thhalv10009459m.g	Caamp.0120s0174
OG0000323	Thhalv10012265m.g	Caamp.0188s0562
OG0000323	Thhalv10026946m.g, Thhalv10007821m.g, Thhalv10009873m.g	Caamp.0052s0229
OG0000323	Thhalv10009591m.g, Thhalv10005403m.g	Caamp.0040s0024
OG0000323	Thhalv10017550m.g, Thhalv10000283m.g, Thhalv10010027m.g	Caamp.0071s0216
OG0000325	Thhalv10015487m.g, Thhalv10023232m.g	Caamp.0015s0156
OG0000325	Thhalv10023230m.g	Caamp.0007s0538
OG0000327	Thhalv10006585m.g	Caamp.0046s0270, Caamp.0024s0206
OG0000327	Thhalv10018024m.g	Caamp.0006s0532, Caamp.0076s0191
OG0000327	Thhalv10019918m.g	Caamp.0078s1211
OG0000327	Thhalv10011189m.g	Caamp.0046s0113, Caamp.0037s0109
OG0000331	Thhalv10001229m.g	Caamp.0076s0766
OG0000331	Thhalv10001234m.g	Caamp.0021s0006
OG0000331	Thhalv10003136m.g	Caamp.1033s0832, Caamp.0007s0220
OG0000332	Thhalv10001166m.g, Thhalv10000846m.g	Caamp.0076s0565
OG0000332	Thhalv10000843m.g	Caamp.0001s0261, Caamp.0076s0566
OG0000332	Thhalv10000844m.g, Thhalv10000841m.g, Thhalv10000851m.g	Caamp.0058s0274, Caamp.0076s0564
OG0000332	Thhalv10000840m.g, Thhalv10001137m.g	Caamp.0076s0563
OG0000334	Thhalv10013921m.g	Caamp.1038s0955
OG0000334	Thhalv10025556m.g	Caamp.0190s0370, Caamp.0003s0007
OG0000334	Thhalv10016856m.g	Caamp.0102s0401
OG0000334	Thhalv10010492m.g	Caamp.0095s0934, Caamp.0078s0358
OG0000335	Thhalv10017372m.g, Thhalv10021700m.g, Thhalv10010797m.g, Thhalv10014925m.g	Caamp.0095s0967, Caamp.0105s1528, Caamp.1038s0743, Caamp.0078s0978, Caamp.0078s0326, Caamp.0105s0631, Caamp.0102s0434, Caamp.0214s0002
OG0000336	Thhalv10000386m.g	Caamp.0026s0692, Caamp.0190s1285, Caamp.1027s0094, Caamp.0094s0048, Caamp.0059s0053
OG0000337	Thhalv10023633m.g, Thhalv10023768m.g, Thhalv10017049m.g	Caamp.0015s0035, Caamp.0054s0053
OG0000337	Thhalv10008441m.g	Caamp.0188s0350
OG0000337	Thhalv10006149m.g	Caamp.0023s0141, Caamp.0095s0527
OG0000338	Thhalv10005908m.g	Caamp.0065s0178, Caamp.0023s0564
OG0000338	Thhalv10006510m.g	Caamp.0023s0563
OG0000338	Thhalv10024994m.g	Caamp.0190s0787, Caamp.0003s0412
OG0000339	Thhalv10017953m.g	Caamp.0064s0066
OG0000339	Thhalv10008481m.g, Thhalv10008479m.g, Thhalv10008476m.g	Caamp.1033s0627, Caamp.1033s0625
OG0000340	Thhalv10019281m.g	Caamp.1036s0434
OG0000340	Thhalv10005078m.g	Caamp.0033s0036
OG0000340	Thhalv10008589m.g	Caamp.0188s0560
OG0000341	Thhalv10028748m.g	Caamp.1037s0070
OG0000341	Thhalv10024115m.g	Caamp.0054s0069
OG0000341	Thhalv10029467m.g	Caamp.1040s0158
OG0000341	Thhalv10028872m.g	Caamp.0015s0058
OG0000342	Thhalv10006560m.g	Caamp.0052s0097
OG0000342	Thhalv10023213m.g	Caamp.0011s0179, Caamp.0020s0060
OG0000342	Thhalv10006551m.g	Caamp.0024s0199, Caamp.0046s0277
OG0000342	Thhalv10012431m.g	Caamp.1037s0545
OG0000343	Thhalv10012292m.g	Caamp.0040s0192
OG0000343	Thhalv10015573m.g	Caamp.1040s0777
OG0000343	Thhalv10015928m.g	Caamp.1037s1139, Caamp.1040s0776
OG0000343	Thhalv10015456m.g	Caamp.1037s1140
OG0000344	Thhalv10009006m.g	Caamp.0056s0047
OG0000344	Thhalv10014917m.g	Caamp.1041s0965, Caamp.1038s0463
OG0000344	Thhalv10003334m.g	Caamp.0058s0151, Caamp.0058s0150
OG0000344	Thhalv10014919m.g	Caamp.0064s0406, Caamp.0064s0407
OG0000346	Thhalv10026186m.g, Thhalv10027914m.g	Caamp.1041s0866
OG0000346	Thhalv10027922m.g, Thhalv10027925m.g, Thhalv10027917m.g, Thhalv10027913m.g, Thhalv10027920m.g, Thhalv10028159m.g	Caamp.1041s0865, Caamp.1041s0864
OG0000346	Thhalv10027915m.g	Caamp.0044s0258, Caamp.0044s0257
OG0000348	Thhalv10008955m.g, Thhalv10008951m.g, Thhalv10023728m.g, Thhalv10023727m.g	Caamp.0188s0393, Caamp.0188s0129, Caamp.0052s0205, Caamp.0052s0179, Caamp.0007s0459, Caamp.0011s0041, Caamp.0011s0024, Caamp.0007s0435
OG0000349	Thhalv10006372m.g, Thhalv10003109m.g	Caamp.0095s0305
OG0000349	Thhalv10005294m.g, Thhalv10005305m.g	Caamp.0023s0365
OG0000360	Thhalv10017036m.g, Thhalv10022813m.g	Caamp.0102s0219, Caamp.1038s0651, Caamp.1040s0555
OG0000360	Thhalv10014163m.g	Caamp.1037s0922
OG0000360	Thhalv10014417m.g	Caamp.0105s1442
OG0000362	Thhalv10021535m.g	Caamp.0051s0149
OG0000362	Thhalv10026243m.g	Caamp.1039s0883
OG0000362	Thhalv10008661m.g	Caamp.0188s1008, Caamp.1035s1455
OG0000362	Thhalv10028960m.g	Caamp.1037s0176, Caamp.1040s0190
OG0000363	Thhalv10009971m.g, Thhalv10019708m.g, Thhalv10027836m.g	Caamp.1041s0163, Caamp.1036s0400
OG0000363	Thhalv10002899m.g	Caamp.0097s0245, Caamp.0078s0766, Caamp.0005s0181
OG0000364	Thhalv10018921m.g	Caamp.1036s0418, Caamp.0303s0912
OG0000364	Thhalv10008290m.g	Caamp.0052s0263, Caamp.0188s0318
OG0000364	Thhalv10023605m.g	Caamp.0015s0069, Caamp.0054s0083
OG0000365	Thhalv10012111m.g	Caamp.0046s0110, Caamp.0037s0104
OG0000365	Thhalv10003076m.g, Thhalv10002959m.g, Thhalv10002768m.g, Thhalv10003010m.g	Caamp.0008s0193, Caamp.1037s0034, Caamp.1040s0039, Caamp.0013s0122, Caamp.0013s0117, Caamp.0013s0124, Caamp.0013s0115, Caamp.0013s0120
OG0000366	Thhalv10015017m.g	Caamp.0052s0620, Caamp.1037s0521
OG0000366	Thhalv10026563m.g, Thhalv10029067m.g	Caamp.0003s0386, Caamp.0052s0367, Caamp.1041s1814, Caamp.0190s0756
OG0000367	Thhalv10015212m.g	Caamp.0190s0535
OG0000367	Thhalv10010887m.g	Caamp.0005s0361
OG0000367	Thhalv10026733m.g	Caamp.1040s1302, Caamp.0003s0139
OG0000368	Thhalv10018412m.g	Caamp.0076s0118, Caamp.0303s0748
OG0000368	Thhalv10015600m.g, Thhalv10023799m.g, Thhalv10023916m.g	Caamp.1038s0738, Caamp.1037s1742, Caamp.1037s1743, Caamp.1037s1659, Caamp.1037s1654, Caamp.0105s1522
OG0000369	Thhalv10006292m.g	Caamp.0015s0217
OG0000369	Thhalv10015390m.g	Caamp.1038s0231
OG0000369	Thhalv10015241m.g	Caamp.1038s0230
OG0000369	Thhalv10022076m.g	Caamp.1039s0910
OG0000369	Thhalv10022192m.g	Caamp.0051s0165, Caamp.1039s0899
OG0000369	Thhalv10022389m.g	Caamp.0051s0164
OG0000370	Thhalv10014018m.g	Caamp.1038s1046
OG0000370	Thhalv10025165m.g, Thhalv10015785m.g, Thhalv10017536m.g	Caamp.0097s0711
OG0000370	Thhalv10027555m.g	Caamp.0105s1021
OG0000370	Thhalv10027265m.g	Caamp.0022s0157
OG0000370	Thhalv10026908m.g	Caamp.0011s0031
OG0000371	Thhalv10020628m.g	Caamp.1039s1350, Caamp.0053s0190
OG0000371	Thhalv10020645m.g	Caamp.0053s0188, Caamp.1039s1349
OG0000371	Thhalv10025075m.g	Caamp.0022s0035
OG0000372	Thhalv10027813m.g	Caamp.0044s0156
OG0000372	Thhalv10027804m.g	Caamp.0044s0153
OG0000372	Thhalv10027820m.g	Caamp.0044s0158
OG0000372	Thhalv10027803m.g	Caamp.0044s0150, Caamp.1041s0173, Caamp.0044s0151, Caamp.0044s0152
OG0000373	Thhalv10011106m.g	Caamp.0078s0194, Caamp.0095s1089
OG0000373	Thhalv10022820m.g	Caamp.0095s1147
OG0000373	Thhalv10026029m.g	Caamp.0094s0292
OG0000378	Thhalv10011143m.g, Thhalv10010906m.g	Caamp.0026s0501
OG0000378	Thhalv10010280m.g	Caamp.0078s0094
OG0000391	Thhalv10003800m.g	Caamp.0120s0738, Caamp.1035s0670
OG0000391	Thhalv10000079m.g	Caamp.0010s0207, Caamp.1039s0268
OG0000391	Thhalv10012938m.g	Caamp.1038s0346, Caamp.1041s1088
OG0000392	Thhalv10002722m.g	Caamp.1037s0780
OG0000392	Thhalv10015007m.g	Caamp.1040s0421
OG0000392	Thhalv10017604m.g	Caamp.0024s0479, Caamp.0097s0213, Caamp.0102s0096
OG0000392	Thhalv10009092m.g	Caamp.0005s0149
OG0000395	Thhalv10028984m.g	Caamp.0102s0838, Caamp.0028s0124
OG0000395	Thhalv10029481m.g, Thhalv10008838m.g, Thhalv10008851m.g	Caamp.0007s0282, Caamp.1033s0894, Caamp.0058s0179
OG0000396	Thhalv10018462m.g	Caamp.0076s0473
OG0000396	Thhalv10007492m.g	Caamp.0046s0494, Caamp.0190s0022
OG0000396	Thhalv10025037m.g	Caamp.1027s0036
OG0000397	Thhalv10022880m.g	Caamp.0026s0662, Caamp.0190s1311
OG0000397	Thhalv10027585m.g	Caamp.0094s0407, Caamp.0105s1071
OG0000397	Thhalv10026397m.g	Caamp.1027s0052, Caamp.0016s0026
OG0000397	Thhalv10000350m.g	Caamp.1039s0018, Caamp.0059s0103
OG0000398	Thhalv10016192m.g	Caamp.0076s1505, Caamp.1031s0459
OG0000398	Thhalv10011967m.g	Caamp.0040s0220, Caamp.0037s0196
OG0000398	Thhalv10019997m.g	Caamp.0076s1361, Caamp.1039s0709
OG0000399	Thhalv10017938m.g	Caamp.1031s0471
OG0000400	Thhalv10001763m.g	Caamp.0018s0248
OG0000400	Thhalv10002773m.g	Caamp.0018s0250, Caamp.1031s0825, Caamp.1040s0735, Caamp.0018s0249
OG0000400	Thhalv10002834m.g, Thhalv10001364m.g	Caamp.1031s0826
OG0000401	Thhalv10001595m.g	Caamp.0018s0326, Caamp.1031s0898
OG0000401	Thhalv10026044m.g	Caamp.0003s0137, Caamp.0003s0135, Caamp.0190s0531, Caamp.0190s0529
OG0000403	Thhalv10022439m.g	Caamp.0214s0783, Caamp.0303s0466
OG0000403	Thhalv10015994m.g	Caamp.1038s0573
OG0000403	Thhalv10005090m.g	Caamp.0120s0936, Caamp.1035s0490
OG0000404	Thhalv10006143m.g	Caamp.0065s0201
OG0000404	Thhalv10004654m.g	Caamp.0120s0700
OG0000404	Thhalv10014246m.g	Caamp.1037s0690, Caamp.1040s0340
OG0000404	Thhalv10014400m.g	Caamp.1037s0377, Caamp.0105s0785
OG0000405	Thhalv10012222m.g, Thhalv10019658m.g, Thhalv10000587m.g, Thhalv10018064m.g	Caamp.1036s0389
OG0000405	Thhalv10011215m.g	Caamp.0046s0016
OG0000405	Thhalv10016175m.g	Caamp.0064s0386
OG0000406	Thhalv10007619m.g, Thhalv10007618m.g, Thhalv10007620m.g, Thhalv10013526m.g	Caamp.0052s0020, Caamp.0024s0502, Caamp.1037s0734, Caamp.0024s0504, Caamp.0052s0024, Caamp.1040s0379, Caamp.0013s0245
OG0000407	Thhalv10015540m.g	Caamp.1037s1107
OG0000407	Thhalv10028119m.g	Caamp.1040s0748
OG0000407	Thhalv10028200m.g	Caamp.0044s0284
OG0000409	Thhalv10008729m.g	Caamp.0056s0099, Caamp.0188s0830
OG0000409	Thhalv10017717m.g	Caamp.0013s0191, Caamp.0105s0307
OG0000409	Thhalv10008733m.g	Caamp.0056s0098, Caamp.0188s0831
OG0000409	Thhalv10017216m.g	Caamp.0105s0344
OG0000410	Thhalv10003187m.g, Thhalv10003340m.g, Thhalv10003182m.g, Thhalv10003186m.g, Thhalv10003184m.g, Thhalv10003336m.g	Caamp.0064s0374, Caamp.0064s0371, Caamp.0058s0178
OG0000410	Thhalv10003183m.g	Caamp.0058s0180
OG0000410	Thhalv10016483m.g	Caamp.0105s0322
OG0000411	Thhalv10026127m.g	Caamp.0094s0319, Caamp.0105s0976
OG0000411	Thhalv10022835m.g	Caamp.0093s0178, Caamp.0095s1125
OG0000411	Thhalv10004883m.g	Caamp.0033s0479, Caamp.0436s0030
OG0000412	Thhalv10016189m.g, Thhalv10016185m.g, Thhalv10016184m.g	Caamp.0066s0005, Caamp.0066s0004, Caamp.0013s0001, Caamp.0066s0003, Caamp.0051s0014
OG0000414	Thhalv10018618m.g	Caamp.0006s0656
OG0000414	Thhalv10018629m.g	Caamp.0006s0655, Caamp.0064s0065
OG0000414	Thhalv10018721m.g	Caamp.0006s0653, Caamp.0303s1166, Caamp.0015s0332, Caamp.0064s0067, Caamp.0006s0654
OG0000415	Thhalv10027693m.g	Caamp.0097s0851
OG0000415	Thhalv10003877m.g	Caamp.0077s0013, Caamp.0076s0974
OG0000415	Thhalv10007150m.g	Caamp.0188s0588
OG0000419	Thhalv10015932m.g	Caamp.0303s0708
OG0000420	Thhalv10001921m.g, Thhalv10001919m.g	Caamp.0034s0087, Caamp.0080s0003, Caamp.0034s0084
OG0000422	Thhalv10000535m.g, Thhalv10000662m.g, Thhalv10019395m.g	Caamp.0006s0256
OG0000422	Thhalv10019397m.g, Thhalv10019394m.g	Caamp.0006s0259
OG0000422	Thhalv10019398m.g, Thhalv10019399m.g	Caamp.0076s0463, Caamp.0006s0254
OG0000422	Thhalv10019396m.g	Caamp.0076s0462, Caamp.0006s0258
OG0000427	Thhalv10017854m.g	Caamp.0013s0217, Caamp.0013s0201, Caamp.0105s0222, Caamp.0105s0183, Caamp.0105s0234, Caamp.0094s0108, Caamp.0010s0101, Caamp.1039s0416, Caamp.1039s0415
OG0000428	Thhalv10000515m.g	Caamp.0010s0150
OG0000428	Thhalv10028050m.g, Thhalv10000111m.g	Caamp.1039s0328
OG0000428	Thhalv10028330m.g	Caamp.1039s0331, Caamp.1039s0329
OG0000429	Thhalv10027480m.g	Caamp.0097s0405
OG0000429	Thhalv10027310m.g	Caamp.0010s0203
OG0000430	Thhalv10005057m.g, Thhalv10010781m.g	Caamp.1035s0559, Caamp.0120s0848, Caamp.0026s0397, Caamp.0005s0388, Caamp.0010s0213, Caamp.1039s0263
OG0000433	Thhalv10016891m.g	Caamp.0013s0033, Caamp.0101s0017
OG0000433	Thhalv10014020m.g	Caamp.1037s0837, Caamp.1040s0474
OG0000433	Thhalv10002602m.g	Caamp.0005s0173, Caamp.0097s0234
OG0000434	Thhalv10002358m.g	Caamp.0101s0160, Caamp.0048s0035
OG0000435	Thhalv10017233m.g	Caamp.1031s0269, Caamp.0102s0017
OG0000435	Thhalv10017219m.g	Caamp.0102s0213
OG0000435	Thhalv10014647m.g	Caamp.0105s1590
OG0000436	Thhalv10016218m.g	Caamp.0105s0453, Caamp.0105s0452, Caamp.0102s0607, Caamp.0102s0609
OG0000436	Thhalv10006794m.g	Caamp.0078s0578, Caamp.1033s0578
OG0000437	Thhalv10027877m.g	Caamp.0044s0239
OG0000437	Thhalv10028214m.g	Caamp.0044s0242
OG0000437	Thhalv10028120m.g, Thhalv10028333m.g, Thhalv10028249m.g, Thhalv10028217m.g, Thhalv10028134m.g	Caamp.0044s0240, Caamp.0102s0906, Caamp.0102s0907, Caamp.1041s0889
OG0000439	Thhalv10003574m.g	Caamp.1035s0173
OG0000439	Thhalv10024277m.g	Caamp.1027s0101, Caamp.0094s0053
OG0000439	Thhalv10012521m.g	Caamp.1038s0432, Caamp.1041s0997
OG0000440	Thhalv10006445m.g, Thhalv10007378m.g	Caamp.0095s0548, Caamp.0023s0114
OG0000440	Thhalv10017666m.g	Caamp.0076s1601, Caamp.1031s0370
OG0000440	Thhalv10020488m.g	Caamp.0214s0250
OG0000441	Thhalv10005142m.g	Caamp.1035s1144, Caamp.0120s0279
OG0000441	Thhalv10019324m.g, Thhalv10009127m.g	Caamp.1033s0247, Caamp.0037s0532, Caamp.1036s0448, Caamp.1036s0453, Caamp.1036s0451
OG0000442	Thhalv10027950m.g	Caamp.0097s0783, Caamp.1036s0562
OG0000442	Thhalv10004984m.g	Caamp.0033s0341, Caamp.1035s0051
OG0000442	Thhalv10010752m.g	Caamp.0078s0071, Caamp.0026s0480
OG0000443	Thhalv10029221m.g, Thhalv10019497m.g	Caamp.0303s0867
OG0000443	Thhalv10029391m.g, Thhalv10028916m.g, Thhalv10027538m.g, Thhalv10006011m.g, Thhalv10019507m.g, Thhalv10018915m.g	Caamp.1035s0683, Caamp.1035s1424, Caamp.0190s0316, Caamp.0097s0563, Caamp.0097s0541, Caamp.0097s0562
OG0000444	Thhalv10013907m.g	Caamp.1036s0274, Caamp.1041s1506
OG0000444	Thhalv10022220m.g	Caamp.0078s0748
OG0000444	Thhalv10021014m.g	Caamp.0214s0770, Caamp.0303s0449
OG0000445	Thhalv10003315m.g, Thhalv10003426m.g, Thhalv10000432m.g, Thhalv10015908m.g, Thhalv10012100m.g	Caamp.0107s0004, Caamp.0061s0086, Caamp.0061s0091, Caamp.0107s0002, Caamp.0107s0003, Caamp.0061s0090, Caamp.0061s0089, Caamp.0107s0001, Caamp.0061s0087, Caamp.0061s0088, Caamp.1040s0376, Caamp.1037s0731
OG0000446	Thhalv10002704m.g	Caamp.0005s0146, Caamp.0097s0210
OG0000446	Thhalv10002714m.g	Caamp.0005s0145, Caamp.0097s0209
OG0000446	Thhalv10014975m.g	Caamp.1040s0417, Caamp.1037s0776
OG0000447	Thhalv10014233m.g	Caamp.1037s0881
OG0000447	Thhalv10002055m.g	Caamp.0060s0026, Caamp.0034s0066, Caamp.0060s0025
OG0000448	Thhalv10015262m.g	Caamp.0095s0659, Caamp.0099s0079
OG0000448	Thhalv10005870m.g	Caamp.0099s0080
OG0000448	Thhalv10015625m.g	Caamp.1037s1505, Caamp.1040s1168
OG0000449	Thhalv10010391m.g	Caamp.0095s0940, Caamp.0078s0352
OG0000449	Thhalv10013480m.g, Thhalv10015647m.g, Thhalv10015502m.g, Thhalv10015763m.g	Caamp.0105s1754, Caamp.1038s0960, Caamp.0078s0842
OG0000450	Thhalv10000069m.g	Caamp.1039s0348
OG0000450	Thhalv10024598m.g	Caamp.0003s0313
OG0000451	Thhalv10020232m.g	Caamp.1039s0864
OG0000451	Thhalv10020712m.g	Caamp.1039s0863
OG0000453	Thhalv10026577m.g	Caamp.0190s0392, Caamp.0003s0032
OG0000453	Thhalv10026574m.g	Caamp.0094s0908, Caamp.1041s0493
OG0000453	Thhalv10002122m.g	Caamp.0094s0910, Caamp.0093s0004, Caamp.0095s1304
OG0000454	Thhalv10023235m.g	Caamp.0015s0023, Caamp.0015s0033, Caamp.0015s0032, Caamp.0011s0086, Caamp.0015s0022, Caamp.0097s0007
OG0000459	Thhalv10007250m.g, Thhalv10023835m.g, Thhalv10024120m.g, Thhalv10023993m.g, Thhalv10023926m.g	Caamp.0015s0229
OG0000460	Thhalv10007945m.g	Caamp.0190s0089, Caamp.0046s0562, Caamp.0190s0090
OG0000460	Thhalv10002019m.g	Caamp.0008s0156
OG0000460	Thhalv10007957m.g, Thhalv10007964m.g	Caamp.0190s0088, Caamp.0046s0561
OG0000461	Thhalv10002442m.g	Caamp.0026s0208, Caamp.0026s0095, Caamp.0026s0140, Caamp.0026s0116
OG0000462	Thhalv10010942m.g, Thhalv10001134m.g, Thhalv10011080m.g, Thhalv10011044m.g, Thhalv10011009m.g, Thhalv10010425m.g	Caamp.0078s0037, Caamp.0026s0442, Caamp.0078s0038, Caamp.0026s0441, Caamp.0078s0035, Caamp.0026s0443
OG0000463	Thhalv10018813m.g	Caamp.0006s0410, Caamp.0076s0312
OG0000463	Thhalv10008073m.g	Caamp.0046s0355
OG0000463	Thhalv10023882m.g	Caamp.0303s1346
OG0000467	Thhalv10028053m.g	Caamp.0049s0038
OG0000468	Thhalv10012912m.g, Thhalv10000809m.g, Thhalv10003761m.g, Thhalv10003754m.g, Thhalv10003743m.g, Thhalv10003760m.g, Thhalv10005296m.g, Thhalv10005293m.g, Thhalv10005411m.g, Thhalv10003740m.g, Thhalv10029207m.g, Thhalv10012196m.g, Thhalv10012915m.g, Thhalv10009528m.g, Thhalv10009889m.g, Thhalv10007210m.g, Thhalv10002432m.g	Caamp.0054s0082
OG0000476	Thhalv10001041m.g	Caamp.0095s0434
OG0000476	Thhalv10026344m.g	Caamp.0190s1054
OG0000476	Thhalv10006260m.g	Caamp.0076s0703, Caamp.0001s0140
OG0000477	Thhalv10001972m.g	Caamp.0079s0086
OG0000477	Thhalv10027393m.g	Caamp.1041s0562
OG0000477	Thhalv10009907m.g, Thhalv10001237m.g	Caamp.0001s0180
OG0000477	Thhalv10001973m.g	Caamp.0095s1370
OG0000477	Thhalv10011092m.g	Caamp.0079s0087
OG0000478	Thhalv10024843m.g	Caamp.0001s0306
OG0000478	Thhalv10024630m.g	Caamp.0003s0317
OG0000478	Thhalv10000811m.g	Caamp.0190s0688
OG0000480	Thhalv10002975m.g, Thhalv10003408m.g, Thhalv10023964m.g, Thhalv10003372m.g, Thhalv10009967m.g, Thhalv10002771m.g, Thhalv10023140m.g, Thhalv10029129m.g, Thhalv10002173m.g	Caamp.0010s0095, Caamp.0026s0811, Caamp.0020s0031
OG0000482	Thhalv10017850m.g, Thhalv10017857m.g, Thhalv10017843m.g	Caamp.0013s0063
OG0000482	Thhalv10002859m.g	Caamp.0101s0067
OG0000484	Thhalv10021774m.g	Caamp.0078s0799, Caamp.0214s0174
OG0000484	Thhalv10015031m.g	Caamp.0105s1857
OG0000484	Thhalv10017429m.g	Caamp.1031s0166
OG0000484	Thhalv10010798m.g	Caamp.0102s0113
OG0000485	Thhalv10010772m.g	Caamp.0078s0493
OG0000485	Thhalv10014862m.g	Caamp.1040s0358
OG0000486	Thhalv10010598m.g	Caamp.0095s0891
OG0000486	Thhalv10017041m.g	Caamp.0102s0336
OG0000486	Thhalv10017874m.g	Caamp.0105s0725
OG0000487	Thhalv10017398m.g	Caamp.0105s0367, Caamp.0056s0072, Caamp.0214s0585, Caamp.0188s0857, Caamp.1033s0640, Caamp.0102s0692, Caamp.0303s0253
OG0000488	Thhalv10028682m.g, Thhalv10029246m.g, Thhalv10029310m.g, Thhalv10029125m.g, Thhalv10027198m.g	Caamp.0028s0165
OG0000488	Thhalv10028610m.g, Thhalv10029390m.g, Thhalv10029234m.g	Caamp.0102s0788, Caamp.0102s0762
OG0000490	Thhalv10000016m.g	Caamp.0094s0070, Caamp.1027s0137, Caamp.1027s0119, Caamp.1027s0118
OG0000490	Thhalv10024239m.g	Caamp.1039s0045, Caamp.0059s0079
OG0000491	Thhalv10029302m.g, Thhalv10029408m.g, Thhalv10025580m.g	Caamp.0094s0117
OG0000491	Thhalv10004132m.g, Thhalv10005562m.g, Thhalv10005688m.g, Thhalv10022697m.g, Thhalv10026874m.g	Caamp.0190s0455, Caamp.1027s0193
OG0000491	Thhalv10027306m.g	Caamp.1037s1254
OG0000492	Thhalv10001722m.g	Caamp.1031s0612
OG0000492	Thhalv10028088m.g, Thhalv10027787m.g	Caamp.0095s1258
OG0000493	Thhalv10001756m.g	Caamp.1031s0622, Caamp.0018s0041
OG0000493	Thhalv10001770m.g	Caamp.1031s0623
OG0000493	Thhalv10018387m.g, Thhalv10001744m.g	Caamp.1031s0624
OG0000493	Thhalv10005858m.g	Caamp.0095s0336
OG0000494	Thhalv10005750m.g	Caamp.0023s0523, Caamp.0065s0135
OG0000494	Thhalv10029280m.g	Caamp.1040s0148
OG0000494	Thhalv10001285m.g	Caamp.0018s0271, Caamp.1031s0846
OG0000495	Thhalv10005136m.g	Caamp.0033s0022, Caamp.1035s0378
OG0000495	Thhalv10010823m.g	Caamp.0005s0240, Caamp.0026s0259
OG0000495	Thhalv10015032m.g	Caamp.1037s1542, Caamp.1040s1203
OG0000496	Thhalv10027882m.g	Caamp.0044s0094
OG0000496	Thhalv10004748m.g	Caamp.1035s1246, Caamp.0120s0177
OG0000496	Thhalv10015345m.g	Caamp.1041s0110
OG0000497	Thhalv10001383m.g	Caamp.0018s0312
OG0000497	Thhalv10028558m.g	Caamp.1037s0164
OG0000497	Thhalv10005872m.g	Caamp.0023s0551, Caamp.0065s0161
OG0000498	Thhalv10025781m.g	Caamp.0003s0053, Caamp.0190s0417
OG0000498	Thhalv10026803m.g	Caamp.0003s0052
OG0000498	Thhalv10014171m.g	Caamp.1037s0307
OG0000499	Thhalv10010964m.g	Caamp.1037s0740
OG0000499	Thhalv10002427m.g	Caamp.0097s0176
OG0000499	Thhalv10012851m.g	Caamp.1037s0744
OG0000499	Thhalv10002842m.g	Caamp.0005s0111
OG0000500	Thhalv10002662m.g	Caamp.0005s0201, Caamp.0097s0270
OG0000500	Thhalv10008748m.g	Caamp.0024s0451, Caamp.0056s0334
OG0000500	Thhalv10014634m.g	Caamp.1040s0487, Caamp.1037s0847
OG0000501	Thhalv10014065m.g, Thhalv10013168m.g, Thhalv10013084m.g	Caamp.1038s0498, Caamp.1038s0499, Caamp.1041s0931, Caamp.1041s0929, Caamp.1041s0928, Caamp.1038s0500
OG0000502	Thhalv10023012m.g	Caamp.0008s0134
OG0000502	Thhalv10028447m.g	Caamp.0190s1170
OG0000503	Thhalv10011217m.g	Caamp.1041s1962, Caamp.0037s0277
OG0000503	Thhalv10020009m.g	Caamp.0105s0083, Caamp.1039s0821
OG0000504	Thhalv10023848m.g	Caamp.0303s1054, Caamp.1039s1255, Caamp.0038s0005
OG0000505	Thhalv10017072m.g	Caamp.0066s0067, Caamp.0051s0063
OG0000505	Thhalv10014632m.g	Caamp.1040s0536
OG0000505	Thhalv10008685m.g	Caamp.0024s0428, Caamp.0056s0311
OG0000506	Thhalv10003130m.g	Caamp.0058s0220, Caamp.0076s0509
OG0000506	Thhalv10006554m.g	Caamp.0056s0037
OG0000506	Thhalv10024210m.g	Caamp.1041s0563, Caamp.0094s0977
OG0000507	Thhalv10022981m.g, Thhalv10026863m.g, Thhalv10002303m.g, Thhalv10002323m.g, Thhalv10015876m.g, Thhalv10023973m.g, Thhalv10002178m.g, Thhalv10012177m.g	Caamp.0011s0072
OG0000508	Thhalv10001184m.g, Thhalv10002470m.g, Thhalv10003945m.g, Thhalv10003954m.g	Caamp.0120s0671, Caamp.0190s1176, Caamp.0022s0073, Caamp.0011s0158, Caamp.0011s0162
OG0000509	Thhalv10024091m.g	Caamp.0015s0204
OG0000510	Thhalv10023852m.g, Thhalv10023836m.g	Caamp.0303s1289
OG0000510	Thhalv10023285m.g	Caamp.0015s0210
OG0000512	Thhalv10018772m.g	Caamp.0006s0024
OG0000512	Thhalv10008010m.g	Caamp.0046s0228
OG0000512	Thhalv10025577m.g	Caamp.0190s0496, Caamp.0003s0123
OG0000513	Thhalv10024544m.g	Caamp.0190s0594
OG0000513	Thhalv10024543m.g	Caamp.0003s0209, Caamp.0190s0593, Caamp.0190s0595, Caamp.0003s0210
OG0000514	Thhalv10022598m.g	Caamp.0190s1158
OG0000514	Thhalv10022594m.g	Caamp.0190s1154, Caamp.0026s0787, Caamp.0026s0783
OG0000515	Thhalv10012025m.g, Thhalv10011525m.g, Thhalv10008003m.g	Caamp.0046s0080
OG0000515	Thhalv10005397m.g	Caamp.0214s0012
OG0000515	Thhalv10029357m.g, Thhalv10023110m.g, Thhalv10009896m.g, Thhalv10010895m.g, Thhalv10019662m.g, Thhalv10019684m.g, Thhalv10019615m.g, Thhalv10019649m.g	Caamp.0005s0074
OG0000516	Thhalv10006911m.g	Caamp.0024s0390
OG0000517	Thhalv10011941m.g	Caamp.0097s1063, Caamp.0303s1036
OG0000518	Thhalv10017684m.g	Caamp.0066s0012
OG0000518	Thhalv10004415m.g	Caamp.0436s0043, Caamp.0033s0490
OG0000519	Thhalv10015694m.g	Caamp.0040s0283
OG0000520	Thhalv10028504m.g	Caamp.0052s0397
OG0000521	Thhalv10000468m.g, Thhalv10000643m.g, Thhalv10023641m.g, Thhalv10017821m.g	Caamp.0079s0025
OG0000523	Thhalv10028190m.g	Caamp.0097s0780, Caamp.0097s0455, Caamp.0097s0781
OG0000523	Thhalv10028143m.g	Caamp.0097s0812
OG0000530	Thhalv10026868m.g	Caamp.0190s0975
OG0000530	Thhalv10012020m.g	Caamp.0044s0105
OG0000530	Thhalv10027481m.g	Caamp.0003s0585
OG0000530	Thhalv10027069m.g	Caamp.0190s0978, Caamp.0190s0977
OG0000530	Thhalv10026830m.g	Caamp.0003s0584, Caamp.0190s0976
OG0000531	Thhalv10002785m.g	Caamp.0026s0006
OG0000531	Thhalv10026728m.g	Caamp.0001s0334, Caamp.0010s0342, Caamp.1039s1558
OG0000531	Thhalv10026730m.g	Caamp.0061s0030, Caamp.0001s0267
OG0000532	Thhalv10017029m.g	Caamp.0051s0033
OG0000532	Thhalv10017001m.g	Caamp.0102s0254, Caamp.1031s0027
OG0000532	Thhalv10010600m.g	Caamp.0066s0030
OG0000533	Thhalv10016558m.g	Caamp.0102s0374, Caamp.0102s0376, Caamp.0105s0688
OG0000533	Thhalv10017544m.g	Caamp.0105s0686
OG0000533	Thhalv10016560m.g	Caamp.0102s0375, Caamp.0105s0685
OG0000534	Thhalv10010818m.g	Caamp.0095s0966
OG0000534	Thhalv10017417m.g	Caamp.0078s0977, Caamp.0214s0001
OG0000537	Thhalv10016536m.g	Caamp.1031s0474, Caamp.0076s1489
OG0000537	Thhalv10006483m.g	Caamp.0023s0236
OG0000537	Thhalv10005906m.g	Caamp.0023s0237
OG0000538	Thhalv10001612m.g	Caamp.1031s0577
OG0000538	Thhalv10001619m.g	Caamp.0076s1394, Caamp.1031s0578
OG0000538	Thhalv10001708m.g	Caamp.0076s1395
OG0000539	Thhalv10001317m.g	Caamp.0018s0153, Caamp.1031s0734
OG0000539	Thhalv10005786m.g	Caamp.0023s0419, Caamp.0065s0041
OG0000539	Thhalv10028440m.g	Caamp.1037s0053
OG0000540	Thhalv10028550m.g	Caamp.1037s0035, Caamp.1040s0040
OG0000540	Thhalv10007350m.g	Caamp.0188s1116, Caamp.0275s0065
OG0000540	Thhalv10001389m.g	Caamp.1031s0755, Caamp.0018s0174
OG0000541	Thhalv10001628m.g	Caamp.1031s0834, Caamp.0018s0259
OG0000541	Thhalv10008767m.g	Caamp.1035s1421, Caamp.0188s1060
OG0000541	Thhalv10028951m.g	Caamp.1037s0116, Caamp.1040s0128
OG0000542	Thhalv10016035m.g, Thhalv10015738m.g	Caamp.0022s0151
OG0000542	Thhalv10001210m.g	Caamp.1031s0842, Caamp.0034s0092
OG0000542	Thhalv10009690m.g, Thhalv10027384m.g, Thhalv10011042m.g	Caamp.0078s0006
OG0000543	Thhalv10009009m.g, Thhalv10019501m.g	Caamp.0303s0866, Caamp.1036s0366
OG0000543	Thhalv10019184m.g	Caamp.1036s0367
OG0000543	Thhalv10008711m.g	Caamp.0037s0450, Caamp.1033s0167
OG0000544	Thhalv10003886m.g	Caamp.1035s1378, Caamp.0120s0058
OG0000544	Thhalv10007162m.g	Caamp.0037s0619, Caamp.1033s0330
OG0000544	Thhalv10007164m.g	Caamp.0188s0470
OG0000545	Thhalv10005213m.g	Caamp.0078s0458, Caamp.0095s0851
OG0000545	Thhalv10011086m.g	Caamp.1035s1226
OG0000545	Thhalv10005214m.g	Caamp.1035s0821, Caamp.0120s0582
OG0000546	Thhalv10003936m.g	Caamp.1035s1167, Caamp.0120s0256
OG0000546	Thhalv10005338m.g	Caamp.0120s0259
OG0000546	Thhalv10005409m.g	Caamp.1035s1166
OG0000547	Thhalv10008958m.g	Caamp.0037s0426, Caamp.0037s0425
OG0000547	Thhalv10019117m.g	Caamp.0303s0837
OG0000548	Thhalv10015631m.g	Caamp.1037s0876, Caamp.1037s0877
OG0000548	Thhalv10012780m.g	Caamp.1040s0484, Caamp.1037s0850
OG0000549	Thhalv10015773m.g, Thhalv10013448m.g	Caamp.1037s1143, Caamp.1040s0780
OG0000549	Thhalv10011455m.g	Caamp.0046s0047
OG0000549	Thhalv10025112m.g	Caamp.0190s0371, Caamp.0003s0008
OG0000550	Thhalv10016070m.g, Thhalv10013536m.g	Caamp.1040s1414, Caamp.1040s0983, Caamp.1037s1312
OG0000551	Thhalv10020743m.g	Caamp.0214s0094
OG0000551	Thhalv10018572m.g	Caamp.0076s0236
OG0000551	Thhalv10013495m.g, Thhalv10015511m.g	Caamp.1037s1460
OG0000551	Thhalv10022069m.g, Thhalv10007675m.g	Caamp.0007s0098
OG0000552	Thhalv10017796m.g	Caamp.0066s0051, Caamp.0002s0160, Caamp.1040s1393, Caamp.1040s1457, Caamp.1040s1395, Caamp.1040s1391, Caamp.1040s1398, Caamp.1040s1394, Caamp.1040s1397, Caamp.1040s1400, Caamp.1040s1399, Caamp.1040s1401, Caamp.1040s1396, Caamp.1037s1691, Caamp.1037s1690
OG0000554	Thhalv10013397m.g	Caamp.1041s1227, Caamp.1038s0196, Caamp.1041s1228
OG0000554	Thhalv10015275m.g	Caamp.0058s0005
OG0000554	Thhalv10015406m.g, Thhalv10015825m.g	Caamp.1040s1042
OG0000555	Thhalv10021735m.g, Thhalv10021731m.g	Caamp.0078s0903
OG0000555	Thhalv10014973m.g	Caamp.0105s1516, Caamp.1038s0730
OG0000555	Thhalv10003052m.g	Caamp.0105s1651
OG0000556	Thhalv10000096m.g	Caamp.0303s1362
OG0000556	Thhalv10000100m.g	Caamp.1039s0077
OG0000556	Thhalv10016584m.g, Thhalv10016296m.g, Thhalv10017722m.g	Caamp.0066s0100, Caamp.0059s0016
OG0000557	Thhalv10007095m.g	Caamp.0188s0401
OG0000557	Thhalv10002441m.g, Thhalv10020312m.g, Thhalv10007258m.g	Caamp.0071s0133
OG0000557	Thhalv10007046m.g, Thhalv10007048m.g	Caamp.0071s0139, Caamp.0188s0416
OG0000559	Thhalv10008592m.g	Caamp.0079s0069
OG0000559	Thhalv10008384m.g	Caamp.0188s0914
OG0000559	Thhalv10025900m.g	Caamp.0094s0995, Caamp.1041s0585
OG0000560	Thhalv10012352m.g, Thhalv10012108m.g	Caamp.0190s0185, Caamp.1041s0639
OG0000560	Thhalv10011400m.g, Thhalv10011399m.g, Thhalv10000681m.g, Thhalv10011390m.g, Thhalv10012086m.g	Caamp.0004s0102, Caamp.0064s0865
OG0000561	Thhalv10011663m.g	Caamp.1041s0722, Caamp.0064s0780
OG0000561	Thhalv10012216m.g	Caamp.0064s0778
OG0000561	Thhalv10011580m.g	Caamp.0064s0779
OG0000562	Thhalv10023072m.g	Caamp.0064s0501, Caamp.0190s1279, Caamp.0026s0696
OG0000562	Thhalv10012209m.g	Caamp.1041s1874, Caamp.0064s0750, Caamp.1041s0754
OG0000563	Thhalv10012211m.g	Caamp.1041s0786, Caamp.0064s0714
OG0000564	Thhalv10005615m.g	Caamp.0120s0329
OG0000564	Thhalv10004190m.g, Thhalv10028123m.g	Caamp.0044s0253, Caamp.1041s0880
OG0000565	Thhalv10026190m.g, Thhalv10027916m.g	Caamp.0044s0252
OG0000565	Thhalv10028158m.g	Caamp.1041s0882
OG0000565	Thhalv10021469m.g	Caamp.0214s0445
OG0000565	Thhalv10027918m.g	Caamp.1041s0883
OG0000569	Thhalv10022239m.g, Thhalv10017745m.g, Thhalv10002853m.g	Caamp.0129s0051, Caamp.0095s0281
OG0000570	Thhalv10008208m.g	Caamp.0188s0122, Caamp.0052s0170
OG0000570	Thhalv10017842m.g, Thhalv10019826m.g	Caamp.0303s1017
OG0000570	Thhalv10008138m.g	Caamp.0052s0168, Caamp.0052s0169
OG0000571	Thhalv10022636m.g	Caamp.0026s0741, Caamp.0005s0261, Caamp.0190s1225
OG0000571	Thhalv10009946m.g	Caamp.0188s0528
OG0000571	Thhalv10007297m.g	Caamp.0188s0527
OG0000572	Thhalv10008185m.g	Caamp.0056s0220
OG0000572	Thhalv10008191m.g	Caamp.0056s0243
OG0000572	Thhalv10008319m.g, Thhalv10008320m.g	Caamp.0024s0360
OG0000572	Thhalv10008299m.g	Caamp.0024s0333, Caamp.0056s0219
OG0000573	Thhalv10006148m.g	Caamp.0023s0362
OG0000573	Thhalv10006161m.g	Caamp.0095s0307, Caamp.0023s0363
OG0000573	Thhalv10006156m.g	Caamp.0023s0361
OG0000574	Thhalv10017956m.g	Caamp.0058s0053, Caamp.0089s0025, Caamp.0058s0050, Caamp.0026s0209
OG0000575	Thhalv10010213m.g	Caamp.0005s0220
OG0000575	Thhalv10010212m.g	Caamp.0026s0248
OG0000575	Thhalv10010219m.g	Caamp.0005s0222
OG0000578	Thhalv10020898m.g	Caamp.0076s1298
OG0000578	Thhalv10011563m.g	Caamp.0046s0149, Caamp.0037s0136
OG0000578	Thhalv10011623m.g	Caamp.0046s0132
OG0000579	Thhalv10010504m.g, Thhalv10010499m.g	Caamp.0097s0092
OG0000579	Thhalv10023557m.g	Caamp.0005s0035, Caamp.0097s0091, Caamp.0097s0090
OG0000581	Thhalv10010852m.g, Thhalv10028346m.g, Thhalv10028000m.g	Caamp.0097s0449, Caamp.0097s0451, Caamp.0097s0450, Caamp.0097s0766
OG0000581	Thhalv10028232m.g	Caamp.0097s0768
OG0000581	Thhalv10028094m.g	Caamp.0052s0005
OG0000583	Thhalv10004854m.g, Thhalv10026793m.g	Caamp.0076s0999
OG0000583	Thhalv10004729m.g, Thhalv10005433m.g	Caamp.0077s0033, Caamp.0058s0248, Caamp.0076s0998
OG0000584	Thhalv10028216m.g	Caamp.0068s0051
OG0000585	Thhalv10010468m.g, Thhalv10010466m.g	Caamp.0095s1111
OG0000585	Thhalv10011047m.g	Caamp.0078s0165
OG0000585	Thhalv10010461m.g	Caamp.0095s1110
OG0000586	Thhalv10010309m.g, Thhalv10010307m.g	Caamp.0078s0506
OG0000593	Thhalv10016040m.g	Caamp.1038s0637, Caamp.0001s0354, Caamp.0001s0349, Caamp.0001s0351, Caamp.0001s0350, Caamp.0001s0352, Caamp.0105s1428, Caamp.0001s0353
OG0000594	Thhalv10018258m.g	Caamp.0010s0031, Caamp.0023s0188
OG0000594	Thhalv10001335m.g	Caamp.1031s0797
OG0000594	Thhalv10001345m.g	Caamp.0018s0215
OG0000594	Thhalv10002457m.g	Caamp.0012s0080, Caamp.0190s1224
OG0000595	Thhalv10023766m.g	Caamp.0101s0113
OG0000595	Thhalv10017442m.g	Caamp.0101s0117, Caamp.0097s0745, Caamp.0097s0746, Caamp.0055s0024
OG0000596	Thhalv10013502m.g, Thhalv10013474m.g	Caamp.1040s0690, Caamp.0013s0150, Caamp.0101s0196, Caamp.0044s0203
OG0000596	Thhalv10013648m.g	Caamp.0120s0600, Caamp.1035s0803
OG0000597	Thhalv10017366m.g	Caamp.0095s0724, Caamp.1031s0175, Caamp.0102s0104
OG0000597	Thhalv10015923m.g	Caamp.1040s0433, Caamp.1037s0793
OG0000597	Thhalv10010790m.g	Caamp.0099s0007
OG0000599	Thhalv10017333m.g	Caamp.0102s0509, Caamp.0105s0561
OG0000599	Thhalv10008944m.g	Caamp.1033s0848, Caamp.0007s0235
OG0000600	Thhalv10006264m.g, Thhalv10027969m.g	Caamp.0102s0758
OG0000601	Thhalv10024570m.g	Caamp.0190s0618, Caamp.0003s0233
OG0000601	Thhalv10028480m.g	Caamp.0102s0816, Caamp.0028s0143
OG0000603	Thhalv10006664m.g	Caamp.0070s0078, Caamp.1033s0460
OG0000603	Thhalv10024301m.g	Caamp.1027s0214, Caamp.0094s0177
OG0000603	Thhalv10000029m.g	Caamp.1039s0178
OG0000604	Thhalv10001670m.g	Caamp.0018s0114
OG0000604	Thhalv10006293m.g	Caamp.1031s0697
OG0000604	Thhalv10029042m.g	Caamp.0023s0393, Caamp.0065s0018, Caamp.1037s0011, Caamp.1040s0017
OG0000605	Thhalv10006345m.g, Thhalv10009228m.g	Caamp.0023s0415
OG0000605	Thhalv10001700m.g	Caamp.1031s0729
OG0000606	Thhalv10001385m.g	Caamp.1031s0782
OG0000606	Thhalv10028626m.g	Caamp.0023s0469, Caamp.0023s0468, Caamp.1037s0074
OG0000606	Thhalv10005840m.g	Caamp.0065s0081, Caamp.0023s0467
OG0000607	Thhalv10009957m.g	Caamp.1033s0078
OG0000607	Thhalv10007489m.g, Thhalv10007502m.g	Caamp.1033s0075
OG0000607	Thhalv10007499m.g	Caamp.0037s0359
OG0000608	Thhalv10024646m.g	Caamp.1033s0911, Caamp.1033s0952, Caamp.1033s0950, Caamp.0002s0030
OG0000608	Thhalv10012175m.g, Thhalv10027008m.g	Caamp.0095s0055
OG0000609	Thhalv10007598m.g, Thhalv10010003m.g, Thhalv10007627m.g, Thhalv10001853m.g, Thhalv10009576m.g	Caamp.0007s0313
OG0000609	Thhalv10009786m.g, Thhalv10001857m.g, Thhalv10009975m.g	Caamp.1033s1047
OG0000610	Thhalv10019718m.g, Thhalv10009948m.g, Thhalv10005348m.g, Thhalv10029505m.g, Thhalv10026798m.g, Thhalv10017861m.g, Thhalv10029211m.g, Thhalv10006382m.g, Thhalv10019607m.g, Thhalv10024110m.g, Thhalv10019699m.g, Thhalv10026463m.g	Caamp.0058s0170
OG0000610	Thhalv10029298m.g	Caamp.1033s1035
OG0000611	Thhalv10013327m.g	Caamp.1038s0397, Caamp.1041s1034
OG0000611	Thhalv10004018m.g	Caamp.1035s0150
OG0000612	Thhalv10003911m.g	Caamp.1035s0563, Caamp.0120s0853
OG0000612	Thhalv10010238m.g	Caamp.0005s0382, Caamp.0026s0390
OG0000613	Thhalv10003882m.g	Caamp.0120s0679, Caamp.1035s0730
OG0000613	Thhalv10001940m.g	Caamp.0079s0018
OG0000613	Thhalv10013057m.g	Caamp.1041s1160, Caamp.1038s0271
OG0000614	Thhalv10011387m.g	Caamp.0046s0018, Caamp.0037s0016
OG0000614	Thhalv10020558m.g	Caamp.0078s1066, Caamp.1039s0505
OG0000614	Thhalv10004082m.g	Caamp.1035s1110
OG0000616	Thhalv10012733m.g	Caamp.1041s1432, Caamp.1038s0004
OG0000616	Thhalv10018152m.g	Caamp.1036s0388, Caamp.0303s0884
OG0000617	Thhalv10028588m.g	Caamp.1040s0058, Caamp.1037s0047
OG0000617	Thhalv10001405m.g	Caamp.0018s0160
OG0000617	Thhalv10005922m.g	Caamp.0023s0434, Caamp.0065s0052
OG0000618	Thhalv10012963m.g	Caamp.0052s0552, Caamp.1037s0588
OG0000618	Thhalv10015493m.g	Caamp.1037s0587
OG0000618	Thhalv10012900m.g	Caamp.1038s0854, Caamp.0105s1642
OG0000619	Thhalv10015805m.g	Caamp.1040s0437
OG0000620	Thhalv10025755m.g	Caamp.0190s0427
OG0000620	Thhalv10014164m.g	Caamp.1037s1026
OG0000621	Thhalv10018502m.g	Caamp.0006s0531, Caamp.0076s0192
OG0000621	Thhalv10025148m.g	Caamp.0190s0407
OG0000621	Thhalv10013573m.g	Caamp.1037s1059, Caamp.1040s0692
OG0000622	Thhalv10026738m.g	Caamp.1037s1085, Caamp.0094s0915, Caamp.0095s1298
OG0000622	Thhalv10002144m.g	Caamp.1040s0719, Caamp.0079s0002
OG0000623	Thhalv10012997m.g	Caamp.1037s1266, Caamp.1040s0928
OG0000623	Thhalv10024696m.g	Caamp.0094s1115, Caamp.0190s0304
OG0000624	Thhalv10013767m.g	Caamp.1040s1015, Caamp.1037s1348
OG0000624	Thhalv10015873m.g, Thhalv10000471m.g, Thhalv10015300m.g, Thhalv10001850m.g, Thhalv10001812m.g, Thhalv10013489m.g	Caamp.1040s1018
OG0000624	Thhalv10013520m.g	Caamp.1037s1347, Caamp.1040s1014
OG0000625	Thhalv10015804m.g, Thhalv10015307m.g, Thhalv10015855m.g, Thhalv10015684m.g, Thhalv10015702m.g, Thhalv10015513m.g, Thhalv10015433m.g	Caamp.1040s0900, Caamp.1040s0898, Caamp.1037s1548
OG0000626	Thhalv10016125m.g	Caamp.0045s0008
OG0000626	Thhalv10012412m.g	Caamp.1038s0179, Caamp.1041s1251
OG0000627	Thhalv10014617m.g	Caamp.1041s1115, Caamp.1038s0319
OG0000627	Thhalv10026196m.g	Caamp.0094s0662, Caamp.0105s1321
OG0000629	Thhalv10012438m.g	Caamp.1038s0572, Caamp.1041s0300
OG0000629	Thhalv10012434m.g	Caamp.1041s0296, Caamp.1038s0568, Caamp.1038s0569
OG0000630	Thhalv10015913m.g	Caamp.0105s1550
OG0000630	Thhalv10013508m.g	Caamp.1038s0764
OG0000630	Thhalv10013500m.g	Caamp.1038s0765
OG0000630	Thhalv10013513m.g	Caamp.0105s1551
OG0000631	Thhalv10012714m.g	Caamp.0105s1810, Caamp.1038s0987
OG0000631	Thhalv10020085m.g	Caamp.0078s0832, Caamp.0214s0143
OG0000631	Thhalv10000577m.g	Caamp.0095s0910
OG0000632	Thhalv10019903m.g, Thhalv10019901m.g	Caamp.0078s1147, Caamp.0078s1146, Caamp.1039s0549, Caamp.1039s0550, Caamp.0214s0507, Caamp.0214s0508
OG0000633	Thhalv10018626m.g	Caamp.0076s0193, Caamp.0006s0529
OG0000633	Thhalv10011528m.g	Caamp.0046s0115, Caamp.0037s0110
OG0000633	Thhalv10020824m.g	Caamp.0078s1213, Caamp.1039s0614
OG0000634	Thhalv10026206m.g	Caamp.0190s1090, Caamp.0003s0687
OG0000634	Thhalv10005376m.g	Caamp.0076s1371, Caamp.1039s0718, Caamp.0120s0913
OG0000635	Thhalv10011193m.g	Caamp.0064s0831, Caamp.1041s0670
OG0000635	Thhalv10019925m.g	Caamp.0053s0037, Caamp.1039s1181
OG0000636	Thhalv10019643m.g, Thhalv10022026m.g, Thhalv10023820m.g, Thhalv10015452m.g, Thhalv10024142m.g, Thhalv10000447m.g, Thhalv10009753m.g, Thhalv10009944m.g, Thhalv10027178m.g	Caamp.0003s0649
OG0000636	Thhalv10002786m.g	Caamp.1039s1645, Caamp.1039s1610
OG0000639	Thhalv10029435m.g, Thhalv10009190m.g, Thhalv10009184m.g	Caamp.1041s0485, Caamp.0024s0483, Caamp.0024s0482, Caamp.0027s0088, Caamp.0027s0089, Caamp.0024s0480, Caamp.0024s0481
OG0000640	Thhalv10019486m.g	Caamp.1041s0877
OG0000641	Thhalv10029079m.g	Caamp.1041s1638
OG0000641	Thhalv10005157m.g	Caamp.0120s0391
OG0000642	Thhalv10027394m.g	Caamp.0012s0094
OG0000642	Thhalv10021694m.g	Caamp.0078s0662
OG0000642	Thhalv10029037m.g	Caamp.1041s1680
OG0000643	Thhalv10026236m.g	Caamp.0003s0430
OG0000643	Thhalv10029054m.g	Caamp.1041s1751
OG0000643	Thhalv10029338m.g, Thhalv10026512m.g	Caamp.0190s0812, Caamp.0003s0431
OG0000644	Thhalv10017144m.g, Thhalv10017148m.g	Caamp.0013s0233, Caamp.0013s0227, Caamp.0129s0007, Caamp.0105s0215, Caamp.0035s0114
OG0000645	Thhalv10022566m.g	Caamp.0026s0820, Caamp.0190s1138
OG0000645	Thhalv10024438m.g	Caamp.0105s1185, Caamp.0094s0521, Caamp.0094s0909
OG0000646	Thhalv10012409m.g	Caamp.0004s0278, Caamp.0026s0206, Caamp.0011s0126, Caamp.0017s0051, Caamp.0016s0108, Caamp.0036s0036, Caamp.0016s0107
OG0000647	Thhalv10022874m.g	Caamp.0011s0241, Caamp.0068s0009, Caamp.0009s0010, Caamp.0116s0014
OG0000648	Thhalv10001268m.g	Caamp.0110s0071, Caamp.0110s0072
OG0000649	Thhalv10024361m.g	Caamp.0042s0019, Caamp.0042s0017, Caamp.0115s0010, Caamp.0086s0028
OG0000650	Thhalv10008114m.g	Caamp.0015s0160
OG0000650	Thhalv10007711m.g	Caamp.0188s0118, Caamp.0052s0163, Caamp.0188s0292, Caamp.0052s0290
OG0000650	Thhalv10023479m.g	Caamp.0303s1359
OG0000651	Thhalv10023574m.g	Caamp.0303s1374
OG0000651	Thhalv10023569m.g	Caamp.0303s1370, Caamp.0303s1371, Caamp.0015s0169, Caamp.0036s0070
OG0000652	Thhalv10023842m.g, Thhalv10023914m.g	Caamp.0015s0193
OG0000652	Thhalv10023258m.g, Thhalv10023301m.g, Thhalv10023248m.g, Thhalv10023257m.g, Thhalv10023266m.g, Thhalv10024085m.g	Caamp.0015s0194
OG0000653	Thhalv10018703m.g	Caamp.0006s0106
OG0000653	Thhalv10015575m.g, Thhalv10014001m.g	Caamp.0006s0105
OG0000653	Thhalv10023537m.g	Caamp.0015s0353, Caamp.0015s0352
OG0000654	Thhalv10006827m.g	Caamp.0046s0423, Caamp.0024s0051
OG0000655	Thhalv10026787m.g	Caamp.0190s0322, Caamp.0094s1130
OG0000655	Thhalv10025879m.g	Caamp.0094s1129
OG0000655	Thhalv10027264m.g	Caamp.0094s1128, Caamp.0190s0321
OG0000656	Thhalv10012897m.g, Thhalv10012891m.g	Caamp.0190s0474, Caamp.0190s0475, Caamp.0003s0108, Caamp.0003s0107
OG0000657	Thhalv10019886m.g	Caamp.0214s0251, Caamp.0078s0719
OG0000657	Thhalv10019884m.g	Caamp.0078s0948
OG0000657	Thhalv10005737m.g	Caamp.0214s0032
OG0000658	Thhalv10029325m.g	Caamp.0052s0379
OG0000658	Thhalv10012296m.g, Thhalv10011969m.g, Thhalv10017689m.g	Caamp.0022s0061
OG0000659	Thhalv10006473m.g	Caamp.0023s0205, Caamp.0095s0463
OG0000659	Thhalv10021838m.g	Caamp.0078s1016
OG0000660	Thhalv10006219m.g, Thhalv10005937m.g	Caamp.0023s0263
OG0000661	Thhalv10019254m.g	Caamp.0076s0427, Caamp.0006s0295
OG0000661	Thhalv10003273m.g	Caamp.0058s0140, Caamp.0064s0416
OG0000661	Thhalv10011837m.g	Caamp.0027s0081, Caamp.0004s0058
OG0000665	Thhalv10011090m.g	Caamp.0078s0111, Caamp.0078s0110
OG0000665	Thhalv10015953m.g, Thhalv10009430m.g, Thhalv10012172m.g, Thhalv10012024m.g, Thhalv10012136m.g, Thhalv10012123m.g, Thhalv10012236m.g, Thhalv10011940m.g	Caamp.0046s0531, Caamp.0076s0979
OG0000672	Thhalv10008797m.g	Caamp.0275s0012
OG0000672	Thhalv10001029m.g	Caamp.0001s0007, Caamp.0076s0828
OG0000672	Thhalv10026573m.g	Caamp.0095s0211, Caamp.0003s0780
OG0000673	Thhalv10017388m.g	Caamp.0045s0022
OG0000673	Thhalv10009044m.g	Caamp.0105s0255, Caamp.0001s0090, Caamp.0001s0087, Caamp.0077s0067, Caamp.0188s0697, Caamp.0064s0019
OG0000674	Thhalv10024967m.g	Caamp.0061s0047, Caamp.0001s0280
OG0000674	Thhalv10002502m.g	Caamp.0026s0025
OG0000674	Thhalv10002494m.g	Caamp.1039s1581
OG0000675	Thhalv10028730m.g, Thhalv10028728m.g	Caamp.1040s0207
OG0000675	Thhalv10011466m.g	Caamp.0052s0464
OG0000676	Thhalv10008604m.g	Caamp.1033s1019, Caamp.1033s1015, Caamp.1033s1018, Caamp.1033s1013, Caamp.1033s1020, Caamp.1033s1014, Caamp.0001s0286
OG0000677	Thhalv10026373m.g	Caamp.0105s1289, Caamp.0094s0629
OG0000677	Thhalv10000341m.g	Caamp.0099s0134
OG0000678	Thhalv10023759m.g	Caamp.1039s0441
OG0000678	Thhalv10026575m.g	Caamp.0105s1293, Caamp.0094s0633
OG0000678	Thhalv10005137m.g	Caamp.0120s0710
OG0000679	Thhalv10000415m.g, Thhalv10026737m.g	Caamp.0010s0121, Caamp.0094s0678, Caamp.0105s1335, Caamp.1039s0392
OG0000679	Thhalv10021898m.g	Caamp.0303s0453
OG0000680	Thhalv10000263m.g	Caamp.0010s0235, Caamp.1039s0245
OG0000680	Thhalv10025830m.g	Caamp.0094s0809
OG0000681	Thhalv10000625m.g	Caamp.1039s0225
OG0000681	Thhalv10000533m.g	Caamp.0010s0258, Caamp.1039s0224, Caamp.0010s0257
OG0000682	Thhalv10016977m.g	Caamp.1031s0167
OG0000682	Thhalv10010979m.g	Caamp.0095s0734
OG0000682	Thhalv10016835m.g	Caamp.1031s0169, Caamp.0102s0111
OG0000683	Thhalv10021655m.g	Caamp.0078s0747, Caamp.0214s0225
OG0000683	Thhalv10014842m.g	Caamp.0105s1947, Caamp.1038s1153
OG0000683	Thhalv10017321m.g	Caamp.0102s0218
OG0000684	Thhalv10017980m.g	Caamp.0102s0271, Caamp.1031s0013
OG0000684	Thhalv10016967m.g	Caamp.1031s0015
OG0000684	Thhalv10010554m.g	Caamp.0078s0459
OG0000685	Thhalv10016241m.g	Caamp.0105s0499
OG0000685	Thhalv10006792m.g	Caamp.1033s0682, Caamp.0007s0074
OG0000686	Thhalv10016599m.g	Caamp.0190s1323, Caamp.0102s0610, Caamp.0105s0451
OG0000686	Thhalv10007527m.g	Caamp.1033s0574
OG0000686	Thhalv10027275m.g, Thhalv10028090m.g	Caamp.0078s0582
OG0000687	Thhalv10028407m.g	Caamp.0102s0740
OG0000687	Thhalv10024360m.g	Caamp.0028s0199, Caamp.1037s1106, Caamp.0190s0676, Caamp.0003s0295
OG0000688	Thhalv10028598m.g	Caamp.0028s0052, Caamp.0102s0913
OG0000688	Thhalv10001816m.g	Caamp.1033s1051
OG0000688	Thhalv10019860m.g	Caamp.0008s0027
OG0000690	Thhalv10025200m.g	Caamp.0094s0090, Caamp.1027s0143
OG0000690	Thhalv10015635m.g	Caamp.1038s0406
OG0000690	Thhalv10000134m.g	Caamp.0059s0017
OG0000691	Thhalv10026225m.g	Caamp.0094s0098, Caamp.1027s0152
OG0000691	Thhalv10000663m.g	Caamp.1039s0113, Caamp.0059s0012
OG0000691	Thhalv10014689m.g	Caamp.1041s1033
OG0000692	Thhalv10009756m.g	Caamp.1033s0060
OG0000692	Thhalv10018244m.g	Caamp.0064s0179, Caamp.0006s0066
OG0000693	Thhalv10009192m.g	Caamp.0037s0374
OG0000693	Thhalv10019513m.g	Caamp.0303s0719, Caamp.0076s0145
OG0000694	Thhalv10018680m.g	Caamp.0303s0904
OG0000694	Thhalv10023514m.g	Caamp.0015s0076
OG0000694	Thhalv10007846m.g	Caamp.1033s0217, Caamp.0037s0501
OG0000695	Thhalv10018794m.g	Caamp.1036s0472, Caamp.1036s0480, Caamp.0303s0959, Caamp.0303s0966
OG0000695	Thhalv10008119m.g	Caamp.0037s0562, Caamp.1033s0274
OG0000696	Thhalv10008978m.g	Caamp.0188s0516
OG0000696	Thhalv10019263m.g	Caamp.1036s0482
OG0000696	Thhalv10008974m.g	Caamp.1033s0276
OG0000697	Thhalv10009774m.g	Caamp.1033s0803
OG0000697	Thhalv10009548m.g, Thhalv10017596m.g	Caamp.0005s0076, Caamp.0097s0131
OG0000697	Thhalv10022412m.g, Thhalv10021923m.g, Thhalv10022086m.g	Caamp.0016s0124, Caamp.0026s0617
OG0000699	Thhalv10001822m.g	Caamp.1033s1009
OG0000699	Thhalv10002606m.g	Caamp.0097s0237
OG0000699	Thhalv10002591m.g	Caamp.0097s0240
OG0000700	Thhalv10000184m.g	Caamp.1033s1010, Caamp.1039s0338, Caamp.0078s0810
OG0000700	Thhalv10020851m.g, Thhalv10013700m.g	Caamp.0105s1842, Caamp.1038s1044
OG0000701	Thhalv10004920m.g	Caamp.0120s0839, Caamp.1035s0550
OG0000701	Thhalv10010724m.g	Caamp.0076s1244, Caamp.0026s0404
OG0000702	Thhalv10003846m.g	Caamp.0120s0488, Caamp.1035s0928
OG0000702	Thhalv10020323m.g	Caamp.0214s0382, Caamp.0303s0038
OG0000703	Thhalv10028319m.g	Caamp.1041s0856, Caamp.0044s0264, Caamp.0120s0346
OG0000704	Thhalv10008091m.g	Caamp.0188s0431, Caamp.0071s0116
OG0000704	Thhalv10005280m.g	Caamp.0120s0117
OG0000705	Thhalv10006212m.g	Caamp.0023s0619
OG0000705	Thhalv10028915m.g	Caamp.1041s1619
OG0000705	Thhalv10008600m.g	Caamp.1035s1483, Caamp.0188s0979
OG0000706	Thhalv10015011m.g	Caamp.1037s0244, Caamp.1036s0139
OG0000706	Thhalv10021756m.g	Caamp.0303s0359, Caamp.0214s0685
OG0000707	Thhalv10029215m.g, Thhalv10019603m.g, Thhalv10029213m.g, Thhalv10000439m.g, Thhalv10019762m.g, Thhalv10019675m.g, Thhalv10019444m.g, Thhalv10029335m.g	Caamp.0303s1012, Caamp.1036s0529
OG0000708	Thhalv10012520m.g	Caamp.1041s1220, Caamp.1038s0203
OG0000708	Thhalv10012507m.g	Caamp.1037s0444, Caamp.0105s0856
OG0000709	Thhalv10012563m.g, Thhalv10012567m.g	Caamp.0097s0183, Caamp.0005s0120, Caamp.1037s0752, Caamp.1040s0394
OG0000710	Thhalv10015064m.g, Thhalv10014841m.g	Caamp.1040s0470, Caamp.1040s0471, Caamp.1037s0832, Caamp.1037s0834, Caamp.1037s0833
OG0000711	Thhalv10002692m.g	Caamp.0005s0175, Caamp.0097s0236
OG0000711	Thhalv10014863m.g	Caamp.1037s0836
OG0000712	Thhalv10013486m.g	Caamp.1037s0925, Caamp.1040s0558
OG0000712	Thhalv10015596m.g	Caamp.1038s0654
OG0000712	Thhalv10013670m.g, Thhalv10013492m.g	Caamp.1038s0653, Caamp.0105s1444
OG0000713	Thhalv10010105m.g	Caamp.0005s0383, Caamp.0026s0391
OG0000713	Thhalv10010143m.g, Thhalv10012603m.g	Caamp.1040s1263, Caamp.1037s1598
OG0000714	Thhalv10025429m.g, Thhalv10027492m.g	Caamp.1037s1623
OG0000714	Thhalv10009801m.g, Thhalv10028086m.g, Thhalv10013894m.g, Thhalv10027445m.g, Thhalv10015550m.g, Thhalv10013780m.g, Thhalv10026778m.g, Thhalv10009751m.g	Caamp.0303s0425, Caamp.0303s0463
OG0000715	Thhalv10013133m.g	Caamp.1040s1306, Caamp.1037s1640
OG0000715	Thhalv10007186m.g	Caamp.0046s0254, Caamp.0024s0230
OG0000716	Thhalv10018684m.g	Caamp.0076s0318
OG0000716	Thhalv10013858m.g	Caamp.1041s0290
OG0000717	Thhalv10015196m.g	Caamp.1038s0807, Caamp.0105s1591
OG0000717	Thhalv10021877m.g	Caamp.0214s0054, Caamp.0078s0925
OG0000717	Thhalv10015197m.g	Caamp.1038s0826, Caamp.0105s1615
OG0000718	Thhalv10023118m.g	Caamp.0026s0665, Caamp.0190s1308
OG0000718	Thhalv10026631m.g	Caamp.0094s0417
OG0000719	Thhalv10020982m.g	Caamp.1039s0667
OG0000719	Thhalv10020979m.g	Caamp.1039s0668
OG0000720	Thhalv10020061m.g	Caamp.0053s0042, Caamp.1039s1185
OG0000720	Thhalv10021937m.g, Thhalv10011211m.g	Caamp.1041s0667, Caamp.0064s0834
OG0000721	Thhalv10024750m.g	Caamp.0097s0689
OG0000721	Thhalv10002505m.g	Caamp.1039s1528, Caamp.0076s1275
OG0000722	Thhalv10017225m.g	Caamp.0034s0105
OG0000722	Thhalv10008751m.g	Caamp.0052s0061, Caamp.0303s0549
OG0000722	Thhalv10014639m.g	Caamp.0080s0050, Caamp.1040s0303
OG0000723	Thhalv10028028m.g	Caamp.0097s0114
OG0000723	Thhalv10013261m.g	Caamp.0016s0049
OG0000723	Thhalv10027328m.g	Caamp.1040s0311
OG0000724	Thhalv10025233m.g	Caamp.0094s0963
OG0000724	Thhalv10025299m.g	Caamp.0094s0962, Caamp.1041s0549
OG0000725	Thhalv10029506m.g, Thhalv10017690m.g, Thhalv10001111m.g, Thhalv10027331m.g, Thhalv10005273m.g, Thhalv10003402m.g, Thhalv10028299m.g, Thhalv10028348m.g, Thhalv10022983m.g, Thhalv10011153m.g, Thhalv10028275m.g, Thhalv10009745m.g, Thhalv10009991m.g, Thhalv10009950m.g	Caamp.1041s0583
OG0000726	Thhalv10009400m.g, Thhalv10009668m.g, Thhalv10011882m.g, Thhalv10011425m.g	Caamp.0002s0204, Caamp.0064s0712, Caamp.1041s0787, Caamp.0064s0713
OG0000727	Thhalv10007772m.g	Caamp.0056s0245
OG0000727	Thhalv10017687m.g, Thhalv10017603m.g	Caamp.0013s0299, Caamp.0105s0145
OG0000729	Thhalv10025030m.g	Caamp.0094s0238
OG0000729	Thhalv10023180m.g	Caamp.0105s0904, Caamp.0095s1209, Caamp.0093s0091, Caamp.0095s1210
OG0000730	Thhalv10023199m.g	Caamp.0093s0096, Caamp.0095s1201
OG0000730	Thhalv10017741m.g, Thhalv10027579m.g	Caamp.0105s0916, Caamp.0094s0249
OG0000730	Thhalv10018169m.g	Caamp.0006s0371
OG0000731	Thhalv10025766m.g	Caamp.0105s0924
OG0000731	Thhalv10023049m.g	Caamp.0095s1183, Caamp.0093s0115
OG0000732	Thhalv10016166m.g	Caamp.0051s0068
OG0000732	Thhalv10012525m.g	Caamp.0105s1495
OG0000733	Thhalv10022341m.g	Caamp.0078s1001, Caamp.0023s0016
OG0000733	Thhalv10025938m.g, Thhalv10026191m.g, Thhalv10026215m.g	Caamp.0105s1957
OG0000735	Thhalv10003538m.g	Caamp.0076s1127
OG0000735	Thhalv10006589m.g	Caamp.0071s0093, Caamp.0188s0460, Caamp.0120s0040
OG0000736	Thhalv10023261m.g	Caamp.0303s1314, Caamp.0303s1315, Caamp.0015s0181
OG0000737	Thhalv10008964m.g	Caamp.0190s0013
OG0000737	Thhalv10019260m.g	Caamp.0076s0468, Caamp.0006s0244
OG0000737	Thhalv10012373m.g, Thhalv10014855m.g	Caamp.0064s0305
OG0000738	Thhalv10025520m.g, Thhalv10025522m.g	Caamp.0190s0248
OG0000738	Thhalv10013896m.g, Thhalv10013908m.g	Caamp.0190s0262
OG0000739	Thhalv10022759m.g	Caamp.0190s1157, Caamp.0026s0784
OG0000739	Thhalv10010494m.g	Caamp.0026s0414
OG0000741	Thhalv10024418m.g	Caamp.0190s1360
OG0000741	Thhalv10022541m.g	Caamp.0093s0048, Caamp.0095s1247
OG0000741	Thhalv10006777m.g	Caamp.0024s0304
OG0000742	Thhalv10018045m.g	Caamp.0303s0703
OG0000742	Thhalv10027669m.g	Caamp.0097s0763, Caamp.0097s0446
OG0000744	Thhalv10000678m.g	Caamp.0021s0017
OG0000745	Thhalv10025040m.g	Caamp.0097s0675, Caamp.0022s0190
OG0000745	Thhalv10024991m.g	Caamp.0097s0676
OG0000745	Thhalv10002510m.g	Caamp.0022s0192
OG0000746	Thhalv10018397m.g	Caamp.0006s0275, Caamp.0076s0446
OG0000746	Thhalv10007364m.g	Caamp.0046s0467, Caamp.0024s0009
OG0000747	Thhalv10006732m.g	Caamp.0024s0214
OG0000747	Thhalv10018089m.g	Caamp.0076s0176, Caamp.0006s0548
OG0000748	Thhalv10019342m.g	Caamp.0006s0398, Caamp.0076s0324
OG0000748	Thhalv10010844m.g	Caamp.0095s0682
OG0000748	Thhalv10021832m.g	Caamp.0099s0056
OG0000748	Thhalv10009155m.g	Caamp.0056s0304
OG0000749	Thhalv10011067m.g	Caamp.0026s0423
OG0000749	Thhalv10010299m.g	Caamp.0026s0422, Caamp.0078s0013
OG0000750	Thhalv10022829m.g, Thhalv10022612m.g	Caamp.0026s0571, Caamp.0093s0205
OG0000751	Thhalv10011548m.g	Caamp.0004s0067, Caamp.0027s0079
OG0000751	Thhalv10003221m.g	Caamp.0064s0414, Caamp.0058s0142
OG0000753	Thhalv10011712m.g	Caamp.0004s0002, Caamp.0097s0369
OG0000753	Thhalv10003255m.g	Caamp.0058s0118, Caamp.0036s0068
OG0000754	Thhalv10003118m.g	Caamp.0044s0268
OG0000756	Thhalv10002845m.g, Thhalv10003098m.g, Thhalv10003055m.g	Caamp.0005s0189
OG0000756	Thhalv10002978m.g	Caamp.0005s0191
OG0000756	Thhalv10002935m.g	Caamp.0097s0256
OG0000764	Thhalv10001069m.g	Caamp.0190s1122, Caamp.0214s0315
OG0000764	Thhalv10026550m.g	Caamp.0003s0726
OG0000765	Thhalv10000920m.g	Caamp.0076s0688, Caamp.0001s0155
OG0000765	Thhalv10025439m.g	Caamp.0003s0623, Caamp.0190s1025
OG0000766	Thhalv10008288m.g	Caamp.0046s0468, Caamp.0010s0049, Caamp.0024s0008
OG0000766	Thhalv10019166m.g	Caamp.0076s0449, Caamp.0006s0272
OG0000767	Thhalv10000170m.g	Caamp.1039s0354
OG0000767	Thhalv10000557m.g	Caamp.0010s0127
OG0000767	Thhalv10000548m.g	Caamp.1039s0360
OG0000768	Thhalv10019621m.g	Caamp.0023s0395
OG0000768	Thhalv10009850m.g	Caamp.0010s0083, Caamp.1039s0433
OG0000769	Thhalv10000030m.g	Caamp.0010s0212, Caamp.1039s0264
OG0000770	Thhalv10026272m.g	Caamp.1027s0248
OG0000770	Thhalv10000326m.g	Caamp.0010s0279
OG0000771	Thhalv10010181m.g	Caamp.0095s0943, Caamp.0078s0349
OG0000771	Thhalv10016384m.g	Caamp.0102s0194, Caamp.1031s0092
OG0000772	Thhalv10010063m.g	Caamp.0078s0489
OG0000772	Thhalv10016141m.g, Thhalv10016144m.g	Caamp.0105s0737
OG0000773	Thhalv10017496m.g	Caamp.0105s0722, Caamp.0102s0341
OG0000773	Thhalv10010878m.g	Caamp.0095s0897
OG0000774	Thhalv10017264m.g	Caamp.0102s0536, Caamp.0105s0529
OG0000774	Thhalv10008976m.g	Caamp.1033s0734, Caamp.0007s0124
OG0000775	Thhalv10007059m.g	Caamp.0007s0115
OG0000775	Thhalv10016381m.g	Caamp.0102s0544
OG0000776	Thhalv10009003m.g, Thhalv10029039m.g	Caamp.0007s0345, Caamp.0102s0894, Caamp.0028s0071, Caamp.1033s0949
OG0000778	Thhalv10004392m.g	Caamp.1035s0043, Caamp.0033s0347
OG0000778	Thhalv10025450m.g	Caamp.1027s0216, Caamp.0094s0175
OG0000779	Thhalv10005792m.g	Caamp.0095s0576, Caamp.0008s0226
OG0000779	Thhalv10016282m.g	Caamp.1031s0350, Caamp.0076s1622
OG0000780	Thhalv10016187m.g	Caamp.0076s1571
OG0000780	Thhalv10005770m.g	Caamp.1031s0395
OG0000781	Thhalv10023603m.g, Thhalv10008276m.g	Caamp.1033s0236
OG0000781	Thhalv10008275m.g, Thhalv10000255m.g	Caamp.0037s0522, Caamp.1033s0237
OG0000782	Thhalv10019112m.g	Caamp.0303s0933
OG0000782	Thhalv10008763m.g	Caamp.0188s0551, Caamp.0040s0013, Caamp.0037s0530, Caamp.1033s0245
OG0000783	Thhalv10019043m.g	Caamp.1036s0461, Caamp.0303s0953
OG0000783	Thhalv10008578m.g	Caamp.0037s0547, Caamp.1033s0260
OG0000784	Thhalv10011905m.g, Thhalv10006594m.g	Caamp.1033s0315
OG0000784	Thhalv10018025m.g	Caamp.0064s0557, Caamp.0002s0370
OG0000785	Thhalv10006556m.g, Thhalv10006550m.g	Caamp.0070s0108, Caamp.0037s0682, Caamp.1033s0404, Caamp.1033s0426
OG0000786	Thhalv10008897m.g	Caamp.1033s0423
OG0000786	Thhalv10019212m.g	Caamp.0303s0657, Caamp.0002s0222
OG0000786	Thhalv10005466m.g	Caamp.0120s1013, Caamp.1035s0402
OG0000787	Thhalv10016731m.g	Caamp.0105s0488
OG0000787	Thhalv10007796m.g	Caamp.0007s0047, Caamp.1033s0647
OG0000788	Thhalv10009778m.g	Caamp.0007s0277
OG0000788	Thhalv10007460m.g	Caamp.0007s0275
OG0000788	Thhalv10007464m.g	Caamp.1033s0893, Caamp.0007s0279
OG0000790	Thhalv10017937m.g, Thhalv10021355m.g, Thhalv10014517m.g	Caamp.0007s0432
OG0000790	Thhalv10026130m.g, Thhalv10024013m.g	Caamp.1041s1201, Caamp.1035s0079, Caamp.0436s0003, Caamp.1041s1301
OG0000791	Thhalv10004838m.g	Caamp.0033s0109, Caamp.1035s0295
OG0000791	Thhalv10014224m.g	Caamp.1040s1315, Caamp.1037s1670
OG0000792	Thhalv10004905m.g	Caamp.0120s0877, Caamp.0120s0878, Caamp.1035s0590, Caamp.1035s0589
OG0000792	Thhalv10014408m.g	Caamp.1041s0258, Caamp.1038s0532
OG0000793	Thhalv10011372m.g	Caamp.1041s0673, Caamp.0064s0828
OG0000793	Thhalv10022032m.g	Caamp.1039s1179
OG0000793	Thhalv10005579m.g	Caamp.1035s0598, Caamp.0120s0884
OG0000794	Thhalv10020473m.g	Caamp.0214s0533, Caamp.0303s0193
OG0000794	Thhalv10019711m.g	Caamp.0120s0547, Caamp.1035s0870
OG0000795	Thhalv10005064m.g	Caamp.1035s1102, Caamp.0120s0320
OG0000795	Thhalv10015568m.g, Thhalv10027974m.g	Caamp.1041s0892
OG0000796	Thhalv10004349m.g	Caamp.0120s0118, Caamp.1035s1307
OG0000796	Thhalv10007809m.g	Caamp.0188s0430, Caamp.0071s0117
OG0000797	Thhalv10009501m.g	Caamp.1035s1419, Caamp.0188s1062
OG0000797	Thhalv10008019m.g	Caamp.0188s1063, Caamp.1035s1418
OG0000797	Thhalv10028831m.g	Caamp.1037s0111
OG0000798	Thhalv10013317m.g	Caamp.1036s0125, Caamp.1037s0258
OG0000798	Thhalv10004080m.g	Caamp.0076s0977
OG0000799	Thhalv10019935m.g	Caamp.0303s0370, Caamp.0214s0693
OG0000799	Thhalv10012495m.g	Caamp.1037s0228, Caamp.1036s0155
OG0000800	Thhalv10009775m.g	Caamp.0024s0166
OG0000800	Thhalv10013817m.g	Caamp.1036s0162
OG0000800	Thhalv10018727m.g	Caamp.1037s0220
OG0000801	Thhalv10027968m.g	Caamp.1036s0550, Caamp.1036s0551, Caamp.0097s0793, Caamp.0097s0791
OG0000802	Thhalv10028760m.g	Caamp.1037s0167
OG0000802	Thhalv10008011m.g	Caamp.0188s1012
OG0000802	Thhalv10006055m.g	Caamp.0065s0170, Caamp.0023s0557
OG0000803	Thhalv10002397m.g	Caamp.0097s0174, Caamp.0005s0108
OG0000803	Thhalv10012623m.g	Caamp.1037s0732, Caamp.1040s0377
OG0000804	Thhalv10015334m.g, Thhalv10015341m.g	Caamp.0011s0015
OG0000804	Thhalv10011949m.g, Thhalv10016021m.g, Thhalv10015422m.g, Thhalv10015510m.g	Caamp.1040s0398, Caamp.1037s0751, Caamp.1037s0791, Caamp.1037s0757
OG0000805	Thhalv10013051m.g	Caamp.1040s0553, Caamp.1037s0920
OG0000805	Thhalv10019628m.g	Caamp.1038s0647, Caamp.0105s1439
OG0000806	Thhalv10025029m.g	Caamp.0190s0390, Caamp.0003s0031
OG0000806	Thhalv10013372m.g	Caamp.1040s0722, Caamp.1037s1088
OG0000807	Thhalv10012759m.g	Caamp.1040s0789, Caamp.1037s1153
OG0000807	Thhalv10024804m.g	Caamp.0003s0002, Caamp.0094s1170
OG0000808	Thhalv10024407m.g	Caamp.0190s0239, Caamp.0094s1045
OG0000808	Thhalv10012687m.g	Caamp.1037s1428, Caamp.1040s1089
OG0000809	Thhalv10026365m.g	Caamp.0003s0084, Caamp.0190s0446
OG0000809	Thhalv10014804m.g	Caamp.1037s1441, Caamp.1040s1105
OG0000811	Thhalv10020809m.g	Caamp.0214s0871
OG0000811	Thhalv10013819m.g	Caamp.1041s1353, Caamp.1038s0080
OG0000812	Thhalv10021800m.g	Caamp.0214s0158, Caamp.0078s0818
OG0000812	Thhalv10015062m.g	Caamp.1038s1059, Caamp.0105s1837
OG0000812	Thhalv10017453m.g	Caamp.0105s0602
OG0000813	Thhalv10019491m.g	Caamp.0105s1839
OG0000813	Thhalv10014965m.g, Thhalv10021720m.g	Caamp.1038s1061
OG0000814	Thhalv10011246m.g	Caamp.0037s0265, Caamp.0040s0296
OG0000814	Thhalv10020083m.g	Caamp.1039s0799, Caamp.0105s0063
OG0000815	Thhalv10021715m.g	Caamp.0051s0099, Caamp.1039s0836
OG0000815	Thhalv10011814m.g	Caamp.1041s1945, Caamp.0037s0293
OG0000816	Thhalv10024263m.g	Caamp.0095s0061, Caamp.0090s0006
OG0000816	Thhalv10019939m.g	Caamp.0051s0154, Caamp.1039s0887
OG0000817	Thhalv10020994m.g	Caamp.1039s0938
OG0000817	Thhalv10011595m.g	Caamp.0097s0305, Caamp.0064s0639
OG0000818	Thhalv10021742m.g, Thhalv10026541m.g	Caamp.1039s1376, Caamp.0022s0064
OG0000818	Thhalv10026543m.g	Caamp.0097s0529, Caamp.1041s1852
OG0000819	Thhalv10026266m.g	Caamp.0097s0556, Caamp.0022s0089
OG0000819	Thhalv10021541m.g	Caamp.0076s1158, Caamp.1039s1416
OG0000820	Thhalv10020731m.g	Caamp.1039s1477
OG0000820	Thhalv10025615m.g, Thhalv10026740m.g, Thhalv10026129m.g	Caamp.0022s0135, Caamp.0097s0610
OG0000821	Thhalv10020040m.g, Thhalv10020049m.g	Caamp.0076s1240
OG0000821	Thhalv10020039m.g	Caamp.1039s1496, Caamp.0076s1243
OG0000822	Thhalv10027389m.g	Caamp.0094s1075, Caamp.0190s0265, Caamp.0190s0266, Caamp.0094s1076, Caamp.1040s0967, Caamp.0190s0267, Caamp.0094s1077
OG0000824	Thhalv10027664m.g	Caamp.1041s0028, Caamp.0044s0011
OG0000825	Thhalv10023511m.g	Caamp.1041s0034, Caamp.0044s0017
OG0000825	Thhalv10023427m.g	Caamp.0266s0035, Caamp.0303s1072
OG0000825	Thhalv10020604m.g	Caamp.0303s0439, Caamp.0214s0760
OG0000826	Thhalv10027769m.g	Caamp.0044s0093, Caamp.1041s0109
OG0000826	Thhalv10011468m.g	Caamp.0064s0686
OG0000826	Thhalv10004214m.g	Caamp.0120s0176
OG0000827	Thhalv10028242m.g	Caamp.1041s0140, Caamp.0044s0123
OG0000827	Thhalv10028236m.g, Thhalv10028079m.g	Caamp.0036s0042
OG0000828	Thhalv10024432m.g	Caamp.0094s0862, Caamp.1041s0447
OG0000828	Thhalv10022560m.g	Caamp.0095s1243, Caamp.0093s0051
OG0000829	Thhalv10001903m.g	Caamp.0079s0074, Caamp.0095s1360
OG0000829	Thhalv10024363m.g	Caamp.0094s1000
OG0000830	Thhalv10016456m.g	Caamp.0105s0206
OG0000830	Thhalv10007273m.g	Caamp.0024s0319, Caamp.0056s0204
OG0000830	Thhalv10015682m.g	Caamp.1041s1164
OG0000831	Thhalv10013316m.g	Caamp.1041s1449
OG0000832	Thhalv10028459m.g	Caamp.1041s1746, Caamp.0052s0430
OG0000832	Thhalv10024488m.g	Caamp.0003s0439, Caamp.0190s0819
OG0000833	Thhalv10028833m.g	Caamp.0052s0383, Caamp.1041s1784
OG0000833	Thhalv10025821m.g	Caamp.0190s0779, Caamp.0003s0407
OG0000834	Thhalv10029040m.g	Caamp.0052s0357
OG0000834	Thhalv10029528m.g, Thhalv10029038m.g	Caamp.1041s1825
OG0000835	Thhalv10016928m.g	Caamp.0013s0249
OG0000835	Thhalv10008196m.g	Caamp.0024s0328, Caamp.0056s0214
OG0000836	Thhalv10024392m.g	Caamp.0105s1059, Caamp.0094s0395
OG0000836	Thhalv10022550m.g	Caamp.0190s1327, Caamp.0026s0647
OG0000837	Thhalv10022539m.g	Caamp.0026s0695, Caamp.0190s1280
OG0000837	Thhalv10024368m.g	Caamp.0105s1109, Caamp.0094s0445
OG0000838	Thhalv10022939m.g	Caamp.0190s1194, Caamp.0190s1193
OG0000838	Thhalv10026653m.g	Caamp.0026s0767, Caamp.0105s1126, Caamp.0094s0477
OG0000839	Thhalv10022606m.g	Caamp.0190s1220
OG0000839	Thhalv10024715m.g	Caamp.0105s1136, Caamp.0094s0469
OG0000840	Thhalv10007465m.g	Caamp.0105s1373, Caamp.0035s0105
OG0000840	Thhalv10007429m.g	Caamp.0188s0446
OG0000841	Thhalv10002285m.g, Thhalv10015367m.g, Thhalv10015497m.g, Thhalv10022289m.g, Thhalv10017665m.g, Thhalv10009475m.g, Thhalv10024027m.g, Thhalv10017828m.g, Thhalv10003309m.g, Thhalv10000459m.g	Caamp.0054s0102
OG0000841	Thhalv10000538m.g, Thhalv10029226m.g, Thhalv10015566m.g	Caamp.0011s0165
OG0000843	Thhalv10026766m.g, Thhalv10017510m.g, Thhalv10017853m.g, Thhalv10017770m.g, Thhalv10017630m.g, Thhalv10017608m.g, Thhalv10017820m.g, Thhalv10017858m.g, Thhalv10017568m.g, Thhalv10017707m.g	Caamp.0051s0075, Caamp.0013s0294
OG0000844	Thhalv10022579m.g	Caamp.0014s0020, Caamp.0058s0045
OG0000844	Thhalv10018191m.g	Caamp.0002s0255
OG0000845	Thhalv10006587m.g	Caamp.0188s0319
OG0000845	Thhalv10023222m.g	Caamp.0015s0066, Caamp.0054s0081
OG0000846	Thhalv10004088m.g	Caamp.0076s0978
OG0000846	Thhalv10023384m.g	Caamp.0015s0264
OG0000846	Thhalv10003893m.g	Caamp.0076s0980, Caamp.0077s0016
OG0000847	Thhalv10023864m.g, Thhalv10024101m.g	Caamp.0015s0268, Caamp.0303s1230, Caamp.0303s1232, Caamp.0303s1231
OG0000848	Thhalv10023595m.g	Caamp.0015s0284, Caamp.0303s1219
OG0000848	Thhalv10008225m.g	Caamp.0188s0177, Caamp.0071s0196
OG0000849	Thhalv10027204m.g	Caamp.0003s0527
OG0000849	Thhalv10019214m.g	Caamp.0016s0067, Caamp.0002s0052
OG0000852	Thhalv10008569m.g	Caamp.0040s0032
OG0000852	Thhalv10004815m.g	Caamp.0077s0039, Caamp.0076s1005
OG0000853	Thhalv10006869m.g	Caamp.0040s0140, Caamp.0188s0676
OG0000853	Thhalv10029022m.g, Thhalv10018163m.g	Caamp.0006s0739, Caamp.0084s0026
OG0000854	Thhalv10022563m.g	Caamp.0095s1165
OG0000854	Thhalv10018166m.g	Caamp.0006s0620
OG0000854	Thhalv10007055m.g	Caamp.0188s0752
OG0000855	Thhalv10008693m.g	Caamp.0188s0787, Caamp.0056s0139
OG0000855	Thhalv10022927m.g	Caamp.0093s0111, Caamp.0097s0154
OG0000858	Thhalv10019757m.g, Thhalv10019809m.g, Thhalv10019665m.g	Caamp.0303s0649, Caamp.0002s0203, Caamp.0002s0205, Caamp.0002s0186, Caamp.0002s0206, Caamp.0190s0209
OG0000859	Thhalv10026850m.g, Thhalv10028106m.g, Thhalv10027194m.g	Caamp.0190s0766, Caamp.0042s0021, Caamp.0190s0726, Caamp.0190s0783
OG0000859	Thhalv10012153m.g, Thhalv10012324m.g, Thhalv10012287m.g, Thhalv10012359m.g	Caamp.0037s0152
OG0000860	Thhalv10025844m.g	Caamp.0190s0835
OG0000860	Thhalv10025853m.g	Caamp.0003s0453
OG0000860	Thhalv10025874m.g	Caamp.0003s0454, Caamp.0190s0834
OG0000861	Thhalv10020651m.g	Caamp.0214s0846
OG0000861	Thhalv10019546m.g	Caamp.0002s0275
OG0000861	Thhalv10007950m.g	Caamp.0303s0619
OG0000862	Thhalv10002957m.g, Thhalv10002791m.g	Caamp.0026s0050
OG0000862	Thhalv10027055m.g, Thhalv10026929m.g	Caamp.0022s0134
OG0000863	Thhalv10000476m.g, Thhalv10000488m.g	Caamp.0058s0146
OG0000863	Thhalv10022699m.g	Caamp.0026s0552
OG0000863	Thhalv10022973m.g, Thhalv10023087m.g, Thhalv10023034m.g, Thhalv10023184m.g	Caamp.0093s0186
OG0000864	Thhalv10028052m.g	Caamp.0026s0792
OG0000864	Thhalv10013291m.g, Thhalv10012238m.g, Thhalv10012155m.g	Caamp.0052s0128
OG0000865	Thhalv10026269m.g, Thhalv10019144m.g	Caamp.0095s0195, Caamp.0003s0798, Caamp.0095s0136, Caamp.0097s0404
OG0000866	Thhalv10006669m.g	Caamp.0303s0543, Caamp.0052s0067
OG0000866	Thhalv10001894m.g	Caamp.0080s0015, Caamp.0034s0141
OG0000867	Thhalv10019581m.g	Caamp.0303s0725, Caamp.0076s0141
OG0000867	Thhalv10018388m.g	Caamp.0303s0724, Caamp.0076s0142
OG0000867	Thhalv10018035m.g, Thhalv10019829m.g	Caamp.0303s0727
OG0000869	Thhalv10004820m.g, Thhalv10004818m.g	Caamp.0095s1084, Caamp.0078s0200, Caamp.0033s0471, Caamp.0436s0024
OG0000870	Thhalv10011731m.g	Caamp.0338s0013
OG0000872	Thhalv10011533m.g	Caamp.0040s0260
OG0000872	Thhalv10002001m.g	Caamp.0095s1376
OG0000874	Thhalv10016641m.g	Caamp.0051s0073
OG0000874	Thhalv10025222m.g	Caamp.0066s0078
OG0000874	Thhalv10016980m.g	Caamp.0066s0077, Caamp.0051s0074
OG0000876	Thhalv10001897m.g	Caamp.0079s0020
OG0000877	Thhalv10001937m.g	Caamp.0095s1280, Caamp.0093s0011
OG0000894	Thhalv10025008m.g	Caamp.0095s0259, Caamp.0003s0735
OG0000894	Thhalv10000867m.g	Caamp.0001s0065, Caamp.0076s0776
OG0000895	Thhalv10018990m.g	Caamp.0064s0020
OG0000895	Thhalv10017059m.g	Caamp.0006s0710, Caamp.0001s0088, Caamp.0045s0023, Caamp.0105s0256
OG0000896	Thhalv10026212m.g	Caamp.0003s0647
OG0000896	Thhalv10001021m.g	Caamp.0001s0144, Caamp.0076s0700
OG0000897	Thhalv10000794m.g	Caamp.0001s0161, Caamp.0076s0682
OG0000897	Thhalv10024539m.g	Caamp.0003s0620, Caamp.0190s1023
OG0000898	Thhalv10001031m.g	Caamp.0001s0196
OG0000898	Thhalv10026281m.g	Caamp.0003s0580, Caamp.0190s0971
OG0000899	Thhalv10000930m.g	Caamp.0001s0215
OG0000899	Thhalv10000936m.g, Thhalv10000933m.g	Caamp.0001s0216, Caamp.0076s0611
OG0000899	Thhalv10025579m.g	Caamp.0003s0560
OG0000901	Thhalv10000022m.g	Caamp.0010s0085
OG0000901	Thhalv10024278m.g	Caamp.0105s1298, Caamp.0094s0639
OG0000902	Thhalv10027006m.g	Caamp.0094s0684, Caamp.0105s1340
OG0000902	Thhalv10000014m.g	Caamp.1039s0386
OG0000903	Thhalv10000237m.g	Caamp.0010s0293, Caamp.1039s0189
OG0000903	Thhalv10010420m.g	Caamp.0078s0084, Caamp.0026s0493
OG0000905	Thhalv10002387m.g	Caamp.0101s0123
OG0000905	Thhalv10024358m.g	Caamp.0026s0221, Caamp.0105s0977, Caamp.0094s0320
OG0000907	Thhalv10010150m.g	Caamp.0099s0042, Caamp.0095s0695
OG0000907	Thhalv10016322m.g	Caamp.0102s0077, Caamp.1031s0205
OG0000908	Thhalv10010840m.g	Caamp.0095s0863
OG0000908	Thhalv10017455m.g	Caamp.0105s0777
OG0000909	Thhalv10016314m.g	Caamp.0105s0714, Caamp.0102s0349
OG0000909	Thhalv10010153m.g	Caamp.0078s0508, Caamp.0095s0905
OG0000910	Thhalv10004806m.g	Caamp.0120s0107
OG0000910	Thhalv10017134m.g	Caamp.0102s0372, Caamp.0105s0690
OG0000911	Thhalv10025205m.g	Caamp.0059s0140, Caamp.1041s1170, Caamp.1027s0012
OG0000911	Thhalv10016717m.g	Caamp.0105s0568
OG0000912	Thhalv10016270m.g	Caamp.0105s0537, Caamp.0102s0532
OG0000912	Thhalv10006837m.g	Caamp.1033s0738, Caamp.0007s0128
OG0000913	Thhalv10008120m.g	Caamp.1033s0639, Caamp.0007s0040
OG0000913	Thhalv10017806m.g	Caamp.0102s0583, Caamp.0105s0482
OG0000914	Thhalv10017304m.g	Caamp.0102s0589, Caamp.0105s0475
OG0000914	Thhalv10021546m.g	Caamp.1039s0679, Caamp.0076s1332
OG0000915	Thhalv10013374m.g	Caamp.1037s1455
OG0000915	Thhalv10016570m.g	Caamp.0102s0599, Caamp.0105s0463
OG0000916	Thhalv10006651m.g	Caamp.0188s0858, Caamp.0056s0071
OG0000916	Thhalv10017527m.g	Caamp.0102s0685
OG0000917	Thhalv10028448m.g	Caamp.0102s0833
OG0000917	Thhalv10006855m.g	Caamp.1033s0881
OG0000917	Thhalv10028468m.g	Caamp.0102s0830
OG0000918	Thhalv10008088m.g	Caamp.1033s0897, Caamp.0007s0285
OG0000918	Thhalv10028773m.g	Caamp.0102s0840, Caamp.0028s0122
OG0000919	Thhalv10005546m.g, Thhalv10029475m.g	Caamp.0102s0932, Caamp.0102s0933, Caamp.0102s0935, Caamp.0102s0930
OG0000919	Thhalv10005657m.g, Thhalv10016069m.g	Caamp.1040s0980
OG0000921	Thhalv10029008m.g	Caamp.0049s0022, Caamp.0102s1020
OG0000921	Thhalv10021608m.g	Caamp.0078s0827, Caamp.0214s0148
OG0000922	Thhalv10011421m.g, Thhalv10027312m.g	Caamp.0094s0186
OG0000922	Thhalv10024999m.g, Thhalv10025016m.g	Caamp.1027s0239, Caamp.0094s0185
OG0000923	Thhalv10000661m.g, Thhalv10016193m.g	Caamp.1031s0061
OG0000923	Thhalv10010100m.g	Caamp.0078s0245, Caamp.0095s1043
OG0000924	Thhalv10006131m.g	Caamp.0095s0596
OG0000924	Thhalv10017035m.g	Caamp.1031s0345, Caamp.0076s1627
OG0000925	Thhalv10016231m.g	Caamp.1031s0383, Caamp.0076s1587
OG0000925	Thhalv10005836m.g	Caamp.0023s0125
OG0000926	Thhalv10016971m.g	Caamp.1031s0450, Caamp.0076s1517
OG0000926	Thhalv10006109m.g	Caamp.0095s0457
OG0000927	Thhalv10006135m.g	Caamp.0023s0264, Caamp.0095s0406
OG0000927	Thhalv10006431m.g	Caamp.0095s0405
OG0000927	Thhalv10016961m.g	Caamp.1031s0505, Caamp.0076s1456
OG0000928	Thhalv10001470m.g	Caamp.1031s0515, Caamp.0076s1445
OG0000928	Thhalv10006015m.g	Caamp.0095s0397, Caamp.0023s0270
OG0000929	Thhalv10017716m.g, Thhalv10001590m.g	Caamp.1031s0547
OG0000929	Thhalv10001652m.g, Thhalv10014413m.g	Caamp.1031s0548
OG0000930	Thhalv10019333m.g	Caamp.0064s0134, Caamp.0006s0027
OG0000930	Thhalv10012146m.g, Thhalv10011991m.g	Caamp.0064s0589
OG0000930	Thhalv10001721m.g	Caamp.1031s0555, Caamp.0076s1414
OG0000931	Thhalv10026643m.g	Caamp.1031s0557, Caamp.0076s1235
OG0000931	Thhalv10021815m.g	Caamp.0097s0617, Caamp.1039s1486, Caamp.0022s0147
OG0000932	Thhalv10005823m.g	Caamp.0023s0299, Caamp.0095s0366
OG0000932	Thhalv10001352m.g	Caamp.1031s0559, Caamp.0076s1412, Caamp.1031s0560, Caamp.1031s0558
OG0000933	Thhalv10001008m.g	Caamp.0085s0082
OG0000933	Thhalv10001606m.g	Caamp.1031s0595, Caamp.0018s0013
OG0000933	Thhalv10021411m.g	Caamp.0076s0905
OG0000934	Thhalv10006152m.g	Caamp.0023s0347, Caamp.0095s0327
OG0000934	Thhalv10001572m.g	Caamp.1031s0642
OG0000935	Thhalv10001501m.g	Caamp.0018s0219, Caamp.0303s1021, Caamp.1031s0796
OG0000935	Thhalv10006433m.g	Caamp.0065s0094, Caamp.0023s0479
OG0000936	Thhalv10006318m.g	Caamp.0065s0116
OG0000936	Thhalv10001684m.g	Caamp.0018s0243, Caamp.1031s0820
OG0000937	Thhalv10018420m.g	Caamp.0064s0219, Caamp.0006s0107
OG0000937	Thhalv10007438m.g	Caamp.0190s0143
OG0000938	Thhalv10026527m.g	Caamp.1041s0635, Caamp.0094s1038
OG0000938	Thhalv10008804m.g	Caamp.1033s0082
OG0000939	Thhalv10007239m.g	Caamp.1033s0093
OG0000939	Thhalv10007254m.g	Caamp.1033s0321
OG0000939	Thhalv10007251m.g	Caamp.1033s0092
OG0000941	Thhalv10019240m.g	Caamp.0303s0857, Caamp.1036s0358
OG0000941	Thhalv10009027m.g	Caamp.0037s0443
OG0000942	Thhalv10006773m.g	Caamp.1033s0195, Caamp.0037s0478
OG0000942	Thhalv10018114m.g	Caamp.0303s0885
OG0000943	Thhalv10005321m.g	Caamp.0026s0007
OG0000943	Thhalv10009582m.g	Caamp.1033s0223, Caamp.1033s0213
OG0000943	Thhalv10009207m.g	Caamp.0061s0033
OG0000944	Thhalv10019024m.g	Caamp.0303s0942, Caamp.1036s0446, Caamp.0037s0536, Caamp.1033s0250
OG0000945	Thhalv10007453m.g	Caamp.1033s0332, Caamp.0037s0624
OG0000945	Thhalv10018446m.g	Caamp.0064s0537, Caamp.0002s0350
OG0000946	Thhalv10006628m.g	Caamp.0078s0592, Caamp.0078s0593, Caamp.0021s0021, Caamp.0188s0580
OG0000946	Thhalv10006653m.g	Caamp.1033s0355, Caamp.0021s0010
OG0000947	Thhalv10008274m.g	Caamp.1033s0941, Caamp.0007s0339, Caamp.0007s0328, Caamp.0007s0337, Caamp.0007s0338, Caamp.0007s0333, Caamp.0007s0335, Caamp.0007s0336
OG0000948	Thhalv10007069m.g	Caamp.1033s0973
OG0000948	Thhalv10019435m.g	Caamp.0303s0760, Caamp.0076s0110
OG0000949	Thhalv10012459m.g	Caamp.1038s0379, Caamp.1041s1053
OG0000949	Thhalv10003525m.g	Caamp.0033s0295, Caamp.1035s0102
OG0000950	Thhalv10004688m.g	Caamp.0033s0293, Caamp.1035s0105
OG0000950	Thhalv10014501m.g	Caamp.1038s0382, Caamp.1041s1051
OG0000951	Thhalv10005051m.g	Caamp.1035s0114, Caamp.0033s0281
OG0000952	Thhalv10004754m.g	Caamp.1035s0367
OG0000952	Thhalv10010609m.g	Caamp.0005s0271, Caamp.0026s0289
OG0000953	Thhalv10004168m.g	Caamp.1035s0478, Caamp.0120s0949, Caamp.1035s0477
OG0000953	Thhalv10013475m.g	Caamp.1038s0589, Caamp.0105s1375
OG0000954	Thhalv10003780m.g	Caamp.1035s0828, Caamp.0120s0577
OG0000954	Thhalv10020218m.g	Caamp.0214s0498, Caamp.0303s0158
OG0000955	Thhalv10004543m.g	Caamp.1035s0874, Caamp.0120s0543
OG0000955	Thhalv10021106m.g	Caamp.0214s0530
OG0000956	Thhalv10021483m.g	Caamp.0078s0632
OG0000956	Thhalv10004894m.g	Caamp.1035s0992
OG0000957	Thhalv10003798m.g	Caamp.0120s0137, Caamp.1035s1284
OG0000957	Thhalv10027694m.g	Caamp.0044s0059, Caamp.1041s0073
OG0000958	Thhalv10004680m.g	Caamp.0120s0126
OG0000958	Thhalv10004683m.g	Caamp.0120s0127, Caamp.1035s1294
OG0000959	Thhalv10004248m.g	Caamp.0120s0114, Caamp.1035s1311
OG0000959	Thhalv10007678m.g	Caamp.0188s0432, Caamp.0071s0115
OG0000960	Thhalv10027975m.g	Caamp.1041s0011, Caamp.0059s0132
OG0000960	Thhalv10023737m.g	Caamp.0076s0009
OG0000960	Thhalv10008983m.g	Caamp.1035s1404, Caamp.0188s1080
OG0000961	Thhalv10029349m.g, Thhalv10002126m.g	Caamp.0058s0287
OG0000961	Thhalv10009150m.g	Caamp.0188s1066, Caamp.0188s1068, Caamp.1035s1415
OG0000962	Thhalv10023437m.g	Caamp.1035s1500, Caamp.0188s0961
OG0000962	Thhalv10025149m.g	Caamp.0190s1003
OG0000963	Thhalv10020127m.g	Caamp.0303s0305, Caamp.0214s0635
OG0000963	Thhalv10012750m.g	Caamp.1037s0315, Caamp.1036s0071
OG0000964	Thhalv10020665m.g	Caamp.0303s0350, Caamp.0214s0678
OG0000964	Thhalv10013449m.g	Caamp.1036s0127
OG0000965	Thhalv10019670m.g	Caamp.0303s0900, Caamp.1041s0534, Caamp.1036s0406
OG0000966	Thhalv10028290m.g	Caamp.1036s0570, Caamp.1036s0567
OG0000966	Thhalv10028317m.g	Caamp.1036s0566, Caamp.0026s0732, Caamp.0026s0720, Caamp.0190s1252
OG0000967	Thhalv10013457m.g	Caamp.1037s0420, Caamp.0105s0835
OG0000967	Thhalv10020661m.g	Caamp.0214s0430, Caamp.0303s0083
OG0000968	Thhalv10013240m.g	Caamp.0105s0851, Caamp.1037s0438
OG0000968	Thhalv10013236m.g	Caamp.1041s1203, Caamp.1038s0220
OG0000969	Thhalv10013655m.g	Caamp.1040s0276, Caamp.1037s0628
OG0000969	Thhalv10010407m.g	Caamp.0097s0072, Caamp.0097s0070
OG0000970	Thhalv10015037m.g	Caamp.1037s1029, Caamp.1040s0659, Caamp.0003s0066, Caamp.0190s0429
OG0000971	Thhalv10026654m.g	Caamp.0094s1144, Caamp.0190s0337
OG0000971	Thhalv10015094m.g, Thhalv10015081m.g	Caamp.1040s0865
OG0000973	Thhalv10014982m.g	Caamp.1037s1463
OG0000973	Thhalv10026532m.g	Caamp.1040s1131, Caamp.0003s0101, Caamp.0190s0466
OG0000974	Thhalv10015356m.g	Caamp.1038s0006
OG0000974	Thhalv10022679m.g	Caamp.0190s1338, Caamp.0026s0625
OG0000975	Thhalv10021544m.g	Caamp.0023s0074, Caamp.0078s1105
OG0000975	Thhalv10014708m.g	Caamp.1038s0098, Caamp.1041s1333
OG0000976	Thhalv10014365m.g, Thhalv10014363m.g	Caamp.1041s1291, Caamp.1038s0140, Caamp.1038s0141, Caamp.1041s1290
OG0000977	Thhalv10022698m.g, Thhalv10013628m.g	Caamp.1038s0315, Caamp.1038s0316, Caamp.1041s1119, Caamp.1041s1118
OG0000978	Thhalv10013100m.g	Caamp.1041s1111, Caamp.1038s0322
OG0000978	Thhalv10007226m.g	Caamp.0024s0285, Caamp.0056s0169
OG0000979	Thhalv10012720m.g	Caamp.1038s0868
OG0000979	Thhalv10024421m.g	Caamp.0105s1218
OG0000980	Thhalv10015160m.g	Caamp.1038s0871, Caamp.0105s1659
OG0000980	Thhalv10021868m.g	Caamp.0099s0101, Caamp.0095s0639, Caamp.0078s0897
OG0000981	Thhalv10024505m.g	Caamp.0095s0182
OG0000981	Thhalv10026993m.g	Caamp.0003s0806, Caamp.0095s0186
OG0000982	Thhalv10005317m.g, Thhalv10015462m.g	Caamp.0105s1938
OG0000982	Thhalv10009079m.g	Caamp.0024s0308
OG0000982	Thhalv10021727m.g	Caamp.0303s0357
OG0000983	Thhalv10014581m.g	Caamp.0105s1968
OG0000983	Thhalv10022392m.g, Thhalv10023841m.g	Caamp.0078s0737, Caamp.0214s0236
OG0000984	Thhalv10002453m.g	Caamp.1039s0582
OG0000984	Thhalv10013091m.g, Thhalv10024707m.g	Caamp.0003s0604, Caamp.0190s1001
OG0000985	Thhalv10011290m.g	Caamp.0037s0182, Caamp.0040s0205
OG0000985	Thhalv10020227m.g	Caamp.1039s0694, Caamp.0076s1347
OG0000986	Thhalv10011855m.g	Caamp.0037s0253
OG0000986	Thhalv10021747m.g	Caamp.0105s0048, Caamp.1039s0782
OG0000987	Thhalv10026502m.g, Thhalv10026320m.g	Caamp.0090s0021, Caamp.0095s0044
OG0000987	Thhalv10021447m.g	Caamp.0051s0142, Caamp.1039s0876
OG0000988	Thhalv10011825m.g	Caamp.0097s0328
OG0000988	Thhalv10021672m.g	Caamp.0064s0614, Caamp.0051s0182, Caamp.1039s0916
OG0000989	Thhalv10020551m.g	Caamp.0051s0194, Caamp.1039s0927
OG0000989	Thhalv10011408m.g	Caamp.0064s0622, Caamp.0097s0320
OG0000990	Thhalv10011451m.g	Caamp.0064s0743
OG0000990	Thhalv10012068m.g	Caamp.0064s0677
OG0000990	Thhalv10020595m.g	Caamp.1039s0989, Caamp.0051s0253
OG0000991	Thhalv10027376m.g	Caamp.1039s1057, Caamp.0105s1469
OG0000991	Thhalv10027516m.g, Thhalv10027471m.g, Thhalv10005679m.g, Thhalv10003090m.g, Thhalv10002977m.g, Thhalv10002868m.g, Thhalv10002795m.g	Caamp.0026s0127
OG0000992	Thhalv10021799m.g	Caamp.0051s0323, Caamp.0051s0324
OG0000992	Thhalv10019341m.g	Caamp.0006s0071, Caamp.0064s0184
OG0000992	Thhalv10021801m.g	Caamp.1039s1061
OG0000993	Thhalv10011199m.g	Caamp.1041s0725, Caamp.0064s0777
OG0000993	Thhalv10019955m.g	Caamp.1039s1104, Caamp.0051s0365
OG0000994	Thhalv10012080m.g	Caamp.0064s0832
OG0000994	Thhalv10021218m.g	Caamp.1039s1183, Caamp.0053s0039
OG0000995	Thhalv10020911m.g, Thhalv10020952m.g	Caamp.0053s0073
OG0000995	Thhalv10021949m.g, Thhalv10020926m.g	Caamp.1039s1222
OG0000996	Thhalv10024939m.g	Caamp.0097s0495, Caamp.0022s0024
OG0000996	Thhalv10020525m.g	Caamp.1039s1339, Caamp.0053s0177
OG0000997	Thhalv10025705m.g	Caamp.0022s0182, Caamp.0097s0666
OG0000997	Thhalv10003088m.g	Caamp.0076s1270, Caamp.1039s1521
OG0000998	Thhalv10028546m.g	Caamp.1041s1584, Caamp.1040s0198
OG0000998	Thhalv10007177m.g	Caamp.0188s1005
OG0000999	Thhalv10015349m.g, Thhalv10015954m.g, Thhalv10015750m.g, Thhalv10015599m.g	Caamp.0011s0014, Caamp.0011s0016, Caamp.1040s0497, Caamp.1040s0475
OG0001000	Thhalv10015846m.g	Caamp.1040s0877, Caamp.1040s0876, Caamp.1040s0878
OG0001001	Thhalv10026232m.g	Caamp.0190s0507, Caamp.0003s0163
OG0001001	Thhalv10014661m.g	Caamp.1040s1217
OG0001003	Thhalv10023231m.g	Caamp.0303s1133
OG0001003	Thhalv10027632m.g	Caamp.1041s0071, Caamp.0044s0057
OG0001004	Thhalv10025801m.g	Caamp.1041s0424, Caamp.0093s0064, Caamp.0095s1226, Caamp.0094s0833
OG0001005	Thhalv10026507m.g	Caamp.1041s0500
OG0001005	Thhalv10002093m.g	Caamp.0030s0020, Caamp.0093s0001, Caamp.0095s1300
OG0001006	Thhalv10002096m.g	Caamp.0079s0014, Caamp.0095s1289
OG0001006	Thhalv10026202m.g	Caamp.1041s0524, Caamp.0094s0938
OG0001007	Thhalv10019199m.g	Caamp.0002s0181, Caamp.0303s0689, Caamp.0097s0434
OG0001007	Thhalv10019202m.g, Thhalv10027955m.g	Caamp.1041s0825
OG0001008	Thhalv10019535m.g, Thhalv10028103m.g, Thhalv10009391m.g, Thhalv10012401m.g	Caamp.1041s0835
OG0001009	Thhalv10015947m.g	Caamp.1041s1046
OG0001009	Thhalv10004090m.g	Caamp.0033s0287
OG0001009	Thhalv10004087m.g	Caamp.0033s0288
OG0001010	Thhalv10029287m.g	Caamp.1041s1703
OG0001010	Thhalv10029400m.g	Caamp.0052s0474
OG0001010	Thhalv10026290m.g	Caamp.0003s0492, Caamp.0190s0882
OG0001011	Thhalv10028374m.g	Caamp.0052s0470, Caamp.1041s1707
OG0001011	Thhalv10024273m.g	Caamp.0004s0054, Caamp.0190s0881
OG0001012	Thhalv10028462m.g	Caamp.1041s1744, Caamp.0052s0432
OG0001013	Thhalv10010327m.g	Caamp.0026s0538, Caamp.0078s0138
OG0001013	Thhalv10010324m.g	Caamp.0078s0139
OG0001013	Thhalv10005518m.g	Caamp.0033s0424, Caamp.1041s1999
OG0001014	Thhalv10007987m.g	Caamp.0056s0271, Caamp.0024s0386
OG0001014	Thhalv10016840m.g	Caamp.0013s0324, Caamp.0105s0125
OG0001015	Thhalv10007787m.g	Caamp.0056s0137, Caamp.0188s0789
OG0001015	Thhalv10016736m.g	Caamp.0013s0165, Caamp.0105s0285
OG0001016	Thhalv10009042m.g	Caamp.0066s0125, Caamp.0105s0351
OG0001016	Thhalv10017386m.g	Caamp.0188s0842
OG0001017	Thhalv10012395m.g	Caamp.0190s0214
OG0001017	Thhalv10017841m.g	Caamp.0105s1772, Caamp.0105s0428
OG0001018	Thhalv10025054m.g	Caamp.0094s0246
OG0001018	Thhalv10023133m.g	Caamp.0093s0093, Caamp.0095s1204
OG0001019	Thhalv10022657m.g	Caamp.0095s1197, Caamp.0093s0100
OG0001019	Thhalv10024974m.g	Caamp.0105s0917
OG0001020	Thhalv10024668m.g	Caamp.0105s0926, Caamp.0094s0261
OG0001020	Thhalv10022590m.g	Caamp.0093s0118, Caamp.0095s1180
OG0001021	Thhalv10024177m.g	Caamp.0105s0959
OG0001021	Thhalv10022516m.g	Caamp.0093s0163, Caamp.0095s1137
OG0001022	Thhalv10025162m.g	Caamp.0002s0228
OG0001022	Thhalv10002840m.g	Caamp.0026s0673, Caamp.0076s0168
OG0001022	Thhalv10028650m.g	Caamp.0105s1220, Caamp.0094s0561
OG0001023	Thhalv10001891m.g	Caamp.0004s0268
OG0001023	Thhalv10024257m.g	Caamp.0094s0579, Caamp.0105s1243
OG0001024	Thhalv10007791m.g	Caamp.0052s0193
OG0001024	Thhalv10023501m.g	Caamp.0007s0424, Caamp.0011s0012
OG0001025	Thhalv10007759m.g	Caamp.0188s0133
OG0001025	Thhalv10023493m.g	Caamp.0052s0184, Caamp.0007s0442, Caamp.0011s0030
OG0001026	Thhalv10023686m.g	Caamp.0007s0460, Caamp.0011s0042
OG0001027	Thhalv10007717m.g	Caamp.0052s0138, Caamp.0188s0099
OG0001027	Thhalv10023481m.g	Caamp.0011s0089, Caamp.0007s0489
OG0001028	Thhalv10023563m.g	Caamp.0015s0039
OG0001028	Thhalv10024141m.g	Caamp.0054s0051
OG0001028	Thhalv10023950m.g	Caamp.0007s0520, Caamp.0011s0105
OG0001029	Thhalv10021900m.g, Thhalv10015219m.g	Caamp.0011s0117, Caamp.0097s1055, Caamp.0303s0029, Caamp.0027s0071
OG0001030	Thhalv10023810m.g, Thhalv10024150m.g, Thhalv10023754m.g	Caamp.0020s0042, Caamp.0020s0035, Caamp.0011s0171, Caamp.0011s0163
OG0001031	Thhalv10023666m.g	Caamp.0015s0054
OG0001032	Thhalv10008484m.g	Caamp.0188s0254, Caamp.0071s0286
OG0001032	Thhalv10024164m.g, Thhalv10023654m.g	Caamp.0015s0192, Caamp.0303s1306
OG0001033	Thhalv10002841m.g	Caamp.0005s0083
OG0001033	Thhalv10011078m.g	Caamp.0016s0040
OG0001033	Thhalv10002941m.g	Caamp.0097s0136, Caamp.0097s0137, Caamp.0005s0084
OG0001034	Thhalv10001402m.g	Caamp.0018s0267
OG0001034	Thhalv10005732m.g, Thhalv10001401m.g	Caamp.0076s0112, Caamp.0303s0757
OG0001035	Thhalv10006812m.g	Caamp.0071s0266
OG0001035	Thhalv10006766m.g	Caamp.0071s0257
OG0001036	Thhalv10006661m.g	Caamp.0188s0313, Caamp.0052s0269
OG0001036	Thhalv10005765m.g	Caamp.0023s0174, Caamp.0095s0496
OG0001037	Thhalv10018037m.g	Caamp.0084s0023, Caamp.0006s0735
OG0001037	Thhalv10006622m.g	Caamp.0188s0681, Caamp.0040s0145
OG0001038	Thhalv10019084m.g	Caamp.0064s0042, Caamp.0006s0681
OG0001038	Thhalv10015786m.g, Thhalv10021502m.g, Thhalv10008662m.g	Caamp.0046s0158, Caamp.0188s0721
OG0001039	Thhalv10008440m.g	Caamp.0188s0728, Caamp.0046s0166
OG0001039	Thhalv10019001m.g	Caamp.0006s0673, Caamp.0064s0050
OG0001040	Thhalv10008157m.g, Thhalv10008202m.g	Caamp.0056s0145, Caamp.0188s0783, Caamp.0094s0979, Caamp.0188s0782
OG0001041	Thhalv10003243m.g, Thhalv10003244m.g	Caamp.0064s0377, Caamp.0058s0175
OG0001041	Thhalv10009880m.g	Caamp.0056s0064, Caamp.0188s0865
OG0001042	Thhalv10003280m.g	Caamp.0064s0360
OG0001042	Thhalv10022926m.g, Thhalv10008972m.g	Caamp.0058s0187, Caamp.0056s0052, Caamp.0188s0872
OG0001044	Thhalv10009078m.g	Caamp.0190s0042, Caamp.0046s0515
OG0001044	Thhalv10019312m.g	Caamp.0006s0213
OG0001045	Thhalv10009424m.g	Caamp.0190s0065
OG0001045	Thhalv10018375m.g	Caamp.0006s0198, Caamp.0064s0315
OG0001046	Thhalv10008253m.g	Caamp.0046s0546, Caamp.0190s0073
OG0001046	Thhalv10018908m.g	Caamp.0006s0188
OG0001047	Thhalv10027589m.g	Caamp.0190s0314, Caamp.0093s0042, Caamp.0079s0059, Caamp.0095s1251, Caamp.0094s1124
OG0001048	Thhalv10024596m.g	Caamp.0190s0459, Caamp.0190s0461, Caamp.0003s0096, Caamp.0003s0093
OG0001049	Thhalv10022085m.g	Caamp.0214s0823, Caamp.0303s0505
OG0001049	Thhalv10026607m.g	Caamp.0190s0655, Caamp.0003s0270
OG0001050	Thhalv10007878m.g	Caamp.0037s0365
OG0001050	Thhalv10025421m.g	Caamp.0190s0784
OG0001050	Thhalv10007889m.g	Caamp.0037s0366
OG0001051	Thhalv10024480m.g	Caamp.0190s0830
OG0001052	Thhalv10010282m.g	Caamp.0095s0840
OG0001052	Thhalv10022696m.g	Caamp.0190s1246, Caamp.0026s0728
OG0001053	Thhalv10008586m.g	Caamp.0193s0001
OG0001053	Thhalv10019057m.g, Thhalv10002707m.g	Caamp.0076s0388, Caamp.0006s0332
OG0001054	Thhalv10002234m.g	Caamp.0007s0530
OG0001054	Thhalv10005644m.g, Thhalv10003346m.g, Thhalv10016010m.g, Thhalv10002217m.g, Thhalv10026769m.g, Thhalv10009766m.g, Thhalv10005358m.g, Thhalv10000462m.g, Thhalv10002797m.g, Thhalv10015887m.g	Caamp.0075s0013, Caamp.0021s0029
OG0001055	Thhalv10021092m.g	Caamp.0078s0725, Caamp.0214s0246
OG0001055	Thhalv10021063m.g	Caamp.0214s0245, Caamp.0078s0727
OG0001056	Thhalv10003126m.g, Thhalv10007971m.g	Caamp.0095s0545
OG0001056	Thhalv10008546m.g, Thhalv10003127m.g	Caamp.0023s0117, Caamp.0095s0546, Caamp.0023s0116
OG0001057	Thhalv10006470m.g	Caamp.0095s0470, Caamp.0023s0200
OG0001058	Thhalv10005900m.g	Caamp.0023s0520, Caamp.0065s0132
OG0001058	Thhalv10011470m.g	Caamp.0023s0519, Caamp.0065s0131
OG0001059	Thhalv10010024m.g	Caamp.0046s0371, Caamp.0024s0107
OG0001059	Thhalv10018683m.g	Caamp.0076s0339, Caamp.0006s0382
OG0001059	Thhalv10004424m.g	Caamp.0004s0155
OG0001061	Thhalv10010068m.g	Caamp.0005s0342, Caamp.0026s0357
OG0001061	Thhalv10010066m.g	Caamp.0005s0341, Caamp.0026s0356
OG0001062	Thhalv10003830m.g	Caamp.0033s0324
OG0001062	Thhalv10010190m.g	Caamp.0078s0061, Caamp.0026s0468
OG0001063	Thhalv10023952m.g	Caamp.0436s0046
OG0001063	Thhalv10027937m.g	Caamp.0266s0043
OG0001064	Thhalv10011873m.g	Caamp.0027s0087
OG0001064	Thhalv10003293m.g	Caamp.0064s0419, Caamp.0058s0139
OG0001065	Thhalv10005434m.g	Caamp.0095s0855
OG0001065	Thhalv10005441m.g, Thhalv10002164m.g, Thhalv10003316m.g, Thhalv10027513m.g, Thhalv10015402m.g, Thhalv10002917m.g, Thhalv10003388m.g, Thhalv10002269m.g	Caamp.0028s0032
OG0001068	Thhalv10007582m.g	Caamp.0071s0182
OG0001068	Thhalv10023450m.g	Caamp.0303s1206
OG0001069	Thhalv10022382m.g	Caamp.0037s0353
OG0001071	Thhalv10025034m.g	Caamp.0094s0585
OG0001071	Thhalv10001970m.g	Caamp.0004s0248, Caamp.0008s0144
OG0001072	Thhalv10012388m.g, Thhalv10024063m.g, Thhalv10029293m.g, Thhalv10002316m.g, Thhalv10027512m.g, Thhalv10015254m.g, Thhalv10024008m.g, Thhalv10002281m.g, Thhalv10012362m.g, Thhalv10015776m.g, Thhalv10015760m.g, Thhalv10012358m.g, Thhalv10029439m.g	Caamp.0055s0022
OG0001073	Thhalv10012272m.g, Thhalv10012363m.g, Thhalv10012026m.g, Thhalv10012032m.g, Thhalv10012186m.g, Thhalv10011957m.g, Thhalv10012113m.g, Thhalv10012355m.g, Thhalv10012168m.g	Caamp.0064s0708
OG0001074	Thhalv10000734m.g, Thhalv10000744m.g	Caamp.0085s0020, Caamp.0076s0850, Caamp.0076s0851, Caamp.0085s0021
OG0001075	Thhalv10005701m.g, Thhalv10005569m.g, Thhalv10004936m.g, Thhalv10001186m.g, Thhalv10000995m.g, Thhalv10005549m.g	Caamp.0076s1057
OG0001076	Thhalv10010166m.g, Thhalv10010125m.g	Caamp.0095s0776, Caamp.0078s0377, Caamp.0095s0775
OG0001077	Thhalv10000293m.g	Caamp.0097s0387
OG0001077	Thhalv10026831m.g	Caamp.0095s0112, Caamp.0097s0386, Caamp.0095s0113, Caamp.0097s0385
OG0001078	Thhalv10010610m.g, Thhalv10002227m.g	Caamp.0099s0009
OG0001078	Thhalv10010605m.g	Caamp.0095s0723
OG0001087	Thhalv10000808m.g	Caamp.0001s0050
OG0001087	Thhalv10024688m.g	Caamp.0095s0247, Caamp.0003s0747
OG0001088	Thhalv10001064m.g	Caamp.0001s0099, Caamp.0076s0741
OG0001088	Thhalv10001128m.g	Caamp.0001s0098
OG0001089	Thhalv10000751m.g	Caamp.0001s0190
OG0001089	Thhalv10000747m.g	Caamp.0001s0188
OG0001090	Thhalv10001121m.g	Caamp.0001s0202, Caamp.0001s0205
OG0001091	Thhalv10009444m.g	Caamp.1033s0786
OG0001091	Thhalv10008153m.g	Caamp.0001s0238
OG0001092	Thhalv10001000m.g	Caamp.0001s0255, Caamp.0076s0572
OG0001092	Thhalv10026002m.g	Caamp.0003s0521, Caamp.0190s0913
OG0001093	Thhalv10002664m.g	Caamp.0026s0085, Caamp.1039s1636
OG0001093	Thhalv10026217m.g	Caamp.0001s0336
OG0001095	Thhalv10017968m.g, Thhalv10000636m.g	Caamp.0010s0104, Caamp.1039s0412, Caamp.0010s0105
OG0001095	Thhalv10000474m.g, Thhalv10000450m.g	Caamp.1039s0411
OG0001096	Thhalv10015373m.g	Caamp.1037s0456
OG0001096	Thhalv10000065m.g	Caamp.1037s0455, Caamp.0105s0868, Caamp.0010s0167
OG0001097	Thhalv10018783m.g	Caamp.0006s0563, Caamp.1033s0739, Caamp.0012s0118, Caamp.0010s0182
OG0001098	Thhalv10000182m.g	Caamp.1039s0289, Caamp.0010s0185
OG0001098	Thhalv10025332m.g	Caamp.1041s0338
OG0001099	Thhalv10000456m.g	Caamp.0096s0018, Caamp.1039s0139, Caamp.1039s0141
OG0001099	Thhalv10000567m.g, Thhalv10000706m.g, Thhalv10000491m.g, Thhalv10000581m.g	Caamp.0010s0215
OG0001100	Thhalv10005914m.g, Thhalv10005932m.g	Caamp.0023s0248
OG0001100	Thhalv10028613m.g	Caamp.0097s0276
OG0001100	Thhalv10005926m.g	Caamp.0010s0216, Caamp.1039s0262
OG0001101	Thhalv10025952m.g	Caamp.1041s0396, Caamp.0094s0808
OG0001101	Thhalv10000290m.g	Caamp.0010s0234, Caamp.1039s0246
OG0001102	Thhalv10000180m.g	Caamp.0010s0301
OG0001102	Thhalv10025368m.g	Caamp.0094s0172, Caamp.1027s0219, Caamp.1039s0185
OG0001103	Thhalv10009698m.g	Caamp.0010s0306, Caamp.0107s0013
OG0001103	Thhalv10025191m.g, Thhalv10026919m.g	Caamp.0022s0032, Caamp.0097s0503, Caamp.0022s0034, Caamp.0097s0506
OG0001105	Thhalv10016776m.g	Caamp.0101s0100, Caamp.0097s0729
OG0001105	Thhalv10025153m.g, Thhalv10007880m.g	Caamp.0303s0560, Caamp.0052s0047
OG0001106	Thhalv10006245m.g	Caamp.0099s0110, Caamp.0102s0004, Caamp.0095s0629, Caamp.0095s0630
OG0001106	Thhalv10017412m.g	Caamp.1031s0285, Caamp.1031s0292
OG0001107	Thhalv10016672m.g	Caamp.0102s0068
OG0001107	Thhalv10010386m.g	Caamp.0099s0055, Caamp.0095s0683
OG0001108	Thhalv10016145m.g	Caamp.1031s0177, Caamp.0102s0102
OG0001108	Thhalv10010064m.g	Caamp.0099s0010, Caamp.0095s0722
OG0001109	Thhalv10001481m.g	Caamp.0102s0151, Caamp.0076s1409
OG0001109	Thhalv10005989m.g	Caamp.0023s0302
OG0001110	Thhalv10016497m.g	Caamp.0102s0155
OG0001110	Thhalv10010274m.g	Caamp.0095s0780, Caamp.0078s0382
OG0001111	Thhalv10023701m.g	Caamp.0078s0521
OG0001111	Thhalv10017224m.g	Caamp.0102s0383
OG0001111	Thhalv10010721m.g	Caamp.0105s0678
OG0001112	Thhalv10010779m.g	Caamp.0078s0368, Caamp.0095s0924
OG0001112	Thhalv10017341m.g	Caamp.0102s0388, Caamp.0105s0673
OG0001113	Thhalv10016506m.g	Caamp.0102s0391
OG0001113	Thhalv10010288m.g	Caamp.0078s0365, Caamp.0095s0927
OG0001114	Thhalv10009404m.g	Caamp.0102s0464
OG0001114	Thhalv10017759m.g	Caamp.0188s0238
OG0001115	Thhalv10024621m.g	Caamp.0095s0138, Caamp.0097s0408
OG0001115	Thhalv10016360m.g	Caamp.0102s0475
OG0001116	Thhalv10022834m.g	Caamp.0190s1191
OG0001116	Thhalv10017195m.g	Caamp.0105s0550, Caamp.0102s0517
OG0001117	Thhalv10007175m.g	Caamp.0046s0238, Caamp.0024s0243
OG0001117	Thhalv10016446m.g	Caamp.0105s0523, Caamp.0102s0543
OG0001118	Thhalv10006546m.g	Caamp.1033s0672
OG0001118	Thhalv10016133m.g	Caamp.0105s0495, Caamp.0102s0573
OG0001119	Thhalv10028508m.g	Caamp.0028s0202
OG0001119	Thhalv10028491m.g	Caamp.0102s0731
OG0001120	Thhalv10028595m.g	Caamp.0102s0847
OG0001120	Thhalv10028767m.g	Caamp.0028s0114, Caamp.0102s0848
OG0001121	Thhalv10029081m.g	Caamp.0102s0874, Caamp.0028s0090
OG0001121	Thhalv10009154m.g	Caamp.1033s0120, Caamp.0037s0398
OG0001122	Thhalv10019251m.g	Caamp.0102s0909
OG0001122	Thhalv10019244m.g	Caamp.0002s0083, Caamp.0002s0085
OG0001124	Thhalv10022626m.g	Caamp.0190s1306
OG0001124	Thhalv10024812m.g	Caamp.0094s0419, Caamp.0105s1081
OG0001125	Thhalv10024409m.g	Caamp.0094s0020, Caamp.1027s0069
OG0001125	Thhalv10000043m.g	Caamp.1039s0037
OG0001126	Thhalv10000141m.g	Caamp.1039s0061, Caamp.0059s0060, Caamp.0005s0206
OG0001126	Thhalv10024927m.g	Caamp.1027s0091, Caamp.0094s0044
OG0001127	Thhalv10024861m.g	Caamp.0094s0105, Caamp.1027s0159
OG0001127	Thhalv10000114m.g	Caamp.0059s0008, Caamp.1039s0118
OG0001128	Thhalv10026770m.g	Caamp.0094s0143, Caamp.1027s0196
OG0001128	Thhalv10003764m.g	Caamp.0033s0315, Caamp.1035s0081
OG0001129	Thhalv10000072m.g	Caamp.1039s0164, Caamp.0096s0037
OG0001129	Thhalv10024837m.g	Caamp.1027s0199, Caamp.0094s0148
OG0001130	Thhalv10027443m.g	Caamp.0094s0182, Caamp.1027s0237
OG0001130	Thhalv10024979m.g, Thhalv10026880m.g	Caamp.1027s0236
OG0001131	Thhalv10017738m.g	Caamp.0190s1319
OG0001131	Thhalv10027416m.g, Thhalv10009339m.g	Caamp.1031s0263
OG0001132	Thhalv10016437m.g	Caamp.0076s1629, Caamp.1031s0344
OG0001132	Thhalv10005861m.g	Caamp.0095s0594
OG0001133	Thhalv10016134m.g	Caamp.1031s0351, Caamp.0076s1621
OG0001133	Thhalv10012425m.g	Caamp.0105s1698, Caamp.1038s0915
OG0001134	Thhalv10016972m.g	Caamp.0076s1586, Caamp.1031s0384
OG0001134	Thhalv10015304m.g	Caamp.0214s0106, Caamp.0078s0868, Caamp.1038s0908
OG0001135	Thhalv10016183m.g	Caamp.1031s0392, Caamp.0076s1576
OG0001135	Thhalv10005772m.g	Caamp.0095s0533, Caamp.0023s0129
OG0001136	Thhalv10016715m.g	Caamp.1031s0493, Caamp.0076s1467
OG0001136	Thhalv10005929m.g	Caamp.0023s0254, Caamp.0095s0415
OG0001137	Thhalv10006159m.g	Caamp.0095s0326, Caamp.0023s0349
OG0001137	Thhalv10001587m.g	Caamp.1031s0650, Caamp.0018s0066
OG0001138	Thhalv10026582m.g	Caamp.0095s0108, Caamp.0097s0383
OG0001138	Thhalv10006314m.g	Caamp.0018s0098, Caamp.1031s0682
OG0001139	Thhalv10001277m.g	Caamp.0018s0133, Caamp.1031s0712
OG0001139	Thhalv10005733m.g	Caamp.0065s0031, Caamp.0023s0409
OG0001140	Thhalv10005812m.g	Caamp.0065s0078, Caamp.0023s0463
OG0001140	Thhalv10001332m.g	Caamp.0018s0193, Caamp.1031s0774
OG0001141	Thhalv10006092m.g	Caamp.0023s0492, Caamp.0065s0108
OG0001141	Thhalv10001503m.g	Caamp.1031s0811
OG0001142	Thhalv10001449m.g	Caamp.1031s0841
OG0001142	Thhalv10005997m.g	Caamp.0023s0513, Caamp.0065s0127
OG0001143	Thhalv10001719m.g	Caamp.1031s0845, Caamp.0018s0270
OG0001143	Thhalv10006424m.g	Caamp.0023s0517, Caamp.0065s0129
OG0001144	Thhalv10008988m.g	Caamp.1033s0169
OG0001144	Thhalv10001668m.g	Caamp.1031s0855
OG0001144	Thhalv10006290m.g	Caamp.0018s0281, Caamp.0065s0140, Caamp.0023s0530
OG0001145	Thhalv10005815m.g	Caamp.0065s0143
OG0001145	Thhalv10001337m.g	Caamp.1031s0858
OG0001146	Thhalv10001714m.g	Caamp.0018s0306, Caamp.1031s0878
OG0001146	Thhalv10006359m.g	Caamp.1035s0476, Caamp.0065s0153, Caamp.0023s0543
OG0001147	Thhalv10009822m.g, Thhalv10007282m.g	Caamp.0190s0122, Caamp.1033s0001
OG0001147	Thhalv10018371m.g	Caamp.0006s0130
OG0001148	Thhalv10018171m.g	Caamp.0006s0088
OG0001148	Thhalv10007966m.g	Caamp.0037s0326, Caamp.1033s0045
OG0001149	Thhalv10018874m.g	Caamp.0064s0191, Caamp.0006s0078
OG0001149	Thhalv10010029m.g	Caamp.1033s0048, Caamp.0037s0329
OG0001150	Thhalv10013094m.g	Caamp.1033s0150, Caamp.0037s0431, Caamp.1041s1281, Caamp.1038s0150
OG0001151	Thhalv10007569m.g	Caamp.1033s0163, Caamp.0037s0446
OG0001151	Thhalv10007563m.g	Caamp.0188s0285
OG0001152	Thhalv10019797m.g	Caamp.1036s0370, Caamp.0303s0870, Caamp.1033s0173, Caamp.0037s0456
OG0001153	Thhalv10007133m.g	Caamp.0076s0430, Caamp.0006s0291, Caamp.0037s0605, Caamp.1033s0316
OG0001154	Thhalv10007992m.g	Caamp.0064s0526, Caamp.0002s0337, Caamp.1033s0340, Caamp.0037s0630
OG0001155	Thhalv10007648m.g	Caamp.0037s0676, Caamp.1033s0397
OG0001155	Thhalv10018778m.g	Caamp.0002s0246
OG0001155	Thhalv10019811m.g	Caamp.0303s0637
OG0001156	Thhalv10019219m.g	Caamp.0002s0241
OG0001156	Thhalv10008942m.g	Caamp.0037s0678, Caamp.1033s0399
OG0001157	Thhalv10009506m.g, Thhalv10001793m.g, Thhalv10017552m.g, Thhalv10017670m.g, Thhalv10017549m.g, Thhalv10007663m.g	Caamp.0070s0079, Caamp.1033s0459
OG0001158	Thhalv10021159m.g	Caamp.1039s0764, Caamp.0105s0029
OG0001158	Thhalv10011666m.g	Caamp.1033s0496
OG0001159	Thhalv10008675m.g, Thhalv10026150m.g	Caamp.1033s0655, Caamp.0090s0054, Caamp.1033s0654, Caamp.0007s0054
OG0001160	Thhalv10007308m.g	Caamp.1033s0707
OG0001160	Thhalv10007344m.g	Caamp.0071s0224
OG0001160	Thhalv10007313m.g	Caamp.0275s0029
OG0001161	Thhalv10017454m.g, Thhalv10008891m.g	Caamp.1033s0774, Caamp.0007s0173
OG0001162	Thhalv10012370m.g	Caamp.1033s0817, Caamp.1033s0818, Caamp.0007s0205, Caamp.0004s0014, Caamp.0004s0015
OG0001163	Thhalv10001856m.g	Caamp.0190s0629, Caamp.1033s1030, Caamp.0008s0002, Caamp.1033s1027
OG0001163	Thhalv10001845m.g	Caamp.0008s0001, Caamp.0190s0628, Caamp.1033s1029
OG0001164	Thhalv10004631m.g	Caamp.1035s0045, Caamp.0033s0345
OG0001164	Thhalv10010622m.g	Caamp.0078s0076, Caamp.0026s0485
OG0001165	Thhalv10003576m.g	Caamp.0033s0319, Caamp.1035s0071
OG0001165	Thhalv10010095m.g	Caamp.0099s0019
OG0001166	Thhalv10015061m.g	Caamp.0033s0245, Caamp.1035s0161, Caamp.1041s1005, Caamp.1038s0424
OG0001167	Thhalv10004034m.g	Caamp.1035s0269, Caamp.0033s0135
OG0001167	Thhalv10013288m.g	Caamp.1038s0508, Caamp.1041s0919
OG0001168	Thhalv10003541m.g	Caamp.1035s0377
OG0001168	Thhalv10010077m.g	Caamp.0005s0249, Caamp.0026s0268
OG0001169	Thhalv10012600m.g	Caamp.1038s0641
OG0001169	Thhalv10003615m.g	Caamp.0033s0008, Caamp.1035s0392
OG0001170	Thhalv10015927m.g	Caamp.1038s0639, Caamp.0105s1430
OG0001170	Thhalv10004970m.g	Caamp.1035s0394, Caamp.0033s0005
OG0001171	Thhalv10015053m.g	Caamp.1040s1102, Caamp.0120s0846, Caamp.1035s0557
OG0001172	Thhalv10013993m.g	Caamp.1041s0266
OG0001172	Thhalv10004347m.g	Caamp.0120s0886, Caamp.1035s0600
OG0001173	Thhalv10003976m.g	Caamp.1035s0620
OG0001173	Thhalv10005522m.g, Thhalv10004072m.g	Caamp.0052s0533
OG0001174	Thhalv10022047m.g	Caamp.0051s0213
OG0001174	Thhalv10005460m.g	Caamp.1035s0780, Caamp.0120s0627
OG0001174	Thhalv10021847m.g	Caamp.0214s0458, Caamp.0303s0111
OG0001175	Thhalv10029368m.g, Thhalv10016716m.g, Thhalv10027104m.g, Thhalv10006490m.g, Thhalv10016886m.g, Thhalv10001524m.g	Caamp.1035s0786
OG0001175	Thhalv10027244m.g	Caamp.0095s0237
OG0001176	Thhalv10003734m.g	Caamp.1035s0808
OG0001176	Thhalv10020314m.g	Caamp.0214s0480, Caamp.0303s0136
OG0001177	Thhalv10021598m.g	Caamp.0214s0482
OG0001177	Thhalv10004865m.g	Caamp.0303s0138, Caamp.1035s0810, Caamp.0120s0593
OG0001178	Thhalv10005133m.g	Caamp.1035s0814, Caamp.0120s0589
OG0001178	Thhalv10021770m.g	Caamp.0303s0143
OG0001179	Thhalv10022131m.g	Caamp.0303s0195
OG0001179	Thhalv10003536m.g	Caamp.1035s0867, Caamp.0074s0004
OG0001180	Thhalv10021151m.g	Caamp.1035s0878, Caamp.0214s0545
OG0001180	Thhalv10004731m.g, Thhalv10004598m.g	Caamp.0120s0536
OG0001181	Thhalv10021752m.g, Thhalv10005344m.g, Thhalv10005119m.g	Caamp.0303s0205, Caamp.0214s0547, Caamp.0120s0533, Caamp.1035s0882
OG0001182	Thhalv10020729m.g	Caamp.0078s0647, Caamp.0214s0319
OG0001182	Thhalv10004031m.g	Caamp.1035s1007, Caamp.0120s0416
OG0001183	Thhalv10020872m.g	Caamp.0214s0272
OG0001183	Thhalv10004361m.g	Caamp.1035s1043
OG0001184	Thhalv10005032m.g	Caamp.1035s1137
OG0001184	Thhalv10005034m.g, Thhalv10005031m.g	Caamp.1035s1139, Caamp.0120s0284
OG0001185	Thhalv10004960m.g, Thhalv10004964m.g	Caamp.0120s0221, Caamp.1035s1199, Caamp.0022s0172
OG0001186	Thhalv10004747m.g	Caamp.1035s1233, Caamp.0120s0190
OG0001186	Thhalv10027879m.g	Caamp.1041s0122, Caamp.0044s0104
OG0001187	Thhalv10004628m.g	Caamp.0120s0171, Caamp.1035s1249
OG0001187	Thhalv10027856m.g	Caamp.0044s0090, Caamp.1041s0105
OG0001188	Thhalv10004385m.g	Caamp.0120s0142
OG0001188	Thhalv10027807m.g	Caamp.1041s0077, Caamp.0044s0066
OG0001189	Thhalv10009861m.g	Caamp.1035s1448, Caamp.0188s1015
OG0001189	Thhalv10028992m.g	Caamp.1040s0181, Caamp.1037s0170
OG0001190	Thhalv10028463m.g	Caamp.1040s0223, Caamp.1041s1608
OG0001190	Thhalv10009855m.g	Caamp.0188s0989, Caamp.0095s0047, Caamp.1035s1474
OG0001191	Thhalv10024608m.g	Caamp.1035s1532, Caamp.0095s0072
OG0001191	Thhalv10020389m.g	Caamp.1039s0900, Caamp.0051s0166
OG0001192	Thhalv10013679m.g	Caamp.1036s0043, Caamp.1037s0337
OG0001192	Thhalv10020857m.g	Caamp.0214s0622, Caamp.0303s0292
OG0001193	Thhalv10013718m.g	Caamp.1036s0157, Caamp.1037s0226
OG0001193	Thhalv10020862m.g	Caamp.0214s0696, Caamp.0303s0372
OG0001194	Thhalv10013733m.g	Caamp.1041s1560, Caamp.1036s0218
OG0001194	Thhalv10020875m.g	Caamp.0303s0412, Caamp.0214s0736
OG0001195	Thhalv10027897m.g	Caamp.0097s0278, Caamp.0097s0440
OG0001195	Thhalv10014539m.g	Caamp.1036s0227, Caamp.1041s1550
OG0001196	Thhalv10014759m.g	Caamp.1041s1549
OG0001196	Thhalv10021574m.g	Caamp.0303s0418, Caamp.0214s0742, Caamp.1036s0228
OG0001197	Thhalv10014493m.g	Caamp.1041s1518
OG0001197	Thhalv10021390m.g	Caamp.0214s0764, Caamp.0303s0443, Caamp.1036s0261
OG0001198	Thhalv10027691m.g, Thhalv10027695m.g	Caamp.1036s0597, Caamp.0097s1084, Caamp.1036s0592
OG0001199	Thhalv10028130m.g	Caamp.1036s0596
OG0001199	Thhalv10027735m.g	Caamp.0097s0842
OG0001200	Thhalv10028635m.g	Caamp.1040s0073, Caamp.1037s0061
OG0001200	Thhalv10007528m.g	Caamp.0188s1110
OG0001201	Thhalv10012731m.g	Caamp.0105s0812, Caamp.1037s0398
OG0001201	Thhalv10020128m.g	Caamp.0303s0072, Caamp.0214s0416
OG0001202	Thhalv10013210m.g	Caamp.0105s0860, Caamp.1037s0447
OG0001202	Thhalv10013170m.g	Caamp.1041s1236, Caamp.1038s0190
OG0001203	Thhalv10014614m.g	Caamp.1037s1225
OG0001203	Thhalv10014622m.g	Caamp.1037s0507
OG0001204	Thhalv10015047m.g	Caamp.0097s0012, Caamp.0058s0298, Caamp.0052s0586, Caamp.1037s0554
OG0001205	Thhalv10012788m.g	Caamp.1037s0742, Caamp.1040s0386
OG0001205	Thhalv10012880m.g	Caamp.1037s0741, Caamp.1040s0385
OG0001206	Thhalv10003051m.g	Caamp.0097s0199
OG0001206	Thhalv10016055m.g	Caamp.1040s0408, Caamp.1037s0767
OG0001207	Thhalv10012629m.g	Caamp.1037s0800
OG0001207	Thhalv10012663m.g, Thhalv10012805m.g, Thhalv10012638m.g	Caamp.1037s0801
OG0001208	Thhalv10024334m.g	Caamp.1041s0312, Caamp.0105s1374, Caamp.0076s1514, Caamp.0094s0718, Caamp.1037s1049
OG0001209	Thhalv10026170m.g	Caamp.0003s0004, Caamp.0190s0365
OG0001209	Thhalv10014594m.g	Caamp.1037s1147, Caamp.1040s0783
OG0001210	Thhalv10026641m.g, Thhalv10015086m.g	Caamp.1040s0836
OG0001210	Thhalv10015912m.g	Caamp.1037s1239
OG0001210	Thhalv10015898m.g	Caamp.1037s1240
OG0001211	Thhalv10013989m.g	Caamp.0052s0598
OG0001211	Thhalv10013988m.g, Thhalv10028311m.g	Caamp.1037s1315
OG0001212	Thhalv10014219m.g	Caamp.1040s1025, Caamp.1037s1360
OG0001212	Thhalv10025828m.g	Caamp.0190s0258, Caamp.0094s1070
OG0001213	Thhalv10015894m.g, Thhalv10014849m.g	Caamp.1040s1093
OG0001213	Thhalv10026409m.g	Caamp.0094s1044
OG0001214	Thhalv10013754m.g	Caamp.0105s1685, Caamp.1038s0894, Caamp.1037s1439
OG0001215	Thhalv10025746m.g	Caamp.0003s0097
OG0001215	Thhalv10016049m.g, Thhalv10015376m.g, Thhalv10015801m.g	Caamp.1037s1454
OG0001216	Thhalv10013189m.g	Caamp.1040s1209, Caamp.1037s1552
OG0001216	Thhalv10013190m.g	Caamp.1040s1211
OG0001217	Thhalv10022568m.g, Thhalv10012312m.g, Thhalv10013307m.g, Thhalv10011467m.g, Thhalv10012746m.g, Thhalv10024523m.g	Caamp.1037s1564, Caamp.1040s1226
OG0001219	Thhalv10014726m.g	Caamp.1041s1022, Caamp.1038s0408
OG0001220	Thhalv10007657m.g	Caamp.0046s0366
OG0001220	Thhalv10013509m.g	Caamp.1038s0593, Caamp.0105s1380
OG0001220	Thhalv10018522m.g	Caamp.0006s0389, Caamp.0076s0332
OG0001221	Thhalv10014082m.g	Caamp.1038s0664, Caamp.0105s1455
OG0001221	Thhalv10021187m.g	Caamp.0023s0063, Caamp.0078s1117
OG0001222	Thhalv10012503m.g	Caamp.0105s1483
OG0001222	Thhalv10019920m.g	Caamp.0078s1014, Caamp.0023s0029
OG0001223	Thhalv10021698m.g	Caamp.0023s0020
OG0001223	Thhalv10016064m.g	Caamp.1038s0707, Caamp.0105s1493
OG0001224	Thhalv10021326m.g	Caamp.0023s0005
OG0001224	Thhalv10014403m.g	Caamp.1038s0724, Caamp.0105s1510
OG0001225	Thhalv10021519m.g	Caamp.0214s0014, Caamp.0023s0002, Caamp.0078s0966
OG0001225	Thhalv10014679m.g	Caamp.1038s0754
OG0001226	Thhalv10014559m.g	Caamp.1038s0858, Caamp.0105s1645
OG0001226	Thhalv10021438m.g	Caamp.0214s0074
OG0001227	Thhalv10020541m.g	Caamp.0214s0221, Caamp.0078s0750
OG0001227	Thhalv10013023m.g	Caamp.1038s1138
OG0001228	Thhalv10000190m.g	Caamp.0059s0037
OG0001228	Thhalv10009644m.g, Thhalv10000505m.g, Thhalv10000202m.g	Caamp.1039s0083, Caamp.1039s0084
OG0001229	Thhalv10000011m.g	Caamp.1039s0177
OG0001229	Thhalv10003514m.g, Thhalv10005683m.g	Caamp.0120s0498
OG0001230	Thhalv10000619m.g	Caamp.1039s0192
OG0001230	Thhalv10025904m.g	Caamp.0105s1168, Caamp.0094s0500
OG0001231	Thhalv10022540m.g	Caamp.1039s0261, Caamp.0065s0248
OG0001232	Thhalv10000084m.g	Caamp.1039s0394
OG0001233	Thhalv10027901m.g	Caamp.1041s0075
OG0001233	Thhalv10006451m.g	Caamp.1039s0450, Caamp.1039s0449
OG0001234	Thhalv10011375m.g	Caamp.0046s0119, Caamp.0037s0113
OG0001234	Thhalv10020481m.g	Caamp.1039s0615, Caamp.0078s1214
OG0001235	Thhalv10021656m.g, Thhalv10009561m.g, Thhalv10009921m.g, Thhalv10023724m.g, Thhalv10009904m.g, Thhalv10009807m.g	Caamp.1039s0749
OG0001236	Thhalv10021717m.g	Caamp.1039s0750
OG0001236	Thhalv10011848m.g	Caamp.0040s0248, Caamp.0037s0222
OG0001237	Thhalv10011726m.g	Caamp.0037s0255
OG0001237	Thhalv10021374m.g	Caamp.0105s0051, Caamp.1039s0788
OG0001238	Thhalv10011894m.g	Caamp.0051s0093, Caamp.0037s0288, Caamp.1041s1952
OG0001238	Thhalv10021833m.g	Caamp.0040s0102, Caamp.1039s0830
OG0001239	Thhalv10021471m.g	Caamp.1039s0877
OG0001239	Thhalv10026185m.g, Thhalv10026938m.g	Caamp.0095s0046
OG0001240	Thhalv10019909m.g	Caamp.0051s0242, Caamp.1039s0976
OG0001240	Thhalv10011190m.g	Caamp.0064s0669, Caamp.1041s0817
OG0001241	Thhalv10011646m.g	Caamp.0064s0684, Caamp.1041s0806
OG0001241	Thhalv10021128m.g	Caamp.1039s1002, Caamp.0051s0266
OG0001242	Thhalv10021614m.g	Caamp.1039s1190, Caamp.0053s0047
OG0001242	Thhalv10011743m.g	Caamp.0064s0842, Caamp.1041s0660
OG0001243	Thhalv10011711m.g	Caamp.1041s1885
OG0001243	Thhalv10021272m.g	Caamp.0053s0123, Caamp.1039s1277
OG0001244	Thhalv10011588m.g	Caamp.0190s0170
OG0001244	Thhalv10021025m.g	Caamp.1039s1295, Caamp.0053s0142
OG0001245	Thhalv10021819m.g	Caamp.1039s1321
OG0001245	Thhalv10021818m.g	Caamp.0053s0163
OG0001246	Thhalv10005086m.g	Caamp.0097s0946
OG0001246	Thhalv10009359m.g	Caamp.0026s0158
OG0001247	Thhalv10028366m.g	Caamp.1040s0215
OG0001251	Thhalv10017840m.g	Caamp.0066s0024
OG0001251	Thhalv10017257m.g	Caamp.1040s1440
OG0001252	Thhalv10027620m.g	Caamp.1041s0027
OG0001252	Thhalv10023387m.g	Caamp.0266s0048
OG0001253	Thhalv10028124m.g	Caamp.1041s0032, Caamp.0190s0650, Caamp.0303s1070, Caamp.0044s0015
OG0001255	Thhalv10007322m.g	Caamp.1041s0409, Caamp.0188s0910
OG0001255	Thhalv10024881m.g, Thhalv10027112m.g, Thhalv10022337m.g	Caamp.0076s1220
OG0001256	Thhalv10001981m.g	Caamp.0095s1363
OG0001256	Thhalv10025166m.g	Caamp.1041s0595, Caamp.0094s1005
OG0001257	Thhalv10011402m.g	Caamp.0051s0378, Caamp.1041s0720, Caamp.0064s0786
OG0001258	Thhalv10011758m.g	Caamp.0064s0738, Caamp.1041s0762
OG0001258	Thhalv10012018m.g, Thhalv10011764m.g	Caamp.1041s0763, Caamp.0064s0737
OG0001259	Thhalv10028651m.g	Caamp.1041s1645, Caamp.0052s0530
OG0001260	Thhalv10028692m.g	Caamp.1041s1728
OG0001261	Thhalv10025857m.g	Caamp.0003s0463, Caamp.0052s0447, Caamp.1041s1732, Caamp.0190s0849
OG0001262	Thhalv10019660m.g	Caamp.1041s1807
OG0001262	Thhalv10022373m.g	Caamp.0303s0108
OG0001263	Thhalv10011210m.g, Thhalv10027653m.g	Caamp.0037s0306
OG0001263	Thhalv10012063m.g	Caamp.1041s1931
OG0001264	Thhalv10004563m.g	Caamp.1041s2008
OG0001264	Thhalv10010535m.g	Caamp.0026s0546, Caamp.0078s0151
OG0001265	Thhalv10010316m.g	Caamp.0078s0153
OG0001265	Thhalv10003788m.g	Caamp.1041s2009, Caamp.0033s0436
OG0001266	Thhalv10016334m.g	Caamp.0013s0302, Caamp.0105s0142
OG0001266	Thhalv10006971m.g	Caamp.0056s0249, Caamp.0024s0365
OG0001267	Thhalv10012527m.g	Caamp.0105s0782
OG0001267	Thhalv10019967m.g	Caamp.0303s0061, Caamp.0214s0402
OG0001268	Thhalv10021124m.g	Caamp.0214s0432, Caamp.0303s0085
OG0001269	Thhalv10024928m.g	Caamp.0094s0287
OG0001269	Thhalv10022643m.g	Caamp.0093s0139
OG0001270	Thhalv10025043m.g	Caamp.0094s0289, Caamp.0105s0951
OG0001270	Thhalv10022659m.g	Caamp.0093s0142, Caamp.0095s1153
OG0001271	Thhalv10026238m.g	Caamp.0094s0317, Caamp.0044s0319, Caamp.0095s0171, Caamp.0105s0975
OG0001272	Thhalv10022810m.g	Caamp.0190s1331
OG0001272	Thhalv10026007m.g	Caamp.0105s1056
OG0001273	Thhalv10022630m.g	Caamp.0190s1315, Caamp.0026s0657
OG0001273	Thhalv10024800m.g	Caamp.0094s0401
OG0001274	Thhalv10023965m.g, Thhalv10024045m.g, Thhalv10012096m.g, Thhalv10012049m.g, Thhalv10011947m.g, Thhalv10012132m.g, Thhalv10012318m.g, Thhalv10002825m.g, Thhalv10003039m.g, Thhalv10017890m.g, Thhalv10023902m.g	Caamp.0011s0034
OG0001275	Thhalv10022991m.g	Caamp.0110s0047, Caamp.0110s0046
OG0001278	Thhalv10029312m.g	Caamp.0012s0082
OG0001279	Thhalv10019716m.g	Caamp.0012s0083
OG0001279	Thhalv10022495m.g, Thhalv10029482m.g, Thhalv10005360m.g, Thhalv10022479m.g, Thhalv10024012m.g	Caamp.0038s0022, Caamp.0027s0111
OG0001280	Thhalv10026151m.g	Caamp.0020s0013, Caamp.0012s0102, Caamp.0058s0003, Caamp.0012s0103
OG0001281	Thhalv10005627m.g	Caamp.0120s0962
OG0001286	Thhalv10006739m.g	Caamp.0188s0332
OG0001286	Thhalv10023247m.g	Caamp.0054s0063, Caamp.0015s0049, Caamp.0052s0245
OG0001287	Thhalv10023883m.g	Caamp.0303s1332, Caamp.0015s0139
OG0001287	Thhalv10023986m.g	Caamp.0303s1333, Caamp.0015s0140
OG0001288	Thhalv10012109m.g, Thhalv10011637m.g, Thhalv10012374m.g, Thhalv10002938m.g, Thhalv10011365m.g, Thhalv10011434m.g, Thhalv10012320m.g	Caamp.0303s1303, Caamp.0015s0197
OG0001289	Thhalv10024134m.g	Caamp.0303s1260
OG0001289	Thhalv10023411m.g	Caamp.0015s0241, Caamp.0303s1262, Caamp.0303s1261
OG0001290	Thhalv10021288m.g	Caamp.0303s0244, Caamp.0214s0580
OG0001290	Thhalv10008405m.g	Caamp.0188s0053
OG0001291	Thhalv10024986m.g	Caamp.0190s0847
OG0001291	Thhalv10026257m.g, Thhalv10007974m.g	Caamp.0071s0273, Caamp.0188s0241
OG0001292	Thhalv10020418m.g	Caamp.0078s0721
OG0001292	Thhalv10015179m.g	Caamp.0188s0384, Caamp.0052s0196
OG0001293	Thhalv10004908m.g	Caamp.0076s0976, Caamp.0077s0015
OG0001293	Thhalv10008716m.g	Caamp.0188s0583, Caamp.0021s0009
OG0001294	Thhalv10018005m.g	Caamp.0006s0806, Caamp.0084s0092
OG0001294	Thhalv10006563m.g	Caamp.0188s0634, Caamp.0040s0097
OG0001295	Thhalv10007090m.g	Caamp.0188s0666, Caamp.0040s0127
OG0001295	Thhalv10018281m.g	Caamp.0084s0039, Caamp.0006s0755
OG0001296	Thhalv10018560m.g	Caamp.0006s0736, Caamp.0084s0024
OG0001296	Thhalv10007622m.g	Caamp.0040s0143, Caamp.0188s0679
OG0001297	Thhalv10018000m.g	Caamp.0064s0093, Caamp.0006s0624
OG0001297	Thhalv10006544m.g	Caamp.0046s0197, Caamp.0188s0763
OG0001298	Thhalv10018168m.g	Caamp.0064s0099, Caamp.0006s0619
OG0001298	Thhalv10009494m.g	Caamp.0046s0202, Caamp.0188s0768
OG0001299	Thhalv10003387m.g, Thhalv10003429m.g	Caamp.0058s0245, Caamp.0076s0535
OG0001299	Thhalv10009410m.g	Caamp.0188s0912
OG0001300	Thhalv10008220m.g	Caamp.0046s0542, Caamp.0190s0069
OG0001300	Thhalv10019495m.g	Caamp.0006s0191, Caamp.0064s0308
OG0001301	Thhalv10007857m.g	Caamp.0046s0559, Caamp.0190s0086
OG0001301	Thhalv10018664m.g, Thhalv10019530m.g	Caamp.0006s0171, Caamp.0064s0282
OG0001302	Thhalv10006745m.g	Caamp.0190s0092, Caamp.0046s0565
OG0001302	Thhalv10018046m.g	Caamp.0006s0161, Caamp.0064s0273
OG0001303	Thhalv10018170m.g	Caamp.0303s0698
OG0001303	Thhalv10024494m.g	Caamp.0094s1159, Caamp.0190s0353
OG0001304	Thhalv10024568m.g	Caamp.0190s0572, Caamp.0003s0195, Caamp.0190s0571, Caamp.0003s0194
OG0001305	Thhalv10022689m.g	Caamp.0190s1345, Caamp.0026s0616
OG0001305	Thhalv10022688m.g	Caamp.0190s1346, Caamp.0026s0615
OG0001306	Thhalv10018570m.g	Caamp.0006s0008
OG0001306	Thhalv10015301m.g, Thhalv10015993m.g, Thhalv10015736m.g, Thhalv10015884m.g, Thhalv10015350m.g	Caamp.0002s0229
OG0001308	Thhalv10020717m.g, Thhalv10020745m.g	Caamp.0214s0090, Caamp.0214s0091, Caamp.0078s0882, Caamp.0078s0883
OG0001309	Thhalv10020508m.g	Caamp.0078s0782, Caamp.0214s0192
OG0001309	Thhalv10020507m.g, Thhalv10020506m.g, Thhalv10001865m.g	Caamp.0078s0781, Caamp.0099s0141, Caamp.0391s0001
OG0001310	Thhalv10020635m.g	Caamp.0214s0238, Caamp.0078s0735
OG0001310	Thhalv10020669m.g	Caamp.0078s0736, Caamp.0214s0237
OG0001311	Thhalv10021223m.g	Caamp.0214s0820, Caamp.0303s0500
OG0001311	Thhalv10016789m.g	Caamp.0066s0066
OG0001312	Thhalv10011183m.g	Caamp.0097s0297
OG0001312	Thhalv10005741m.g	Caamp.0065s0174, Caamp.0023s0561
OG0001313	Thhalv10019286m.g	Caamp.0076s0440, Caamp.0006s0281
OG0001313	Thhalv10026472m.g, Thhalv10009868m.g	Caamp.0046s0459, Caamp.0024s0016
OG0001314	Thhalv10019864m.g	Caamp.0006s0309, Caamp.0076s0411
OG0001314	Thhalv10008761m.g	Caamp.0024s0038
OG0001315	Thhalv10018910m.g	Caamp.0006s0310, Caamp.0076s0410
OG0001315	Thhalv10008380m.g	Caamp.0046s0435, Caamp.0024s0039
OG0001316	Thhalv10018460m.g	Caamp.0076s0405, Caamp.0006s0315
OG0001316	Thhalv10007486m.g	Caamp.0046s0427, Caamp.0024s0047
OG0001317	Thhalv10019079m.g, Thhalv10019083m.g	Caamp.0047s0019, Caamp.0006s0413, Caamp.0076s0307
OG0001317	Thhalv10008650m.g	Caamp.0046s0350, Caamp.0024s0125
OG0001318	Thhalv10018059m.g	Caamp.0076s0266, Caamp.0006s0453
OG0001318	Thhalv10006685m.g	Caamp.0024s0156
OG0001319	Thhalv10006945m.g	Caamp.0024s0168, Caamp.0046s0306, Caamp.0085s0084
OG0001320	Thhalv10007946m.g, Thhalv10007947m.g	Caamp.0024s0456, Caamp.0056s0343, Caamp.0056s0341, Caamp.0024s0458
OG0001321	Thhalv10006641m.g	Caamp.0024s0492, Caamp.0052s0009, Caamp.0024s0477
OG0001322	Thhalv10024032m.g, Thhalv10000726m.g, Thhalv10023900m.g	Caamp.0025s0034
OG0001323	Thhalv10023033m.g	Caamp.0026s0762
OG0001323	Thhalv10022994m.g, Thhalv10022957m.g	Caamp.0026s0760
OG0001324	Thhalv10028733m.g, Thhalv10028681m.g	Caamp.0028s0196, Caamp.0028s0195, Caamp.0028s0194
OG0001325	Thhalv10000952m.g	Caamp.0076s0856, Caamp.0085s0026
OG0001325	Thhalv10025583m.g	Caamp.0003s0808, Caamp.0095s0184
OG0001326	Thhalv10023936m.g, Thhalv10023921m.g, Thhalv10017528m.g, Thhalv10017669m.g	Caamp.0303s1082
OG0001327	Thhalv10011056m.g, Thhalv10023930m.g	Caamp.0306s0017
OG0001328	Thhalv10003969m.g	Caamp.0436s0018
OG0001328	Thhalv10027243m.g	Caamp.0033s0464
OG0001329	Thhalv10029308m.g	Caamp.0338s0007
OG0001331	Thhalv10011392m.g	Caamp.0037s0001, Caamp.0046s0003
OG0001331	Thhalv10018385m.g	Caamp.0006s0683, Caamp.0084s0009
OG0001332	Thhalv10002267m.g, Thhalv10027242m.g, Thhalv10029157m.g, Thhalv10026883m.g, Thhalv10002212m.g, Thhalv10029208m.g, Thhalv10002946m.g, Thhalv10029126m.g, Thhalv10012323m.g, Thhalv10027286m.g, Thhalv10003070m.g	Caamp.0049s0017
OG0001333	Thhalv10023943m.g, Thhalv10003422m.g, Thhalv10009419m.g	Caamp.0007s0103
OG0001334	Thhalv10000021m.g	Caamp.0076s0651
OG0001335	Thhalv10021994m.g, Thhalv10022150m.g, Thhalv10022153m.g, Thhalv10022112m.g, Thhalv10022388m.g, Thhalv10022212m.g, Thhalv10022331m.g, Thhalv10019551m.g, Thhalv10021968m.g, Thhalv10021973m.g, Thhalv10022109m.g, Thhalv10022184m.g	Caamp.0076s1234
OG0001336	Thhalv10020534m.g, Thhalv10022214m.g, Thhalv10021993m.g	Caamp.0076s1336
OG0001337	Thhalv10010647m.g	Caamp.0095s0751, Caamp.0078s0544
OG0001337	Thhalv10010676m.g	Caamp.0095s0750, Caamp.0078s0545
OG0001338	Thhalv10025319m.g	Caamp.0094s0212
OG0001338	Thhalv10025343m.g	Caamp.0094s0215
OG0001339	Thhalv10026274m.g	Caamp.0097s0412, Caamp.0095s0139, Caamp.0095s0140, Caamp.0097s0413
OG0001354	Thhalv10001011m.g	Caamp.0001s0008, Caamp.0076s0827
OG0001354	Thhalv10026152m.g	Caamp.0003s0777, Caamp.0095s0214
OG0001355	Thhalv10026227m.g	Caamp.0003s0773, Caamp.0095s0219
OG0001355	Thhalv10001023m.g	Caamp.0076s0819
OG0001356	Thhalv10002838m.g	Caamp.0027s0060
OG0001356	Thhalv10001153m.g	Caamp.0076s0614, Caamp.0001s0214
OG0001357	Thhalv10013376m.g	Caamp.0105s1574
OG0001357	Thhalv10007456m.g	Caamp.0001s0239, Caamp.1033s0785
OG0001357	Thhalv10007550m.g	Caamp.1038s0789
OG0001358	Thhalv10026182m.g	Caamp.0003s0528, Caamp.0190s0920
OG0001358	Thhalv10001015m.g	Caamp.0001s0249, Caamp.0076s0578
OG0001359	Thhalv10002774m.g	Caamp.0026s0014, Caamp.1039s1567
OG0001359	Thhalv10027245m.g	Caamp.0001s0270, Caamp.0061s0036
OG0001360	Thhalv10025883m.g	Caamp.0094s0600, Caamp.0105s1259
OG0001360	Thhalv10002057m.g	Caamp.0008s0136, Caamp.0010s0033
OG0001361	Thhalv10017329m.g	Caamp.0010s0058, Caamp.0008s0113
OG0001361	Thhalv10006275m.g	Caamp.0095s0561, Caamp.0023s0104
OG0001362	Thhalv10027047m.g	Caamp.0188s0155
OG0001362	Thhalv10002924m.g	Caamp.0007s0327, Caamp.0078s0090, Caamp.0071s0173, Caamp.0010s0107
OG0001362	Thhalv10006784m.g	Caamp.0071s0174
OG0001363	Thhalv10026275m.g	Caamp.0094s0664, Caamp.0105s1323
OG0001363	Thhalv10000323m.g	Caamp.1039s0404, Caamp.0010s0108
OG0001364	Thhalv10005619m.g	Caamp.0190s0346, Caamp.0010s0110, Caamp.0026s0812
OG0001365	Thhalv10025875m.g	Caamp.1041s0349
OG0001365	Thhalv10000464m.g	Caamp.1039s0283
OG0001366	Thhalv10024509m.g	Caamp.0094s0231
OG0001366	Thhalv10000076m.g	Caamp.0010s0243, Caamp.1039s0233
OG0001367	Thhalv10015814m.g, Thhalv10015782m.g	Caamp.0097s0338, Caamp.0010s0248, Caamp.0010s0249, Caamp.1041s1233
OG0001368	Thhalv10000109m.g	Caamp.1039s0211, Caamp.0010s0273
OG0001368	Thhalv10024704m.g	Caamp.1027s0255
OG0001370	Thhalv10016518m.g	Caamp.0102s0006, Caamp.1031s0282
OG0001370	Thhalv10005963m.g	Caamp.0095s0636, Caamp.0099s0104
OG0001371	Thhalv10016652m.g	Caamp.0102s0012, Caamp.1031s0275
OG0001371	Thhalv10005990m.g	Caamp.0099s0096, Caamp.0095s0645
OG0001372	Thhalv10025578m.g, Thhalv10002042m.g	Caamp.1031s0202
OG0001372	Thhalv10016850m.g	Caamp.0102s0079
OG0001373	Thhalv10017119m.g	Caamp.0102s0089, Caamp.1031s0190
OG0001373	Thhalv10010989m.g	Caamp.0099s0027, Caamp.0095s0706
OG0001374	Thhalv10018656m.g	Caamp.0006s0023, Caamp.0064s0132
OG0001374	Thhalv10016729m.g	Caamp.0102s0173
OG0001375	Thhalv10016625m.g	Caamp.0102s0187
OG0001375	Thhalv10010345m.g	Caamp.0078s0430, Caamp.0095s0821
OG0001376	Thhalv10017236m.g	Caamp.0102s0332
OG0001376	Thhalv10010644m.g	Caamp.0095s0888
OG0001377	Thhalv10010255m.g	Caamp.0095s0895, Caamp.0078s0498
OG0001377	Thhalv10016480m.g	Caamp.0102s0338
OG0001378	Thhalv10017240m.g, Thhalv10017241m.g	Caamp.0102s0438, Caamp.0105s0627, Caamp.0105s0626, Caamp.0102s0439
OG0001379	Thhalv10011514m.g	Caamp.0190s0233
OG0001379	Thhalv10016712m.g	Caamp.0102s0460, Caamp.0105s0605
OG0001380	Thhalv10018482m.g	Caamp.0076s0139
OG0001380	Thhalv10018486m.g, Thhalv10018487m.g	Caamp.0102s0478
OG0001381	Thhalv10008986m.g	Caamp.1033s0752, Caamp.0007s0152
OG0001381	Thhalv10017351m.g	Caamp.0102s0483
OG0001382	Thhalv10007740m.g	Caamp.0105s0512, Caamp.0102s0554, Caamp.0007s0088, Caamp.1033s0696
OG0001383	Thhalv10007103m.g, Thhalv10016395m.g	Caamp.0012s0149, Caamp.0102s0564, Caamp.1037s1708, Caamp.0012s0148, Caamp.1037s1749, Caamp.0012s0151, Caamp.0105s0503
OG0001384	Thhalv10016623m.g	Caamp.0105s0383, Caamp.0102s0675
OG0001384	Thhalv10007573m.g	Caamp.1033s0483, Caamp.0070s0057
OG0001385	Thhalv10007366m.g	Caamp.0188s0855, Caamp.0056s0075
OG0001385	Thhalv10016510m.g	Caamp.0105s0364, Caamp.0102s0695
OG0001386	Thhalv10029436m.g	Caamp.0102s0713
OG0001386	Thhalv10024565m.g	Caamp.0190s0698, Caamp.0003s0331
OG0001387	Thhalv10028886m.g	Caamp.0102s0755, Caamp.0028s0185
OG0001388	Thhalv10029409m.g	Caamp.0028s0070, Caamp.0102s0897
OG0001388	Thhalv10008064m.g	Caamp.1033s0956
OG0001389	Thhalv10000048m.g	Caamp.0059s0077
OG0001389	Thhalv10024425m.g	Caamp.1027s0077, Caamp.0094s0032
OG0001390	Thhalv10024430m.g, Thhalv10027643m.g, Thhalv10000480m.g	Caamp.0079s0013, Caamp.1027s0103
OG0001391	Thhalv10019745m.g, Thhalv10027365m.g	Caamp.0094s0075, Caamp.1027s0125
OG0001391	Thhalv10024781m.g	Caamp.0094s0074
OG0001392	Thhalv10026128m.g	Caamp.1027s0133
OG0001392	Thhalv10000731m.g	Caamp.1039s0103, Caamp.0059s0021
OG0001393	Thhalv10000099m.g	Caamp.1027s0205, Caamp.0094s0154
OG0001394	Thhalv10021895m.g	Caamp.0303s0105, Caamp.0214s0452, Caamp.0011s0047, Caamp.1031s0126, Caamp.0303s0106, Caamp.0214s0453
OG0001395	Thhalv10006285m.g	Caamp.0023s0170
OG0001395	Thhalv10017352m.g	Caamp.1031s0426, Caamp.0076s1537
OG0001396	Thhalv10016442m.g	Caamp.0076s1535, Caamp.1031s0428
OG0001396	Thhalv10005862m.g	Caamp.0023s0169, Caamp.0095s0501
OG0001397	Thhalv10006040m.g	Caamp.0076s1532, Caamp.1031s0434, Caamp.0095s0507, Caamp.0023s0162
OG0001398	Thhalv10016573m.g	Caamp.1031s0495, Caamp.0076s1465
OG0001398	Thhalv10005954m.g	Caamp.0023s0252, Caamp.0095s0417
OG0001399	Thhalv10006355m.g	Caamp.0076s1428
OG0001399	Thhalv10001710m.g	Caamp.1031s0535, Caamp.0095s0380, Caamp.0023s0285
OG0001400	Thhalv10006460m.g	Caamp.0023s0306, Caamp.0023s0308, Caamp.0095s0361
OG0001400	Thhalv10001439m.g	Caamp.1031s0568, Caamp.0076s1405
OG0001401	Thhalv10001623m.g	Caamp.0018s0090, Caamp.1031s0674
OG0001401	Thhalv10006220m.g	Caamp.0023s0373, Caamp.0065s0003
OG0001402	Thhalv10001454m.g	Caamp.1031s0694
OG0001402	Thhalv10028667m.g	Caamp.0018s0112, Caamp.0188s1144, Caamp.1040s0018, Caamp.1037s0012
OG0001403	Thhalv10001510m.g	Caamp.0018s0123
OG0001403	Thhalv10006047m.g	Caamp.0023s0404, Caamp.0065s0026
OG0001404	Thhalv10006010m.g	Caamp.0065s0058
OG0001404	Thhalv10001467m.g	Caamp.0018s0165, Caamp.1031s0747
OG0001405	Thhalv10001500m.g	Caamp.0018s0223
OG0001405	Thhalv10000707m.g	Caamp.1031s0801
OG0001406	Thhalv10018373m.g	Caamp.0076s0486, Caamp.0006s0227
OG0001406	Thhalv10007292m.g	Caamp.1033s0031
OG0001407	Thhalv10007661m.g	Caamp.1033s0037, Caamp.0037s0323
OG0001407	Thhalv10018575m.g	Caamp.0006s0096
OG0001408	Thhalv10019686m.g	Caamp.0064s0177
OG0001408	Thhalv10008637m.g	Caamp.0037s0338, Caamp.1033s0058
OG0001409	Thhalv10018788m.g	Caamp.0076s0066, Caamp.0303s0798
OG0001409	Thhalv10008042m.g	Caamp.0037s0405, Caamp.1033s0129
OG0001410	Thhalv10007770m.g	Caamp.0037s0447, Caamp.1033s0164
OG0001410	Thhalv10018508m.g	Caamp.0303s0863, Caamp.1036s0364
OG0001411	Thhalv10008758m.g	Caamp.0037s0556
OG0001411	Thhalv10019128m.g	Caamp.1036s0476, Caamp.0303s0962
OG0001412	Thhalv10009666m.g	Caamp.1033s0297
OG0001412	Thhalv10022339m.g	Caamp.0303s0367
OG0001413	Thhalv10008674m.g	Caamp.1033s0328, Caamp.0037s0615
OG0001413	Thhalv10019088m.g	Caamp.0002s0364
OG0001414	Thhalv10008045m.g	Caamp.1033s0409
OG0001414	Thhalv10008078m.g	Caamp.0070s0111, Caamp.1033s0408
OG0001415	Thhalv10017739m.g	Caamp.0105s0426
OG0001415	Thhalv10008739m.g	Caamp.0070s0015, Caamp.1033s0532
OG0001416	Thhalv10027640m.g	Caamp.1033s0582, Caamp.0078s0574, Caamp.1036s0581, Caamp.0097s0827
OG0001417	Thhalv10008472m.g	Caamp.0007s0114, Caamp.0004s0309, Caamp.1033s0726
OG0001417	Thhalv10006169m.g	Caamp.0095s0385, Caamp.0023s0280
OG0001418	Thhalv10009995m.g	Caamp.1033s0810
OG0001418	Thhalv10008239m.g	Caamp.1033s0811
OG0001418	Thhalv10026944m.g	Caamp.0007s0199
OG0001419	Thhalv10021131m.g	Caamp.1039s0837, Caamp.1033s1065, Caamp.0051s0100
OG0001419	Thhalv10014145m.g	Caamp.1038s0557
OG0001422	Thhalv10010538m.g	Caamp.0026s0490, Caamp.0078s0081
OG0001422	Thhalv10004576m.g	Caamp.0033s0356, Caamp.1035s0035
OG0001423	Thhalv10005469m.g	Caamp.1035s0037
OG0001423	Thhalv10010981m.g	Caamp.0078s0080, Caamp.0026s0489
OG0001424	Thhalv10010641m.g	Caamp.0026s0466, Caamp.0078s0060
OG0001424	Thhalv10004790m.g	Caamp.1035s0066, Caamp.0033s0323
OG0001425	Thhalv10011085m.g	Caamp.0078s0058, Caamp.0026s0464
OG0001425	Thhalv10004145m.g	Caamp.0033s0322, Caamp.1035s0067
OG0001426	Thhalv10004873m.g	Caamp.0033s0277, Caamp.1035s0118
OG0001426	Thhalv10014596m.g	Caamp.1041s1040
OG0001427	Thhalv10004715m.g	Caamp.1035s0126, Caamp.0033s0271
OG0001427	Thhalv10014330m.g	Caamp.1041s1014
OG0001428	Thhalv10003869m.g	Caamp.1035s0131, Caamp.0033s0266
OG0001428	Thhalv10013054m.g	Caamp.1041s1018
OG0001429	Thhalv10004949m.g	Caamp.1035s0141, Caamp.0033s0258
OG0001429	Thhalv10005413m.g	Caamp.1035s0142, Caamp.0033s0257
OG0001430	Thhalv10003741m.g	Caamp.0033s0244, Caamp.1035s0162
OG0001430	Thhalv10012861m.g	Caamp.1038s0426
OG0001431	Thhalv10013067m.g	Caamp.1041s0986
OG0001431	Thhalv10003853m.g	Caamp.1035s0186
OG0001432	Thhalv10000530m.g	Caamp.1035s0190, Caamp.0093s0078, Caamp.1041s0128
OG0001433	Thhalv10003678m.g	Caamp.0033s0220, Caamp.1035s0193
OG0001433	Thhalv10012739m.g	Caamp.1041s0983
OG0001434	Thhalv10004481m.g	Caamp.0033s0132, Caamp.1035s0271
OG0001434	Thhalv10013967m.g	Caamp.1038s0506, Caamp.1041s0921
OG0001435	Thhalv10004831m.g	Caamp.1035s0288, Caamp.0033s0116
OG0001435	Thhalv10010679m.g	Caamp.0026s0373
OG0001436	Thhalv10005519m.g	Caamp.0120s0849, Caamp.1035s0560
OG0001436	Thhalv10015606m.g	Caamp.1040s1141, Caamp.1037s1474
OG0001437	Thhalv10010801m.g	Caamp.0078s0046, Caamp.0026s0449
OG0001437	Thhalv10005081m.g	Caamp.0120s0773, Caamp.1035s0643
OG0001438	Thhalv10004860m.g	Caamp.0120s0714, Caamp.1035s0697
OG0001438	Thhalv10014851m.g	Caamp.1041s1126, Caamp.1038s0308
OG0001439	Thhalv10004012m.g, Thhalv10003996m.g	Caamp.1035s0718, Caamp.1035s0720, Caamp.0120s0689, Caamp.0120s0691
OG0001440	Thhalv10003011m.g, Thhalv10003406m.g	Caamp.0048s0025, Caamp.0048s0030
OG0001440	Thhalv10005623m.g, Thhalv10005536m.g, Thhalv10010442m.g, Thhalv10025466m.g	Caamp.0120s0690, Caamp.1035s0719
OG0001442	Thhalv10020428m.g	Caamp.0303s0097, Caamp.0214s0444
OG0001442	Thhalv10003937m.g	Caamp.0120s0648, Caamp.1035s0762
OG0001443	Thhalv10021798m.g, Thhalv10026672m.g	Caamp.0120s0620, Caamp.1035s0788, Caamp.0303s0116
OG0001444	Thhalv10004901m.g	Caamp.0120s0606, Caamp.1035s0799
OG0001444	Thhalv10021933m.g	Caamp.0214s0472
OG0001445	Thhalv10021158m.g	Caamp.0214s0483, Caamp.0303s0139
OG0001445	Thhalv10004612m.g	Caamp.1035s0811, Caamp.0120s0592
OG0001446	Thhalv10021732m.g	Caamp.0120s0585, Caamp.1035s0819, Caamp.0303s0149, Caamp.0214s0490
OG0001447	Thhalv10021740m.g	Caamp.0214s0535
OG0001447	Thhalv10005104m.g	Caamp.1035s0865
OG0001448	Thhalv10020432m.g	Caamp.0120s0548, Caamp.0303s0196
OG0001448	Thhalv10003949m.g	Caamp.1035s0866
OG0001449	Thhalv10004911m.g	Caamp.1035s0943, Caamp.0120s0470
OG0001449	Thhalv10021475m.g	Caamp.0303s0024, Caamp.0214s0371
OG0001450	Thhalv10003667m.g	Caamp.1035s0948
OG0001450	Thhalv10028435m.g	Caamp.1041s1580, Caamp.1040s0194
OG0001451	Thhalv10021140m.g	Caamp.0078s0636, Caamp.0214s0330
OG0001451	Thhalv10004601m.g	Caamp.1035s0996
OG0001452	Thhalv10004028m.g	Caamp.0120s0304
OG0001452	Thhalv10028198m.g	Caamp.0044s0228
OG0001453	Thhalv10005087m.g	Caamp.1035s1178
OG0001453	Thhalv10027983m.g	Caamp.1041s0196, Caamp.0044s0177
OG0001454	Thhalv10005696m.g	Caamp.1035s1190, Caamp.0120s0230
OG0001454	Thhalv10028110m.g	Caamp.1041s0167, Caamp.0044s0143
OG0001455	Thhalv10004761m.g	Caamp.0120s0196, Caamp.1035s1228
OG0001455	Thhalv10027794m.g	Caamp.1041s0129, Caamp.0044s0112
OG0001456	Thhalv10008454m.g	Caamp.0188s0444, Caamp.0071s0103
OG0001456	Thhalv10004762m.g	Caamp.0120s0094, Caamp.1035s1332
OG0001457	Thhalv10007299m.g	Caamp.0188s1069, Caamp.1035s1414
OG0001457	Thhalv10028557m.g	Caamp.1040s0118, Caamp.1037s0104
OG0001458	Thhalv10007347m.g	Caamp.0188s1038, Caamp.1035s1427
OG0001458	Thhalv10028577m.g	Caamp.1040s0162, Caamp.1037s0150
OG0001459	Thhalv10006698m.g	Caamp.1035s1475, Caamp.0188s0988
OG0001459	Thhalv10006717m.g	Caamp.0188s0987, Caamp.1035s1476
OG0001460	Thhalv10006519m.g	Caamp.1040s0231, Caamp.0188s0980, Caamp.1035s1482
OG0001461	Thhalv10014948m.g, Thhalv10023899m.g	Caamp.1037s0351, Caamp.1036s0024
OG0001461	Thhalv10021712m.g	Caamp.0303s0267, Caamp.0214s0602
OG0001462	Thhalv10015712m.g	Caamp.1036s0095, Caamp.1037s0288
OG0001462	Thhalv10022279m.g	Caamp.0303s0327
OG0001463	Thhalv10009679m.g	Caamp.1036s0144, Caamp.0188s0928
OG0001464	Thhalv10021668m.g	Caamp.0214s0723, Caamp.0303s0398
OG0001464	Thhalv10014865m.g	Caamp.1036s0203
OG0001465	Thhalv10013205m.g	Caamp.1041s1544, Caamp.1036s0233
OG0001465	Thhalv10020484m.g	Caamp.0303s0422, Caamp.0214s0746
OG0001466	Thhalv10022357m.g	Caamp.0214s0751, Caamp.0303s0429
OG0001466	Thhalv10015260m.g	Caamp.1041s1534
OG0001467	Thhalv10019296m.g	Caamp.1036s0411, Caamp.0303s0907, Caamp.1036s0412, Caamp.1036s0413
OG0001468	Thhalv10027970m.g	Caamp.1036s0414, Caamp.1041s0141, Caamp.0044s0124
OG0001469	Thhalv10019188m.g	Caamp.1036s0466, Caamp.1036s0465
OG0001469	Thhalv10018913m.g	Caamp.1036s0464
OG0001470	Thhalv10016602m.g	Caamp.1036s0607, Caamp.0097s0852
OG0001471	Thhalv10029044m.g	Caamp.1037s0001
OG0001471	Thhalv10009021m.g	Caamp.1040s0001
OG0001472	Thhalv10028753m.g	Caamp.1040s0135, Caamp.1037s0126
OG0001472	Thhalv10008009m.g	Caamp.0188s1049
OG0001473	Thhalv10029024m.g	Caamp.1037s0137, Caamp.1040s0145
OG0001474	Thhalv10015274m.g, Thhalv10015407m.g	Caamp.1037s0551, Caamp.0052s0587
OG0001474	Thhalv10015248m.g	Caamp.1037s0552
OG0001474	Thhalv10015636m.g	Caamp.0052s0603
OG0001475	Thhalv10012678m.g	Caamp.0005s0101, Caamp.0097s0162, Caamp.1040s0356, Caamp.1037s0710
OG0001476	Thhalv10014012m.g	Caamp.1040s0435, Caamp.1037s0795
OG0001476	Thhalv10002597m.g	Caamp.0097s0218, Caamp.0005s0157
OG0001477	Thhalv10010785m.g	Caamp.0005s0207
OG0001477	Thhalv10014878m.g	Caamp.1037s0856, Caamp.1040s0476
OG0001478	Thhalv10010665m.g	Caamp.0005s0231, Caamp.0026s0253
OG0001478	Thhalv10014521m.g	Caamp.1040s0517, Caamp.1037s0880
OG0001479	Thhalv10027580m.g	Caamp.0094s0984, Caamp.1041s0572
OG0001479	Thhalv10012795m.g	Caamp.1037s0936, Caamp.1040s0570
OG0001480	Thhalv10013589m.g	Caamp.1037s1058, Caamp.1037s1060
OG0001480	Thhalv10025254m.g	Caamp.0190s0408
OG0001480	Thhalv10001717m.g	Caamp.1040s0691
OG0001481	Thhalv10014148m.g	Caamp.1037s1087, Caamp.1040s0721
OG0001481	Thhalv10025773m.g	Caamp.0190s0391
OG0001482	Thhalv10010416m.g	Caamp.0005s0065
OG0001482	Thhalv10015524m.g	Caamp.1040s0741, Caamp.0005s0064, Caamp.1037s1105
OG0001483	Thhalv10014144m.g	Caamp.1037s1118, Caamp.1040s0753
OG0001483	Thhalv10025688m.g	Caamp.0190s0382, Caamp.0003s0020
OG0001484	Thhalv10015021m.g	Caamp.1037s1268
OG0001484	Thhalv10026554m.g	Caamp.1040s0930, Caamp.0094s1113
OG0001485	Thhalv10016096m.g	Caamp.1040s1026
OG0001485	Thhalv10024519m.g	Caamp.0094s1067
OG0001486	Thhalv10016082m.g	Caamp.1037s1416
OG0001486	Thhalv10025998m.g	Caamp.1040s1080, Caamp.0094s1056
OG0001487	Thhalv10015950m.g	Caamp.1037s1522, Caamp.0190s0487
OG0001488	Thhalv10014232m.g	Caamp.1038s0014, Caamp.1041s1422
OG0001488	Thhalv10020995m.g	Caamp.0303s0515, Caamp.0214s0834
OG0001489	Thhalv10021959m.g	Caamp.0303s0517, Caamp.0214s0837
OG0001489	Thhalv10014646m.g	Caamp.1041s1417, Caamp.1038s0019
OG0001490	Thhalv10012850m.g	Caamp.1041s1302, Caamp.1038s0129
OG0001490	Thhalv10020199m.g	Caamp.1039s0469
OG0001491	Thhalv10028084m.g	Caamp.1038s0211
OG0001491	Thhalv10012969m.g	Caamp.1041s1212, Caamp.0004s0059
OG0001492	Thhalv10015480m.g, Thhalv10012137m.g, Thhalv10012166m.g, Thhalv10000714m.g, Thhalv10027196m.g, Thhalv10012148m.g, Thhalv10012027m.g, Thhalv10019424m.g, Thhalv10015481m.g, Thhalv10019430m.g	Caamp.1038s0228
OG0001493	Thhalv10014970m.g	Caamp.1041s1168, Caamp.1038s0261
OG0001493	Thhalv10027214m.g	Caamp.0094s0459, Caamp.0105s1150
OG0001494	Thhalv10015649m.g	Caamp.1038s0314, Caamp.1041s1121
OG0001494	Thhalv10005631m.g, Thhalv10005525m.g, Thhalv10005652m.g	Caamp.0078s0007
OG0001495	Thhalv10028293m.g	Caamp.0037s0637
OG0001495	Thhalv10023056m.g	Caamp.1041s1076, Caamp.0120s0260
OG0001496	Thhalv10014497m.g	Caamp.1038s0390
OG0001496	Thhalv10026073m.g	Caamp.0094s0702, Caamp.0105s1363, Caamp.1041s1041
OG0001497	Thhalv10000218m.g	Caamp.1039s0160, Caamp.0096s0033
OG0001497	Thhalv10013748m.g	Caamp.1038s0448
OG0001498	Thhalv10007543m.g	Caamp.0190s0107, Caamp.0046s0578
OG0001498	Thhalv10013452m.g	Caamp.1041s0948, Caamp.1038s0483
OG0001499	Thhalv10013280m.g	Caamp.1038s0495, Caamp.0005s0155, Caamp.0005s0130
OG0001500	Thhalv10014183m.g	Caamp.1038s0771, Caamp.0105s1556
OG0001500	Thhalv10021195m.g	Caamp.0078s0961, Caamp.0214s0019
OG0001501	Thhalv10021176m.g	Caamp.0214s0023
OG0001501	Thhalv10014182m.g	Caamp.1038s0775, Caamp.0105s1560
OG0001502	Thhalv10013385m.g	Caamp.1038s0884, Caamp.0105s1673
OG0001502	Thhalv10020612m.g	Caamp.0214s0084, Caamp.0078s0891
OG0001503	Thhalv10012781m.g	Caamp.0105s1699, Caamp.1038s0916
OG0001503	Thhalv10017509m.g, Thhalv10020150m.g	Caamp.0078s0864
OG0001504	Thhalv10002072m.g, Thhalv10002074m.g, Thhalv10002302m.g, Thhalv10029421m.g, Thhalv10029341m.g	Caamp.0105s1701, Caamp.1038s0918
OG0001505	Thhalv10002237m.g	Caamp.0105s1707, Caamp.0105s1709, Caamp.0105s1712, Caamp.1038s0923, Caamp.0105s1713, Caamp.0105s1710, Caamp.0105s1708, Caamp.1040s1293
OG0001506	Thhalv10022691m.g	Caamp.1038s0972, Caamp.0105s1773, Caamp.0095s1267, Caamp.0093s0023
OG0001507	Thhalv10014008m.g	Caamp.1038s0991, Caamp.0105s1814
OG0001507	Thhalv10021067m.g	Caamp.0078s0830, Caamp.0214s0145
OG0001508	Thhalv10021844m.g	Caamp.0105s1869, Caamp.0078s0796, Caamp.1038s1013, Caamp.0214s0176
OG0001508	Thhalv10021851m.g	Caamp.0078s1095
OG0001509	Thhalv10014055m.g	Caamp.0105s1943, Caamp.1038s1144
OG0001509	Thhalv10021263m.g	Caamp.0078s0751
OG0001510	Thhalv10000104m.g	Caamp.1039s0102
OG0001510	Thhalv10000122m.g	Caamp.1039s0076
OG0001511	Thhalv10024840m.g	Caamp.0094s0180
OG0001511	Thhalv10000095m.g	Caamp.1039s0175
OG0001512	Thhalv10000073m.g	Caamp.1039s0325
OG0001512	Thhalv10024573m.g	Caamp.0094s0710, Caamp.0105s1366
OG0001513	Thhalv10021552m.g	Caamp.1039s0569, Caamp.0078s1162
OG0001513	Thhalv10011790m.g	Caamp.0046s0071, Caamp.0037s0072
OG0001514	Thhalv10020346m.g	Caamp.0078s1166, Caamp.1039s0571
OG0001514	Thhalv10011330m.g	Caamp.0037s0074, Caamp.0046s0074
OG0001515	Thhalv10019902m.g	Caamp.0078s0708
OG0001515	Thhalv10019926m.g	Caamp.1039s0574, Caamp.0078s1172
OG0001516	Thhalv10012315m.g	Caamp.0046s0107
OG0001516	Thhalv10022000m.g	Caamp.0078s1193
OG0001517	Thhalv10021144m.g	Caamp.1039s0776
OG0001517	Thhalv10011658m.g	Caamp.0037s0243, Caamp.0037s0244
OG0001518	Thhalv10011816m.g	Caamp.0040s0292, Caamp.0037s0263
OG0001518	Thhalv10021619m.g	Caamp.0105s0060, Caamp.1039s0796
OG0001519	Thhalv10021232m.g	Caamp.0051s0126, Caamp.1039s0861, Caamp.1039s0862
OG0001520	Thhalv10021318m.g	Caamp.0051s0206, Caamp.1039s0941
OG0001520	Thhalv10011716m.g	Caamp.0064s0642, Caamp.0097s0303
OG0001521	Thhalv10020160m.g	Caamp.1039s0956, Caamp.0051s0222
OG0001521	Thhalv10011269m.g	Caamp.0097s0290
OG0001522	Thhalv10020046m.g	Caamp.1041s0797, Caamp.1039s1018, Caamp.0051s0282
OG0001523	Thhalv10021480m.g	Caamp.1039s1020, Caamp.1041s0796, Caamp.0064s0701, Caamp.0051s0284
OG0001524	Thhalv10022379m.g	Caamp.0051s0293, Caamp.1039s1028
OG0001524	Thhalv10011884m.g	Caamp.0064s0731, Caamp.1041s0767
OG0001525	Thhalv10020991m.g	Caamp.1039s1130
OG0001525	Thhalv10025563m.g	Caamp.0094s0473, Caamp.0105s1132
OG0001526	Thhalv10020412m.g	Caamp.0053s0023, Caamp.1039s1167
OG0001526	Thhalv10012112m.g	Caamp.0064s0825
OG0001527	Thhalv10020653m.g	Caamp.0053s0081, Caamp.1039s1230
OG0001527	Thhalv10020647m.g	Caamp.1039s1231
OG0001528	Thhalv10011901m.g	Caamp.1039s1293, Caamp.1041s1907, Caamp.0190s0171
OG0001529	Thhalv10020636m.g	Caamp.1039s1301
OG0001529	Thhalv10011383m.g	Caamp.1041s1912, Caamp.0190s0165
OG0001530	Thhalv10021384m.g	Caamp.1041s1839, Caamp.1039s1367
OG0001530	Thhalv10026071m.g	Caamp.0097s0515, Caamp.0022s0045
OG0001531	Thhalv10025734m.g	Caamp.0097s0546, Caamp.0076s1146, Caamp.1039s1401, Caamp.0022s0079
OG0001532	Thhalv10020675m.g	Caamp.0076s1179
OG0001532	Thhalv10003175m.g	Caamp.1039s1434
OG0001533	Thhalv10021852m.g	Caamp.0097s0613, Caamp.0076s1227
OG0001533	Thhalv10026688m.g	Caamp.1039s1481
OG0001534	Thhalv10024478m.g	Caamp.0022s0188, Caamp.0097s0673
OG0001534	Thhalv10002419m.g	Caamp.1039s1526
OG0001535	Thhalv10002921m.g	Caamp.1039s1539, Caamp.1039s1538, Caamp.0076s1283, Caamp.1039s1569
OG0001536	Thhalv10002493m.g	Caamp.1039s1639, Caamp.1039s1638
OG0001536	Thhalv10003058m.g, Thhalv10028552m.g, Thhalv10002501m.g	Caamp.0093s0028
OG0001538	Thhalv10002512m.g	Caamp.0026s0134, Caamp.1039s1679, Caamp.0026s0135
OG0001539	Thhalv10029198m.g	Caamp.1040s1246
OG0001539	Thhalv10027313m.g, Thhalv10024637m.g	Caamp.0190s0389, Caamp.0003s0029
OG0001540	Thhalv10002306m.g	Caamp.0009s0045, Caamp.0092s0001, Caamp.0039s0024, Caamp.0017s0068, Caamp.0008s0067, Caamp.1040s1500, Caamp.0021s0105
OG0001541	Thhalv10012896m.g, Thhalv10027674m.g	Caamp.1041s0008
OG0001541	Thhalv10028192m.g	Caamp.0266s0071, Caamp.0303s1041
OG0001542	Thhalv10028292m.g, Thhalv10027954m.g	Caamp.0044s0010
OG0001542	Thhalv10028328m.g, Thhalv10003412m.g, Thhalv10005451m.g, Thhalv10004573m.g, Thhalv10027826m.g	Caamp.1041s0064
OG0001544	Thhalv10025943m.g	Caamp.0094s0753, Caamp.1041s0347, Caamp.0097s0350, Caamp.0064s0585
OG0001545	Thhalv10026566m.g	Caamp.0058s0024, Caamp.0094s0857
OG0001545	Thhalv10000699m.g	Caamp.1041s0443, Caamp.0094s0855, Caamp.0094s0856
OG0001546	Thhalv10002032m.g	Caamp.0079s0071, Caamp.0095s1358
OG0001546	Thhalv10025591m.g	Caamp.0094s0999
OG0001547	Thhalv10024798m.g	Caamp.0094s1009, Caamp.1041s0602
OG0001547	Thhalv10002192m.g	Caamp.0079s0081, Caamp.0095s1364
OG0001548	Thhalv10011177m.g	Caamp.0064s0751, Caamp.1041s0753
OG0001548	Thhalv10012090m.g	Caamp.0190s0198
OG0001549	Thhalv10027984m.g	Caamp.1041s0845
OG0001549	Thhalv10019303m.g	Caamp.0303s0677, Caamp.0002s0197
OG0001550	Thhalv10028260m.g, Thhalv10027612m.g, Thhalv10028157m.g, Thhalv10028097m.g, Thhalv10028173m.g, Thhalv10022459m.g, Thhalv10002259m.g, Thhalv10028277m.g	Caamp.0044s0280, Caamp.1041s0847
OG0001551	Thhalv10000484m.g, Thhalv10015555m.g	Caamp.0105s1808
OG0001551	Thhalv10015383m.g, Thhalv10015562m.g, Thhalv10005486m.g, Thhalv10028179m.g	Caamp.1041s0995
OG0001552	Thhalv10020294m.g	Caamp.0214s0839, Caamp.0303s0519
OG0001552	Thhalv10012853m.g	Caamp.1041s1409
OG0001553	Thhalv10019952m.g	Caamp.0303s0495
OG0001553	Thhalv10012536m.g	Caamp.0076s0023, Caamp.1041s1448
OG0001554	Thhalv10014900m.g, Thhalv10014899m.g, Thhalv10001060m.g	Caamp.0076s0038, Caamp.1041s1464, Caamp.0188s0196
OG0001555	Thhalv10029027m.g	Caamp.0052s0480, Caamp.1041s1693
OG0001555	Thhalv10009824m.g	Caamp.0056s0006, Caamp.0188s0929
OG0001556	Thhalv10028962m.g	Caamp.0052s0442
OG0001556	Thhalv10026248m.g	Caamp.0190s0837
OG0001557	Thhalv10028677m.g	Caamp.1041s1756, Caamp.1041s1755
OG0001557	Thhalv10029321m.g	Caamp.0052s0415
OG0001558	Thhalv10026090m.g	Caamp.0003s0385, Caamp.0190s0755
OG0001558	Thhalv10028913m.g	Caamp.1041s1815, Caamp.0052s0366
OG0001559	Thhalv10026027m.g	Caamp.0003s0376, Caamp.0190s0748
OG0001559	Thhalv10029522m.g	Caamp.1041s1827
OG0001560	Thhalv10011490m.g	Caamp.0040s0290, Caamp.0037s0261
OG0001560	Thhalv10020754m.g	Caamp.0105s0059
OG0001561	Thhalv10009693m.g	Caamp.0024s0407, Caamp.0056s0294
OG0001561	Thhalv10017204m.g	Caamp.0105s0094, Caamp.0066s0087
OG0001562	Thhalv10016781m.g, Thhalv10016910m.g, Thhalv10017631m.g, Thhalv10017723m.g, Thhalv10017805m.g, Thhalv10016690m.g	Caamp.0105s0144, Caamp.0013s0300
OG0001563	Thhalv10016746m.g	Caamp.0105s0163, Caamp.0013s0275
OG0001563	Thhalv10007829m.g	Caamp.0056s0228
OG0001564	Thhalv10008743m.g	Caamp.0024s0312
OG0001564	Thhalv10017221m.g	Caamp.0105s0219, Caamp.0013s0220
OG0001565	Thhalv10008150m.g	Caamp.0056s0150, Caamp.0188s0774
OG0001565	Thhalv10016914m.g	Caamp.0105s0269, Caamp.0045s0037
OG0001566	Thhalv10016422m.g	Caamp.0105s0303, Caamp.0013s0185
OG0001567	Thhalv10024820m.g	Caamp.0094s0328, Caamp.0105s0983
OG0001567	Thhalv10022635m.g	Caamp.0093s0183, Caamp.0026s0550
OG0001568	Thhalv10007472m.g	Caamp.0190s0047, Caamp.0046s0519
OG0001568	Thhalv10024932m.g	Caamp.0105s1052
OG0001569	Thhalv10021341m.g	Caamp.0303s0213, Caamp.0214s0553
OG0001569	Thhalv10026006m.g	Caamp.0094s0425, Caamp.0105s1087
OG0001570	Thhalv10024968m.g	Caamp.0094s0443, Caamp.0105s1107
OG0001570	Thhalv10022641m.g	Caamp.0026s0694, Caamp.0190s1283
OG0001572	Thhalv10008780m.g	Caamp.0052s0109
OG0001572	Thhalv10023750m.g	Caamp.0011s0148, Caamp.0038s0010
OG0001573	Thhalv10026791m.g	Caamp.0120s0368, Caamp.0011s0189, Caamp.0190s0310, Caamp.0094s1119
OG0001576	Thhalv10004005m.g	Caamp.0120s0818, Caamp.0120s0816
OG0001576	Thhalv10005661m.g	Caamp.0120s0819
OG0001577	Thhalv10026592m.g	Caamp.0022s0195, Caamp.0129s0050, Caamp.0097s0678
OG0001579	Thhalv10003224m.g, Thhalv10003226m.g	Caamp.0009s0016, Caamp.0004s0212, Caamp.0014s0061, Caamp.0058s0075
OG0001580	Thhalv10007788m.g	Caamp.0052s0319, Caamp.0188s0263
OG0001580	Thhalv10023475m.g	Caamp.0015s0145, Caamp.0303s1339
OG0001581	Thhalv10007167m.g	Caamp.0188s0266, Caamp.0052s0316
OG0001581	Thhalv10023368m.g	Caamp.0303s1341, Caamp.0015s0147
OG0001582	Thhalv10023468m.g	Caamp.0303s1364, Caamp.0015s0164
OG0001582	Thhalv10007700m.g	Caamp.0052s0295, Caamp.0188s0286
OG0001583	Thhalv10008358m.g	Caamp.0188s0250
OG0001583	Thhalv10023622m.g	Caamp.0015s0199, Caamp.0303s1301
OG0001584	Thhalv10024096m.g, Thhalv10024053m.g	Caamp.0015s0213, Caamp.0015s0215, Caamp.0303s1284, Caamp.0303s1286
OG0001585	Thhalv10023449m.g	Caamp.0303s1271
OG0001585	Thhalv10007599m.g	Caamp.0071s0246
OG0001586	Thhalv10023623m.g	Caamp.0303s1150, Caamp.0015s0346
OG0001586	Thhalv10008388m.g	Caamp.0071s0138
OG0001587	Thhalv10023559m.g	Caamp.0303s1143, Caamp.0015s0355
OG0001587	Thhalv10008065m.g	Caamp.0071s0132
OG0001588	Thhalv10028350m.g	Caamp.0097s0825
OG0001588	Thhalv10018599m.g	Caamp.0016s0008
OG0001589	Thhalv10009411m.g, Thhalv10027096m.g, Thhalv10028099m.g, Thhalv10006633m.g	Caamp.0052s0182, Caamp.0188s0132
OG0001590	Thhalv10007876m.g	Caamp.0071s0241, Caamp.0188s0214
OG0001590	Thhalv10023518m.g	Caamp.0303s1263
OG0001591	Thhalv10022559m.g, Thhalv10006785m.g	Caamp.0071s0268, Caamp.0188s0236
OG0001591	Thhalv10006795m.g	Caamp.0071s0267
OG0001592	Thhalv10009701m.g	Caamp.0052s0219, Caamp.0188s0357
OG0001592	Thhalv10007516m.g	Caamp.0052s0221, Caamp.0188s0355
OG0001593	Thhalv10016000m.g	Caamp.0054s0046
OG0001593	Thhalv10008923m.g	Caamp.0071s0018, Caamp.0188s0526
OG0001594	Thhalv10006818m.g	Caamp.0071s0019, Caamp.0188s0525
OG0001594	Thhalv10003656m.g	Caamp.0077s0081, Caamp.0076s1048
OG0001595	Thhalv10005238m.g	Caamp.0076s1011, Caamp.0077s0045
OG0001595	Thhalv10009257m.g	Caamp.0040s0028, Caamp.0188s0566
OG0001596	Thhalv10008286m.g	Caamp.0188s0572, Caamp.0040s0036
OG0001596	Thhalv10004674m.g	Caamp.0076s0995, Caamp.0077s0030
OG0001597	Thhalv10004939m.g	Caamp.0085s0118, Caamp.0076s0941
OG0001597	Thhalv10008807m.g	Caamp.0188s0610, Caamp.0040s0071
OG0001598	Thhalv10001087m.g	Caamp.0085s0104, Caamp.0076s0925
OG0001598	Thhalv10009183m.g	Caamp.0040s0079
OG0001599	Thhalv10009310m.g	Caamp.0188s0715
OG0001599	Thhalv10006943m.g	Caamp.0188s0716
OG0001600	Thhalv10020853m.g	Caamp.0214s0418
OG0001600	Thhalv10007762m.g	Caamp.0046s0156, Caamp.0188s0718
OG0001601	Thhalv10008893m.g	Caamp.0188s0879, Caamp.0056s0046
OG0001601	Thhalv10003278m.g	Caamp.0058s0195, Caamp.0064s0348
OG0001602	Thhalv10006549m.g	Caamp.0188s0892
OG0001602	Thhalv10001878m.g	Caamp.0095s1338
OG0001603	Thhalv10003154m.g	Caamp.0076s0517
OG0001603	Thhalv10006844m.g	Caamp.0188s0896, Caamp.0056s0030
OG0001604	Thhalv10003193m.g	Caamp.0058s0240
OG0001604	Thhalv10007644m.g	Caamp.0188s0904
OG0001604	Thhalv10003194m.g	Caamp.0076s0527
OG0001605	Thhalv10023402m.g	Caamp.0303s1111
OG0001605	Thhalv10007312m.g	Caamp.0275s0060, Caamp.0188s1119
OG0001606	Thhalv10006595m.g, Thhalv10006607m.g	Caamp.0275s0046, Caamp.0188s1131, Caamp.0275s0047
OG0001607	Thhalv10007479m.g	Caamp.0190s0018, Caamp.0046s0490
OG0001607	Thhalv10018459m.g	Caamp.0076s0470, Caamp.0006s0242
OG0001608	Thhalv10008036m.g	Caamp.0190s0026
OG0001608	Thhalv10018759m.g	Caamp.0076s0479, Caamp.0006s0233, Caamp.0046s0498
OG0001609	Thhalv10008749m.g	Caamp.0046s0499, Caamp.0190s0027
OG0001609	Thhalv10019237m.g	Caamp.0076s0480
OG0001610	Thhalv10008670m.g	Caamp.0190s0037, Caamp.0046s0509
OG0001610	Thhalv10017569m.g, Thhalv10019849m.g	Caamp.0006s0220, Caamp.0076s0492
OG0001611	Thhalv10018355m.g	Caamp.0076s0497
OG0001611	Thhalv10007203m.g	Caamp.0190s0039, Caamp.0046s0512
OG0001612	Thhalv10009970m.g	Caamp.0190s0051, Caamp.0046s0523
OG0001612	Thhalv10009371m.g	Caamp.0190s0052, Caamp.0046s0524
OG0001613	Thhalv10006615m.g, Thhalv10009567m.g	Caamp.0190s0055
OG0001613	Thhalv10009302m.g	Caamp.0046s0527
OG0001614	Thhalv10019183m.g	Caamp.0064s0318, Caamp.0006s0201
OG0001614	Thhalv10009964m.g	Caamp.0046s0534, Caamp.0190s0061
OG0001615	Thhalv10018983m.g	Caamp.0064s0311, Caamp.0006s0194
OG0001615	Thhalv10008444m.g	Caamp.0190s0067, Caamp.0046s0540
OG0001616	Thhalv10008081m.g	Caamp.0190s0085
OG0001616	Thhalv10018800m.g	Caamp.0064s0283, Caamp.0006s0173
OG0001617	Thhalv10006905m.g	Caamp.0006s0590
OG0001617	Thhalv10006909m.g	Caamp.0046s0567
OG0001617	Thhalv10009893m.g	Caamp.0190s0096
OG0001618	Thhalv10011254m.g	Caamp.0190s0178
OG0001618	Thhalv10005798m.g	Caamp.0095s0502
OG0001619	Thhalv10025441m.g	Caamp.0003s0070
OG0001619	Thhalv10027226m.g	Caamp.0003s0071, Caamp.0190s0433
OG0001620	Thhalv10027473m.g	Caamp.0003s0090
OG0001620	Thhalv10026278m.g	Caamp.0190s0451
OG0001621	Thhalv10026034m.g	Caamp.0003s0088, Caamp.0190s0452
OG0001621	Thhalv10026072m.g	Caamp.0003s0091
OG0001622	Thhalv10024643m.g, Thhalv10024603m.g	Caamp.0190s0689
OG0001623	Thhalv10028947m.g	Caamp.0052s0384
OG0001623	Thhalv10026181m.g	Caamp.0003s0408, Caamp.0190s0780
OG0001624	Thhalv10024978m.g	Caamp.0190s0800, Caamp.0003s0423
OG0001624	Thhalv10024969m.g	Caamp.0190s0801
OG0001624	Thhalv10027142m.g	Caamp.0190s0802
OG0001625	Thhalv10022627m.g	Caamp.0026s0659, Caamp.0190s1314
OG0001625	Thhalv10024761m.g	Caamp.0190s0804, Caamp.0003s0424
OG0001626	Thhalv10027276m.g	Caamp.0190s0987
OG0001627	Thhalv10024238m.g	Caamp.0190s1128
OG0001627	Thhalv10024241m.g	Caamp.0076s0770
OG0001628	Thhalv10000856m.g	Caamp.0076s0775
OG0001628	Thhalv10024685m.g	Caamp.0190s1130, Caamp.0003s0732
OG0001629	Thhalv10012227m.g	Caamp.0004s0069, Caamp.0004s0073
OG0001629	Thhalv10022587m.g, Thhalv10022543m.g, Thhalv10015258m.g, Thhalv10028419m.g, Thhalv10015515m.g, Thhalv10003369m.g	Caamp.0190s1265
OG0001630	Thhalv10023129m.g	Caamp.0190s1278, Caamp.0064s0500, Caamp.0026s0697
OG0001631	Thhalv10022773m.g, Thhalv10000231m.g	Caamp.0190s1305, Caamp.0026s0667
OG0001634	Thhalv10018781m.g	Caamp.0006s0587
OG0001634	Thhalv10018785m.g, Thhalv10019552m.g	Caamp.0002s0143, Caamp.0002s0145
OG0001635	Thhalv10018962m.g	Caamp.0303s0582, Caamp.0303s0576, Caamp.0002s0329
OG0001637	Thhalv10021381m.g	Caamp.0214s0166, Caamp.0078s0811
OG0001637	Thhalv10008402m.g	Caamp.0024s0499, Caamp.0052s0017
OG0001638	Thhalv10021333m.g	Caamp.0078s0670
OG0001638	Thhalv10003378m.g, Thhalv10029444m.g, Thhalv10015643m.g, Thhalv10002175m.g, Thhalv10026984m.g	Caamp.0214s0299
OG0001639	Thhalv10020394m.g	Caamp.0214s0795, Caamp.0303s0477
OG0001640	Thhalv10026305m.g, Thhalv10026306m.g	Caamp.0097s0573, Caamp.0097s0571, Caamp.0022s0100
OG0001641	Thhalv10016174m.g	Caamp.0076s1589
OG0001641	Thhalv10005764m.g	Caamp.0095s0539, Caamp.0023s0123
OG0001642	Thhalv10016499m.g, Thhalv10029124m.g	Caamp.0076s1563
OG0001642	Thhalv10005884m.g	Caamp.0023s0144, Caamp.0095s0523
OG0001643	Thhalv10006281m.g	Caamp.0065s0141
OG0001643	Thhalv10006282m.g	Caamp.0023s0167, Caamp.0095s0503
OG0001644	Thhalv10005778m.g	Caamp.0023s0209, Caamp.0095s0459
OG0001644	Thhalv10005781m.g	Caamp.0099s0091, Caamp.0095s0650
OG0001645	Thhalv10017813m.g	Caamp.0097s0140
OG0001645	Thhalv10006004m.g, Thhalv10019739m.g, Thhalv10005988m.g, Thhalv10022726m.g, Thhalv10016687m.g, Thhalv10025492m.g, Thhalv10006459m.g	Caamp.0023s0287
OG0001646	Thhalv10006452m.g	Caamp.0023s0558, Caamp.0065s0171
OG0001647	Thhalv10006659m.g	Caamp.0024s0093
OG0001647	Thhalv10018022m.g	Caamp.0006s0356, Caamp.0076s0363
OG0001648	Thhalv10008524m.g	Caamp.0046s0375, Caamp.0046s0374
OG0001648	Thhalv10019538m.g, Thhalv10019016m.g	Caamp.0024s0104, Caamp.0024s0105
OG0001649	Thhalv10012333m.g, Thhalv10027825m.g	Caamp.0024s0118, Caamp.0046s0358, Caamp.0068s0054
OG0001650	Thhalv10007073m.g	Caamp.0046s0347, Caamp.0024s0129
OG0001650	Thhalv10018267m.g	Caamp.0006s0416
OG0001651	Thhalv10008778m.g	Caamp.0024s0145, Caamp.0046s0328
OG0001651	Thhalv10019174m.g	Caamp.0006s0466
OG0001652	Thhalv10008614m.g	Caamp.0024s0151, Caamp.0046s0321
OG0001652	Thhalv10019050m.g	Caamp.0006s0458, Caamp.0076s0262
OG0001653	Thhalv10008957m.g	Caamp.0024s0174, Caamp.0046s0301
OG0001653	Thhalv10019231m.g	Caamp.0006s0486, Caamp.0076s0233
OG0001654	Thhalv10006892m.g	Caamp.0046s0286, Caamp.0024s0192
OG0001654	Thhalv10023137m.g	Caamp.0303s1181
OG0001655	Thhalv10019450m.g	Caamp.0006s0527, Caamp.0076s0195
OG0001655	Thhalv10021936m.g, Thhalv10008868m.g	Caamp.0046s0273, Caamp.0024s0204
OG0001656	Thhalv10019770m.g	Caamp.0076s0188, Caamp.0006s0536
OG0001656	Thhalv10007806m.g	Caamp.0024s0209, Caamp.0046s0268
OG0001657	Thhalv10009097m.g	Caamp.0024s0426
OG0001657	Thhalv10009119m.g	Caamp.0056s0310
OG0001657	Thhalv10005691m.g	Caamp.0024s0427, Caamp.0303s0233
OG0001658	Thhalv10017457m.g, Thhalv10009159m.g	Caamp.0024s0432
OG0001658	Thhalv10009739m.g	Caamp.0066s0062, Caamp.0051s0058
OG0001659	Thhalv10017113m.g	Caamp.0066s0015, Caamp.0051s0023
OG0001659	Thhalv10008485m.g	Caamp.0056s0335, Caamp.0024s0452
OG0001661	Thhalv10010059m.g, Thhalv10010060m.g	Caamp.0005s0294, Caamp.0005s0293, Caamp.0005s0292, Caamp.0026s0306
OG0001662	Thhalv10018087m.g	Caamp.0026s0785
OG0001662	Thhalv10018093m.g, Thhalv10018074m.g, Thhalv10018082m.g, Thhalv10018158m.g, Thhalv10018202m.g	Caamp.0007s0479
OG0001664	Thhalv10023392m.g	Caamp.0303s1100, Caamp.0266s0011
OG0001665	Thhalv10008106m.g	Caamp.0266s0014, Caamp.0303s1098
OG0001666	Thhalv10027660m.g, Thhalv10029146m.g	Caamp.0044s0012
OG0001666	Thhalv10023305m.g	Caamp.0303s1066, Caamp.0266s0045
OG0001668	Thhalv10028569m.g	Caamp.0028s0009
OG0001668	Thhalv10018339m.g	Caamp.0064s0164, Caamp.0006s0051
OG0001670	Thhalv10029153m.g	Caamp.0028s0208
OG0001670	Thhalv10028502m.g, Thhalv10028499m.g	Caamp.0028s0207
OG0001671	Thhalv10029398m.g, Thhalv10028580m.g, Thhalv10028583m.g, Thhalv10028581m.g	Caamp.0052s0338, Caamp.0028s0269
OG0001672	Thhalv10028539m.g	Caamp.0003s0540
OG0001673	Thhalv10001007m.g	Caamp.0085s0016
OG0001673	Thhalv10026069m.g	Caamp.0095s0190, Caamp.0003s0802
OG0001674	Thhalv10016678m.g	Caamp.0034s0098, Caamp.0097s0752
OG0001674	Thhalv10007683m.g	Caamp.0303s0557, Caamp.0052s0053
OG0001675	Thhalv10028837m.g	Caamp.0032s0047, Caamp.0049s0012
OG0001677	Thhalv10022930m.g, Thhalv10003287m.g	Caamp.0036s0024, Caamp.0058s0083
OG0001677	Thhalv10011851m.g	Caamp.0064s0607, Caamp.0097s0334
OG0001678	Thhalv10012138m.g	Caamp.0037s0093, Caamp.0046s0095
OG0001678	Thhalv10023007m.g, Thhalv10011951m.g, Thhalv10012170m.g	Caamp.0046s0096, Caamp.0037s0094
OG0001679	Thhalv10018465m.g	Caamp.0037s0402, Caamp.0076s0078
OG0001680	Thhalv10009703m.g, Thhalv10010983m.g	Caamp.0040s0213, Caamp.0046s0373, Caamp.0064s0663, Caamp.0097s0283
OG0001682	Thhalv10009369m.g, Thhalv10009711m.g, Thhalv10009620m.g, Thhalv10009575m.g, Thhalv10009683m.g, Thhalv10009333m.g, Thhalv10009627m.g, Thhalv10009941m.g, Thhalv10009650m.g, Thhalv10009514m.g	Caamp.0005s0036
OG0001683	Thhalv10002837m.g	Caamp.0005s0158
OG0001683	Thhalv10018662m.g	Caamp.0076s0260
OG0001684	Thhalv10003111m.g	Caamp.0097s0230, Caamp.0005s0170, Caamp.0097s0228
OG0001685	Thhalv10019192m.g	Caamp.0064s0431, Caamp.0097s0748, Caamp.0058s0128
OG0001686	Thhalv10003390m.g	Caamp.0076s0555, Caamp.0058s0268
OG0001687	Thhalv10018065m.g, Thhalv10018054m.g	Caamp.0006s0182, Caamp.0006s0183, Caamp.0064s0294, Caamp.0064s0293
OG0001688	Thhalv10019053m.g	Caamp.0006s0335
OG0001688	Thhalv10019046m.g	Caamp.0006s0334
OG0001688	Thhalv10019680m.g	Caamp.0006s0333, Caamp.0076s0387
OG0001691	Thhalv10013249m.g	Caamp.0076s0011
OG0001691	Thhalv10024953m.g, Thhalv10013264m.g	Caamp.0076s0012
OG0001692	Thhalv10001158m.g	Caamp.0085s0072, Caamp.0076s0898
OG0001694	Thhalv10026998m.g	Caamp.0095s0057, Caamp.0090s0012, Caamp.0090s0011, Caamp.0095s0058
OG0001695	Thhalv10026959m.g	Caamp.0094s0259
OG0001695	Thhalv10022656m.g	Caamp.0093s0117, Caamp.0095s1181
OG0001696	Thhalv10022710m.g, Thhalv10011037m.g	Caamp.0095s1158, Caamp.0093s0137
OG0001696	Thhalv10027366m.g, Thhalv10025132m.g	Caamp.0094s0280
OG0001697	Thhalv10009802m.g, Thhalv10017914m.g	Caamp.0097s0186, Caamp.0094s0139
OG0001711	Thhalv10000988m.g	Caamp.0076s0817, Caamp.0001s0016
OG0001711	Thhalv10025930m.g	Caamp.0003s0770
OG0001712	Thhalv10001199m.g, Thhalv10001105m.g	Caamp.0001s0028, Caamp.0001s0026, Caamp.0076s0808, Caamp.0076s0807, Caamp.0001s0027
OG0001713	Thhalv10001071m.g, Thhalv10001072m.g	Caamp.0001s0034, Caamp.0001s0033, Caamp.0001s0037, Caamp.0001s0038, Caamp.0001s0036, Caamp.0001s0035, Caamp.0076s0803
OG0001714	Thhalv10001224m.g	Caamp.0001s0070
OG0001714	Thhalv10017082m.g	Caamp.0105s0498, Caamp.0102s0570
OG0001715	Thhalv10001051m.g	Caamp.0001s0129, Caamp.0076s0715
OG0001715	Thhalv10026398m.g	Caamp.0190s1068, Caamp.0003s0668
OG0001716	Thhalv10000869m.g	Caamp.0076s0580, Caamp.0001s0243
OG0001716	Thhalv10025053m.g	Caamp.0003s0529
OG0001717	Thhalv10010330m.g	Caamp.0099s0068, Caamp.0001s0266, Caamp.0061s0029, Caamp.0095s0670
OG0001721	Thhalv10019720m.g	Caamp.0097s0874, Caamp.0010s0067
OG0001721	Thhalv10001570m.g	Caamp.0105s0878, Caamp.1031s0696
OG0001722	Thhalv10016948m.g, Thhalv10016963m.g	Caamp.0010s0088, Caamp.1039s0435
OG0001723	Thhalv10026353m.g	Caamp.0105s1331, Caamp.0094s0674
OG0001723	Thhalv10000356m.g	Caamp.0010s0119, Caamp.1039s0397
OG0001724	Thhalv10026351m.g	Caamp.0105s1359
OG0001724	Thhalv10000339m.g	Caamp.0010s0147
OG0001725	Thhalv10026315m.g	Caamp.0105s1367, Caamp.0094s0711
OG0001725	Thhalv10000328m.g	Caamp.1039s0322, Caamp.0010s0161
OG0001726	Thhalv10000334m.g	Caamp.0010s0174, Caamp.1041s0325, Caamp.0094s0730, Caamp.1039s0301
OG0001727	Thhalv10000179m.g	Caamp.0010s0188, Caamp.1039s0284
OG0001727	Thhalv10025341m.g	Caamp.0094s0750
OG0001728	Thhalv10000261m.g	Caamp.0010s0238, Caamp.1039s0240
OG0001729	Thhalv10010943m.g	Caamp.1038s0828
OG0001729	Thhalv10016633m.g	Caamp.0010s0251, Caamp.0057s0032
OG0001730	Thhalv10002364m.g, Thhalv10000659m.g, Thhalv10002362m.g, Thhalv10000720m.g, Thhalv10002361m.g, Thhalv10000576m.g	Caamp.0010s0286
OG0001732	Thhalv10017487m.g	Caamp.0097s0722, Caamp.0101s0093, Caamp.0097s0720, Caamp.0101s0092
OG0001733	Thhalv10023321m.g	Caamp.1039s1641, Caamp.0101s0122, Caamp.0101s0121, Caamp.0011s0096
OG0001734	Thhalv10002862m.g, Thhalv10002124m.g	Caamp.0097s0984, Caamp.0129s0008, Caamp.0048s0005, Caamp.0101s0164
OG0001737	Thhalv10017249m.g	Caamp.0102s0067, Caamp.1031s0219
OG0001737	Thhalv10010740m.g	Caamp.0099s0057, Caamp.0095s0681
OG0001738	Thhalv10016410m.g	Caamp.0102s0127, Caamp.1031s0150
OG0001739	Thhalv10023484m.g	Caamp.0078s0424
OG0001739	Thhalv10016888m.g	Caamp.0102s0180
OG0001739	Thhalv10010411m.g	Caamp.0095s0814
OG0001740	Thhalv10016956m.g	Caamp.0102s0188, Caamp.1031s0098
OG0001740	Thhalv10010568m.g	Caamp.0078s0431, Caamp.0095s0822
OG0001741	Thhalv10014179m.g	Caamp.1038s1134, Caamp.0105s1936
OG0001741	Thhalv10017969m.g	Caamp.1031s0051, Caamp.0102s0226
OG0001742	Thhalv10017172m.g	Caamp.0105s0721, Caamp.0102s0342
OG0001743	Thhalv10017301m.g	Caamp.0105s0716, Caamp.0102s0347
OG0001743	Thhalv10010755m.g	Caamp.0078s0502, Caamp.0095s0900
OG0001744	Thhalv10010379m.g, Thhalv10010378m.g	Caamp.0095s0928, Caamp.0105s0668, Caamp.0102s0396
OG0001745	Thhalv10008500m.g	Caamp.0007s0194, Caamp.1033s0805
OG0001745	Thhalv10017084m.g	Caamp.0102s0491
OG0001746	Thhalv10021837m.g	Caamp.0102s0523, Caamp.0214s0046
OG0001746	Thhalv10006337m.g	Caamp.0095s0328, Caamp.0023s0346
OG0001747	Thhalv10017638m.g	Caamp.0105s0505, Caamp.0102s0561, Caamp.1039s0074
OG0001748	Thhalv10009096m.g	Caamp.0078s0590, Caamp.1033s0564
OG0001748	Thhalv10017416m.g	Caamp.0105s0446, Caamp.0102s0616
OG0001749	Thhalv10016959m.g	Caamp.0102s0630, Caamp.0105s0430
OG0001749	Thhalv10008389m.g	Caamp.0078s0613, Caamp.1033s0543
OG0001750	Thhalv10028422m.g	Caamp.0102s0711
OG0001750	Thhalv10029240m.g, Thhalv10028438m.g	Caamp.0028s0232
OG0001751	Thhalv10029132m.g	Caamp.0102s0769, Caamp.0028s0177
OG0001751	Thhalv10026857m.g	Caamp.0003s0266, Caamp.0190s0649
OG0001752	Thhalv10028777m.g	Caamp.0028s0163, Caamp.0102s0786
OG0001752	Thhalv10025610m.g	Caamp.0190s0633, Caamp.0003s0250
OG0001753	Thhalv10028674m.g	Caamp.0102s0798
OG0001753	Thhalv10025256m.g	Caamp.0003s0263, Caamp.0190s0648
OG0001754	Thhalv10029101m.g	Caamp.0102s0806, Caamp.1040s0308, Caamp.0015s0047, Caamp.0105s0167, Caamp.0028s0152
OG0001755	Thhalv10023730m.g	Caamp.0303s1132
OG0001755	Thhalv10029291m.g	Caamp.0028s0149, Caamp.0102s0811
OG0001756	Thhalv10029424m.g, Thhalv10029142m.g, Thhalv10029381m.g, Thhalv10029147m.g	Caamp.0028s0260, Caamp.0028s0141, Caamp.0102s0818, Caamp.0028s0261
OG0001757	Thhalv10009214m.g, Thhalv10009215m.g	Caamp.0007s0294, Caamp.1033s0907, Caamp.0102s0854
OG0001758	Thhalv10019611m.g, Thhalv10019457m.g	Caamp.1036s0445
OG0001758	Thhalv10022296m.g, Thhalv10022077m.g, Thhalv10029340m.g	Caamp.0102s0904
OG0001758	Thhalv10028326m.g	Caamp.0004s0066
OG0001759	Thhalv10028534m.g, Thhalv10028254m.g, Thhalv10023179m.g	Caamp.0032s0038, Caamp.0102s0929
OG0001760	Thhalv10024443m.g, Thhalv10027661m.g, Thhalv10018259m.g	Caamp.0028s0015, Caamp.0102s0982
OG0001761	Thhalv10002069m.g, Thhalv10022346m.g, Thhalv10003428m.g	Caamp.0303s0117, Caamp.0102s0998, Caamp.0214s0463
OG0001762	Thhalv10028523m.g	Caamp.0032s0054, Caamp.0102s1024, Caamp.0049s0019
OG0001763	Thhalv10026348m.g	Caamp.1027s0070
OG0001763	Thhalv10000319m.g	Caamp.1039s0038
OG0001764	Thhalv10000223m.g	Caamp.0059s0069, Caamp.1039s0054
OG0001764	Thhalv10025633m.g	Caamp.0094s0040, Caamp.1027s0085
OG0001765	Thhalv10000712m.g	Caamp.0059s0048, Caamp.0059s0047
OG0001765	Thhalv10025545m.g	Caamp.0094s0051, Caamp.1027s0099
OG0001766	Thhalv10000262m.g	Caamp.1027s0116, Caamp.0059s0036, Caamp.1039s0085
OG0001767	Thhalv10025506m.g	Caamp.0094s0100, Caamp.1027s0154
OG0001767	Thhalv10000204m.g	Caamp.0059s0010
OG0001768	Thhalv10025198m.g	Caamp.0094s0107, Caamp.1027s0161
OG0001768	Thhalv10000164m.g	Caamp.1039s0119, Caamp.0059s0007
OG0001769	Thhalv10000064m.g	Caamp.1027s0165
OG0001769	Thhalv10024482m.g, Thhalv10000050m.g	Caamp.1039s0123, Caamp.0059s0004
OG0001770	Thhalv10017602m.g	Caamp.1031s0152
OG0001770	Thhalv10010921m.g	Caamp.0078s0542, Caamp.0095s0753
OG0001771	Thhalv10011166m.g	Caamp.0095s0694
OG0001771	Thhalv10022946m.g	Caamp.0099s0043
OG0001772	Thhalv10017048m.g	Caamp.1031s0400, Caamp.0076s1566
OG0001772	Thhalv10006201m.g	Caamp.0023s0140
OG0001773	Thhalv10016777m.g	Caamp.0023s0085, Caamp.1031s0405, Caamp.0076s1562
OG0001773	Thhalv10006029m.g	Caamp.0095s0521
OG0001774	Thhalv10016984m.g	Caamp.1031s0416, Caamp.0076s1552
OG0001774	Thhalv10006115m.g	Caamp.0023s0183, Caamp.0095s0487
OG0001775	Thhalv10005885m.g	Caamp.0095s0421
OG0001775	Thhalv10016522m.g	Caamp.1031s0498
OG0001776	Thhalv10001531m.g	Caamp.0076s1407
OG0001776	Thhalv10006086m.g	Caamp.0023s0303
OG0001777	Thhalv10006083m.g	Caamp.0023s0314, Caamp.0008s0023
OG0001777	Thhalv10001534m.g	Caamp.1031s0587, Caamp.0018s0005
OG0001778	Thhalv10001367m.g	Caamp.0018s0017, Caamp.1031s0599
OG0001778	Thhalv10005854m.g	Caamp.0095s0346, Caamp.0023s0321
OG0001779	Thhalv10006479m.g	Caamp.0023s0324
OG0001779	Thhalv10001435m.g	Caamp.0018s0020, Caamp.1031s0601
OG0001780	Thhalv10001659m.g	Caamp.1031s0630, Caamp.0018s0044
OG0001780	Thhalv10006276m.g	Caamp.0023s0336, Caamp.0095s0335
OG0001781	Thhalv10007207m.g	Caamp.0188s1134, Caamp.0275s0041
OG0001781	Thhalv10001387m.g	Caamp.1031s0730, Caamp.0018s0149
OG0001782	Thhalv10006216m.g	Caamp.0065s0035
OG0001782	Thhalv10001566m.g	Caamp.0018s0151, Caamp.1031s0732
OG0001783	Thhalv10001640m.g	Caamp.1031s0737, Caamp.0018s0156
OG0001783	Thhalv10006244m.g	Caamp.0023s0430, Caamp.0065s0048
OG0001784	Thhalv10008660m.g	Caamp.0188s0586, Caamp.0188s0582, Caamp.0018s0187, Caamp.1031s0769
OG0001785	Thhalv10001804m.g	Caamp.1031s0772
OG0001785	Thhalv10006504m.g	Caamp.0065s0076, Caamp.0023s0461
OG0001786	Thhalv10005967m.g	Caamp.0023s0464, Caamp.0065s0079
OG0001786	Thhalv10001443m.g	Caamp.1031s0776, Caamp.0018s0195
OG0001787	Thhalv10001544m.g	Caamp.0028s0100, Caamp.0018s0305, Caamp.1031s0877
OG0001788	Thhalv10001751m.g	Caamp.1031s0883, Caamp.0018s0311
OG0001788	Thhalv10027011m.g	Caamp.0022s0184
OG0001789	Thhalv10006073m.g	Caamp.0023s0574, Caamp.0065s0188
OG0001789	Thhalv10001520m.g	Caamp.1031s0900, Caamp.0059s0062, Caamp.0018s0329
OG0001790	Thhalv10006266m.g	Caamp.0018s0330
OG0001790	Thhalv10001688m.g	Caamp.0023s0573, Caamp.0065s0187, Caamp.1031s0901
OG0001791	Thhalv10006347m.g	Caamp.0065s0182, Caamp.0023s0568
OG0001791	Thhalv10001702m.g	Caamp.1031s0904, Caamp.0018s0333
OG0001792	Thhalv10018828m.g	Caamp.0064s0214, Caamp.0006s0100
OG0001792	Thhalv10009473m.g	Caamp.1033s0032
OG0001793	Thhalv10008326m.g	Caamp.0037s0344
OG0001793	Thhalv10018771m.g	Caamp.0064s0173, Caamp.0006s0060
OG0001794	Thhalv10007894m.g	Caamp.1033s0065
OG0001794	Thhalv10018695m.g	Caamp.0064s0172
OG0001795	Thhalv10008456m.g	Caamp.1033s0101, Caamp.0037s0381
OG0001796	Thhalv10008033m.g	Caamp.0037s0410
OG0001796	Thhalv10018995m.g	Caamp.1036s0297
OG0001797	Thhalv10008928m.g	Caamp.1033s0136, Caamp.0037s0411
OG0001797	Thhalv10019247m.g	Caamp.0303s0809, Caamp.1036s0299
OG0001798	Thhalv10009597m.g	Caamp.0037s0430
OG0001798	Thhalv10019542m.g	Caamp.1033s0149, Caamp.1036s0340, Caamp.0303s0841
OG0001799	Thhalv10018328m.g	Caamp.0303s0846
OG0001799	Thhalv10007178m.g	Caamp.0037s0435
OG0001800	Thhalv10018474m.g	Caamp.1036s0361
OG0001800	Thhalv10007514m.g	Caamp.1033s0162, Caamp.0037s0445
OG0001801	Thhalv10008530m.g	Caamp.0064s0620, Caamp.0097s0322, Caamp.0037s0467, Caamp.1033s0184
OG0001802	Thhalv10009500m.g	Caamp.0037s0557, Caamp.1033s0269, Caamp.0105s1362, Caamp.1033s0268
OG0001803	Thhalv10007983m.g	Caamp.0037s0611, Caamp.1033s0324
OG0001803	Thhalv10019566m.g	Caamp.0303s1026
OG0001804	Thhalv10018875m.g	Caamp.0064s0517
OG0001804	Thhalv10008407m.g	Caamp.1033s0342
OG0001805	Thhalv10016229m.g	Caamp.1033s0378
OG0001805	Thhalv10016220m.g	Caamp.0013s0014
OG0001806	Thhalv10015811m.g	Caamp.1038s0172, Caamp.1041s1259
OG0001806	Thhalv10009976m.g	Caamp.1033s0407, Caamp.0070s0110
OG0001807	Thhalv10008965m.g	Caamp.0070s0115, Caamp.1033s0413
OG0001807	Thhalv10010039m.g	Caamp.1033s0472, Caamp.0070s0067
OG0001808	Thhalv10018905m.g	Caamp.0303s0666, Caamp.0002s0212
OG0001808	Thhalv10010026m.g	Caamp.1033s0468, Caamp.0070s0071
OG0001809	Thhalv10006582m.g	Caamp.1033s0469, Caamp.0070s0070
OG0001810	Thhalv10009717m.g	Caamp.0070s0005, Caamp.1033s0537, Caamp.1033s0539
OG0001811	Thhalv10005432m.g	Caamp.1035s0212, Caamp.0033s0198, Caamp.1033s0629, Caamp.0007s0032
OG0001811	Thhalv10015558m.g	Caamp.1038s0465, Caamp.1041s0963
OG0001812	Thhalv10009870m.g	Caamp.0007s0137, Caamp.1033s0742
OG0001812	Thhalv10008847m.g	Caamp.0188s0343, Caamp.0052s0234
OG0001813	Thhalv10009426m.g	Caamp.0015s0006, Caamp.1033s0887, Caamp.1033s0788
OG0001814	Thhalv10029123m.g	Caamp.1038s0942, Caamp.1033s0794, Caamp.0105s1732, Caamp.0033s0178, Caamp.1035s0232
OG0001815	Thhalv10001811m.g	Caamp.1033s1058, Caamp.0008s0037
OG0001815	Thhalv10009986m.g	Caamp.0007s0360, Caamp.1033s0972
OG0001816	Thhalv10005726m.g	Caamp.1033s1079
OG0001816	Thhalv10003506m.g	Caamp.0021s0001, Caamp.0008s0058
OG0001817	Thhalv10003858m.g	Caamp.1035s0033
OG0001817	Thhalv10010248m.g	Caamp.0078s0082
OG0001818	Thhalv10010974m.g	Caamp.0026s0486, Caamp.0026s0484
OG0001818	Thhalv10026503m.g	Caamp.0078s0075, Caamp.1035s0046
OG0001819	Thhalv10010092m.g	Caamp.0026s0461
OG0001819	Thhalv10003584m.g	Caamp.1035s0076, Caamp.0033s0317
OG0001820	Thhalv10013001m.g	Caamp.1041s1036
OG0001820	Thhalv10003847m.g	Caamp.1038s0395, Caamp.1035s0121
OG0001821	Thhalv10013088m.g	Caamp.1041s1031
OG0001821	Thhalv10003890m.g	Caamp.0033s0253, Caamp.1035s0146
OG0001822	Thhalv10004276m.g	Caamp.1035s0149, Caamp.0033s0251
OG0001822	Thhalv10018621m.g	Caamp.0064s0160
OG0001823	Thhalv10004227m.g	Caamp.0033s0236, Caamp.1035s0171
OG0001823	Thhalv10013557m.g	Caamp.1041s1000
OG0001823	Thhalv10005179m.g	Caamp.1038s0429
OG0001824	Thhalv10003564m.g	Caamp.1035s0224, Caamp.0033s0185
OG0001825	Thhalv10003553m.g	Caamp.1038s0478, Caamp.0033s0171, Caamp.1035s0236
OG0001826	Thhalv10003959m.g	Caamp.0076s0067, Caamp.0303s0797, Caamp.0033s0136, Caamp.1035s0267
OG0001827	Thhalv10010651m.g	Caamp.0005s0367, Caamp.0026s0377
OG0001827	Thhalv10004812m.g	Caamp.1035s0284
OG0001828	Thhalv10010583m.g	Caamp.1035s0340, Caamp.0005s0301, Caamp.0026s0312
OG0001829	Thhalv10004514m.g	Caamp.1035s0400
OG0001829	Thhalv10008113m.g	Caamp.0188s0748
OG0001830	Thhalv10014155m.g	Caamp.0105s1388
OG0001830	Thhalv10004633m.g	Caamp.1035s0458
OG0001831	Thhalv10004743m.g	Caamp.0120s0957, Caamp.1035s0467
OG0001831	Thhalv10014361m.g	Caamp.0105s1382
OG0001832	Thhalv10003960m.g	Caamp.1035s0482
OG0001832	Thhalv10013186m.g	Caamp.1041s0309, Caamp.1038s0586
OG0001833	Thhalv10004651m.g	Caamp.1035s0575
OG0001833	Thhalv10008281m.g	Caamp.0188s0997, Caamp.0120s0864
OG0001834	Thhalv10004843m.g	Caamp.0120s0895
OG0001834	Thhalv10014542m.g	Caamp.1038s0546, Caamp.1041s0274, Caamp.1035s0608
OG0001835	Thhalv10003609m.g	Caamp.0120s0741, Caamp.1035s0667
OG0001836	Thhalv10012643m.g	Caamp.1041s1112, Caamp.0120s0723, Caamp.1035s0689
OG0001837	Thhalv10013787m.g	Caamp.1038s0265, Caamp.1041s1165
OG0001837	Thhalv10004382m.g	Caamp.1035s0736
OG0001838	Thhalv10018728m.g	Caamp.0006s0249
OG0001838	Thhalv10019532m.g, Thhalv10008023m.g	Caamp.1035s0795, Caamp.0120s0613
OG0001839	Thhalv10021665m.g	Caamp.0303s0177
OG0001839	Thhalv10005038m.g	Caamp.1035s0843, Caamp.0120s0565
OG0001840	Thhalv10020480m.g	Caamp.0214s0375
OG0001840	Thhalv10005613m.g	Caamp.0303s0028, Caamp.0120s0476, Caamp.1035s0938
OG0001841	Thhalv10005638m.g, Thhalv10005375m.g	Caamp.1035s0984, Caamp.0120s0427, Caamp.0095s0401, Caamp.0095s0414
OG0001842	Thhalv10004886m.g	Caamp.0120s0297, Caamp.1035s1124
OG0001842	Thhalv10027921m.g	Caamp.1041s0245, Caamp.0044s0224
OG0001843	Thhalv10004497m.g	Caamp.1035s1159, Caamp.0120s0266, Caamp.1035s1160
OG0001844	Thhalv10005220m.g	Caamp.0120s0251
OG0001844	Thhalv10028314m.g	Caamp.0044s0183, Caamp.1041s0202
OG0001845	Thhalv10004596m.g	Caamp.0055s0014, Caamp.0120s0241, Caamp.1035s1182, Caamp.1041s0183
OG0001846	Thhalv10004777m.g	Caamp.0013s0128, Caamp.0026s0191, Caamp.0120s0213, Caamp.1035s1208
OG0001847	Thhalv10028250m.g	Caamp.0044s0127
OG0001847	Thhalv10005308m.g	Caamp.0120s0209, Caamp.1035s1213, Caamp.1041s0147
OG0001848	Thhalv10004106m.g	Caamp.0120s0165, Caamp.1035s1254
OG0001848	Thhalv10027737m.g	Caamp.0044s0086
OG0001849	Thhalv10005497m.g, Thhalv10015971m.g	Caamp.0095s0208, Caamp.0003s0783, Caamp.1035s1310, Caamp.0120s0115
OG0001850	Thhalv10005583m.g	Caamp.1035s1342
OG0001851	Thhalv10008506m.g	Caamp.1035s1405, Caamp.0188s1079
OG0001851	Thhalv10028905m.g	Caamp.1037s0095, Caamp.1040s0109
OG0001852	Thhalv10008730m.g	Caamp.0188s1009, Caamp.1035s1454
OG0001852	Thhalv10028950m.g	Caamp.1040s0188, Caamp.1037s0173
OG0001853	Thhalv10029178m.g	Caamp.0188s0973, Caamp.1035s1489, Caamp.1041s1631, Caamp.0052s0542
OG0001854	Thhalv10020458m.g, Thhalv10021780m.g	Caamp.0303s0259, Caamp.0214s0591
OG0001854	Thhalv10013196m.g	Caamp.1036s0013
OG0001855	Thhalv10019949m.g	Caamp.0303s0364
OG0001855	Thhalv10012517m.g	Caamp.1037s0236, Caamp.1036s0148
OG0001856	Thhalv10020554m.g	Caamp.0214s0695
OG0001856	Thhalv10013266m.g	Caamp.1037s0227, Caamp.1036s0156
OG0001857	Thhalv10020900m.g	Caamp.0214s0718, Caamp.0303s0392
OG0001858	Thhalv10014778m.g	Caamp.1041s1574, Caamp.1036s0206
OG0001858	Thhalv10021615m.g	Caamp.0214s0727, Caamp.0303s0402
OG0001859	Thhalv10013742m.g	Caamp.1041s1542
OG0001859	Thhalv10020888m.g	Caamp.0214s0748, Caamp.0303s0424
OG0001860	Thhalv10021465m.g	Caamp.0303s0445, Caamp.0214s0765
OG0001860	Thhalv10014574m.g	Caamp.1036s0262
OG0001861	Thhalv10018292m.g	Caamp.0093s0187, Caamp.1036s0341, Caamp.0303s0842
OG0001862	Thhalv10026763m.g, Thhalv10019124m.g	Caamp.1036s0397, Caamp.0303s0893
OG0001863	Thhalv10006672m.g	Caamp.0037s0604
OG0001863	Thhalv10018058m.g	Caamp.1036s0545
OG0001864	Thhalv10027791m.g, Thhalv10023859m.g	Caamp.1036s0589, Caamp.0097s0837, Caamp.0071s0248, Caamp.0188s0222
OG0001865	Thhalv10011621m.g	Caamp.0064s0600
OG0001865	Thhalv10028197m.g, Thhalv10029163m.g	Caamp.1040s0002, Caamp.1037s0002
OG0001866	Thhalv10006521m.g	Caamp.0188s1153, Caamp.0275s0019, Caamp.1040s0011, Caamp.1040s0010, Caamp.1037s0005
OG0001867	Thhalv10028623m.g	Caamp.1037s0082
OG0001867	Thhalv10010005m.g	Caamp.0188s1094
OG0001868	Thhalv10029104m.g	Caamp.1040s0095, Caamp.1037s0083
OG0001868	Thhalv10009233m.g	Caamp.0188s1093, Caamp.0275s0082
OG0001869	Thhalv10020933m.g	Caamp.0303s0397, Caamp.0214s0722
OG0001869	Thhalv10014571m.g	Caamp.1037s0178
OG0001870	Thhalv10012637m.g	Caamp.0105s0805, Caamp.1037s0391, Caamp.0105s0804, Caamp.1037s0390
OG0001871	Thhalv10015665m.g	Caamp.1037s0431
OG0001871	Thhalv10019947m.g	Caamp.0214s0438
OG0001872	Thhalv10015536m.g	Caamp.1037s0440
OG0001872	Thhalv10015653m.g	Caamp.1041s1202, Caamp.1038s0221
OG0001873	Thhalv10014631m.g	Caamp.1040s0246, Caamp.0005s0001, Caamp.0097s0056, Caamp.1037s0599
OG0001874	Thhalv10012640m.g	Caamp.1037s0615, Caamp.1040s0263
OG0001875	Thhalv10010953m.g	Caamp.0005s0033, Caamp.0097s0087
OG0001875	Thhalv10015076m.g	Caamp.1040s0290, Caamp.1037s0643
OG0001876	Thhalv10027733m.g	Caamp.0097s0849
OG0001876	Thhalv10013358m.g	Caamp.1040s0307, Caamp.1037s0659
OG0001877	Thhalv10003028m.g	Caamp.0005s0066, Caamp.0097s0120
OG0001877	Thhalv10016085m.g	Caamp.1040s0315, Caamp.1037s0665
OG0001878	Thhalv10012556m.g	Caamp.1037s0674, Caamp.0097s0128, Caamp.1040s0322
OG0001879	Thhalv10013846m.g	Caamp.0094s0378, Caamp.1037s0716, Caamp.1040s0363
OG0001880	Thhalv10013934m.g	Caamp.1040s0381, Caamp.1037s0736
OG0001880	Thhalv10002588m.g	Caamp.0097s0175, Caamp.0005s0109
OG0001881	Thhalv10002801m.g	Caamp.0068s0022
OG0001881	Thhalv10015366m.g	Caamp.1037s0746, Caamp.1040s0389
OG0001882	Thhalv10014933m.g, Thhalv10014932m.g	Caamp.1037s0777, Caamp.1040s0418, Caamp.1037s0778
OG0001883	Thhalv10002686m.g	Caamp.0097s0250
OG0001883	Thhalv10014846m.g	Caamp.1040s0457, Caamp.1037s0818
OG0001884	Thhalv10014165m.g	Caamp.1040s0488, Caamp.1037s0846
OG0001884	Thhalv10002613m.g	Caamp.0005s0200, Caamp.0097s0269
OG0001885	Thhalv10014590m.g	Caamp.1037s0896
OG0001885	Thhalv10010643m.g	Caamp.1040s0531, Caamp.0026s0257
OG0001886	Thhalv10014775m.g	Caamp.1040s0589, Caamp.1037s0954
OG0001887	Thhalv10024942m.g	Caamp.0190s0436
OG0001887	Thhalv10013277m.g	Caamp.1037s1011, Caamp.1040s0643
OG0001888	Thhalv10013902m.g	Caamp.1040s0814, Caamp.1037s1175, Caamp.0054s0045, Caamp.0015s0024
OG0001889	Thhalv10025248m.g	Caamp.0094s1123, Caamp.1037s1187
OG0001889	Thhalv10013605m.g	Caamp.1040s0904
OG0001890	Thhalv10025097m.g	Caamp.0190s0318
OG0001890	Thhalv10013439m.g	Caamp.1040s0901, Caamp.1037s1191
OG0001891	Thhalv10026251m.g	Caamp.0190s0356, Caamp.0094s1162, Caamp.1040s0829, Caamp.1037s1247
OG0001892	Thhalv10026307m.g	Caamp.0190s0303
OG0001892	Thhalv10014706m.g	Caamp.1037s1267, Caamp.1040s0931
OG0001893	Thhalv10014994m.g	Caamp.1037s1437, Caamp.1040s1101
OG0001894	Thhalv10014624m.g	Caamp.1040s1142, Caamp.1037s1476, Caamp.1037s1475
OG0001895	Thhalv10025338m.g	Caamp.0105s1090
OG0001895	Thhalv10025392m.g	Caamp.1037s1551, Caamp.0105s1089
OG0001896	Thhalv10015178m.g	Caamp.1040s1276, Caamp.1037s1611
OG0001897	Thhalv10012077m.g, Thhalv10003479m.g	Caamp.1037s1616, Caamp.1037s1617
OG0001898	Thhalv10014824m.g	Caamp.1038s0020, Caamp.1041s1416
OG0001898	Thhalv10021628m.g	Caamp.0303s0518
OG0001899	Thhalv10013038m.g	Caamp.1041s1284
OG0001899	Thhalv10013044m.g	Caamp.1038s0147, Caamp.1041s1285
OG0001900	Thhalv10015810m.g	Caamp.1038s0227, Caamp.1041s1196
OG0001901	Thhalv10012772m.g	Caamp.1038s0229, Caamp.1041s1195
OG0001902	Thhalv10014040m.g	Caamp.0120s0711
OG0001902	Thhalv10015862m.g	Caamp.1038s0297
OG0001902	Thhalv10002608m.g, Thhalv10014783m.g	Caamp.1039s1594
OG0001903	Thhalv10012815m.g	Caamp.1038s0480
OG0001903	Thhalv10020497m.g	Caamp.1039s1163, Caamp.0053s0018
OG0001904	Thhalv10015520m.g	Caamp.1041s0302, Caamp.1038s0574
OG0001904	Thhalv10024138m.g	Caamp.1039s0407, Caamp.0020s0036
OG0001905	Thhalv10014718m.g	Caamp.0105s1400
OG0001905	Thhalv10004938m.g	Caamp.0120s0978
OG0001906	Thhalv10021405m.g	Caamp.0105s1470, Caamp.1038s0683, Caamp.0078s1040, Caamp.0023s0051
OG0001907	Thhalv10015967m.g	Caamp.1038s0736
OG0001907	Thhalv10021542m.g	Caamp.0078s0982, Caamp.0214s0006
OG0001908	Thhalv10012734m.g	Caamp.0105s1541, Caamp.1038s0756
OG0001908	Thhalv10020101m.g	Caamp.0078s0965, Caamp.0214s0015
OG0001909	Thhalv10012528m.g	Caamp.0105s1613, Caamp.1038s0824, Caamp.0078s0926
OG0001910	Thhalv10014156m.g	Caamp.1038s0839, Caamp.0105s1626
OG0001910	Thhalv10017808m.g, Thhalv10008935m.g, Thhalv10008332m.g	Caamp.0188s1051
OG0001911	Thhalv10016078m.g	Caamp.1038s0873, Caamp.0105s1662
OG0001911	Thhalv10022031m.g	Caamp.0078s0894
OG0001911	Thhalv10020529m.g	Caamp.0078s0895
OG0001912	Thhalv10021208m.g	Caamp.0078s0865
OG0001912	Thhalv10013932m.g	Caamp.1038s0912
OG0001913	Thhalv10014547m.g	Caamp.0105s1739
OG0001913	Thhalv10015784m.g	Caamp.0105s1738
OG0001914	Thhalv10013851m.g	Caamp.0105s1815
OG0001914	Thhalv10020958m.g	Caamp.0214s0147, Caamp.0214s0146, Caamp.1038s0992
OG0001915	Thhalv10014043m.g	Caamp.1038s1132
OG0001915	Thhalv10021104m.g	Caamp.0214s0223, Caamp.0078s0749
OG0001916	Thhalv10027092m.g	Caamp.0094s0160
OG0001916	Thhalv10000162m.g	Caamp.1039s0173
OG0001917	Thhalv10000481m.g, Thhalv10002365m.g, Thhalv10000622m.g, Thhalv10000508m.g	Caamp.0008s0159, Caamp.1039s0206, Caamp.1039s0207
OG0001920	Thhalv10020726m.g	Caamp.1039s0555
OG0001920	Thhalv10011474m.g	Caamp.0078s1151, Caamp.0037s0055, Caamp.0046s0055
OG0001921	Thhalv10021153m.g	Caamp.1039s0562, Caamp.0078s1158
OG0001921	Thhalv10011977m.g	Caamp.0037s0068, Caamp.0046s0068
OG0001922	Thhalv10021058m.g	Caamp.0076s1363, Caamp.1039s0711
OG0001923	Thhalv10011534m.g	Caamp.0037s0203, Caamp.0040s0228
OG0001923	Thhalv10020786m.g	Caamp.1039s0715, Caamp.0076s1368
OG0001924	Thhalv10009202m.g	Caamp.0040s0104
OG0001924	Thhalv10022282m.g	Caamp.1039s0826
OG0001925	Thhalv10021518m.g	Caamp.0051s0115, Caamp.1039s0851
OG0001925	Thhalv10019180m.g	Caamp.0006s0803
OG0001926	Thhalv10022138m.g, Thhalv10015617m.g	Caamp.1039s0903, Caamp.0051s0169, Caamp.0105s0531
OG0001927	Thhalv10011337m.g	Caamp.0064s0661
OG0001927	Thhalv10020350m.g	Caamp.0051s0234, Caamp.1039s0968
OG0001928	Thhalv10021758m.g	Caamp.0051s0235, Caamp.1039s0969
OG0001928	Thhalv10011861m.g	Caamp.0064s0662, Caamp.0097s0284
OG0001929	Thhalv10021782m.g	Caamp.1039s1234
OG0001929	Thhalv10011871m.g	Caamp.0190s0188
OG0001930	Thhalv10011521m.g	Caamp.0053s0132, Caamp.1039s1270, Caamp.1041s1897, Caamp.0190s0181
OG0001931	Thhalv10020205m.g	Caamp.1039s1326
OG0001931	Thhalv10024542m.g	Caamp.0097s0471, Caamp.0022s0004
OG0001932	Thhalv10021534m.g	Caamp.1041s1861, Caamp.1039s1386
OG0001932	Thhalv10015613m.g	Caamp.0052s0654
OG0001933	Thhalv10025980m.g	Caamp.0097s0539
OG0001933	Thhalv10021310m.g	Caamp.0076s1142, Caamp.1039s1396
OG0001934	Thhalv10026343m.g	Caamp.0097s0582, Caamp.0022s0109, Caamp.0076s1184, Caamp.1039s1441
OG0001935	Thhalv10008523m.g, Thhalv10026057m.g	Caamp.0188s1155, Caamp.0275s0016, Caamp.1040s0004
OG0001936	Thhalv10012988m.g	Caamp.1040s1310
OG0001936	Thhalv10024691m.g	Caamp.0190s0538
OG0001940	Thhalv10027919m.g	Caamp.0044s0022, Caamp.1041s0040
OG0001941	Thhalv10023428m.g	Caamp.0015s0375, Caamp.0303s1124
OG0001941	Thhalv10027736m.g	Caamp.0044s0048, Caamp.1041s0063
OG0001942	Thhalv10027944m.g	Caamp.1041s0221, Caamp.0044s0201
OG0001942	Thhalv10014722m.g	Caamp.0076s0036, Caamp.1041s1462
OG0001943	Thhalv10000136m.g, Thhalv10000691m.g	Caamp.1041s0343
OG0001943	Thhalv10024653m.g	Caamp.0094s0748
OG0001945	Thhalv10026996m.g	Caamp.0094s0847
OG0001945	Thhalv10024341m.g	Caamp.1041s0436, Caamp.0094s0848
OG0001946	Thhalv10026559m.g	Caamp.0095s1301, Caamp.0094s0911, Caamp.1041s0498
OG0001947	Thhalv10012356m.g	Caamp.0190s0206, Caamp.0064s0886
OG0001947	Thhalv10012377m.g, Thhalv10012266m.g, Thhalv10012152m.g, Thhalv10012161m.g	Caamp.1041s0643
OG0001948	Thhalv10028126m.g, Thhalv10015379m.g	Caamp.1041s0890, Caamp.0044s0282
OG0001950	Thhalv10021152m.g	Caamp.0303s0485, Caamp.0214s0803
OG0001950	Thhalv10014085m.g	Caamp.0076s0034, Caamp.1041s1460
OG0001951	Thhalv10013218m.g	Caamp.1041s1485
OG0001951	Thhalv10020487m.g	Caamp.0303s0470, Caamp.0214s0787
OG0001952	Thhalv10008772m.g	Caamp.0188s0927, Caamp.0056s0004
OG0001952	Thhalv10029253m.g	Caamp.1041s1696
OG0001953	Thhalv10026097m.g	Caamp.0003s0433, Caamp.0190s0814
OG0001953	Thhalv10028917m.g	Caamp.0052s0425, Caamp.1041s1749
OG0001954	Thhalv10000498m.g	Caamp.0052s0399, Caamp.0052s0400, Caamp.1041s1766
OG0001955	Thhalv10026628m.g	Caamp.0003s0394, Caamp.0190s0763
OG0001955	Thhalv10029083m.g	Caamp.1041s1801
OG0001956	Thhalv10029127m.g, Thhalv10029394m.g	Caamp.1041s1812, Caamp.0076s1245, Caamp.1041s1810, Caamp.1041s1811
OG0001957	Thhalv10029296m.g, Thhalv10028535m.g	Caamp.0052s0350, Caamp.0052s0349, Caamp.1041s1831, Caamp.1041s1830
OG0001958	Thhalv10011670m.g	Caamp.0037s0305
OG0001958	Thhalv10011638m.g	Caamp.0037s0304, Caamp.0037s0428, Caamp.1041s1932
OG0001959	Thhalv10010481m.g	Caamp.0026s0522
OG0001959	Thhalv10004469m.g	Caamp.1041s1977, Caamp.0033s0399
OG0001960	Thhalv10004972m.g	Caamp.1041s1993, Caamp.0033s0418
OG0001960	Thhalv10026362m.g	Caamp.0105s0918, Caamp.0094s0251
OG0001961	Thhalv10017460m.g	Caamp.0105s0133, Caamp.0013s0311, Caamp.0026s0204
OG0001962	Thhalv10008791m.g	Caamp.0024s0345
OG0001962	Thhalv10017243m.g	Caamp.0013s0276, Caamp.0105s0162
OG0001963	Thhalv10009016m.g	Caamp.0105s0224, Caamp.0013s0215, Caamp.0024s0305, Caamp.0056s0188
OG0001964	Thhalv10009791m.g	Caamp.0105s0244, Caamp.0097s0133, Caamp.0005s0081, Caamp.0040s0136
OG0001965	Thhalv10009707m.g	Caamp.0024s0286, Caamp.0056s0170
OG0001965	Thhalv10017523m.g	Caamp.0045s0013, Caamp.0105s0249
OG0001966	Thhalv10017288m.g	Caamp.0105s0252, Caamp.0045s0017
OG0001966	Thhalv10017278m.g	Caamp.0105s0253, Caamp.0045s0018
OG0001967	Thhalv10006545m.g	Caamp.0188s0845
OG0001967	Thhalv10016129m.g	Caamp.0105s0353, Caamp.0066s0124
OG0001968	Thhalv10022872m.g	Caamp.0093s0090, Caamp.0095s1211
OG0001968	Thhalv10027340m.g	Caamp.0094s0237
OG0001969	Thhalv10024597m.g	Caamp.0105s0950, Caamp.0094s0288
OG0001969	Thhalv10022586m.g	Caamp.0095s1155, Caamp.0093s0140
OG0001970	Thhalv10026001m.g	Caamp.0105s0962, Caamp.0094s0301
OG0001970	Thhalv10022795m.g	Caamp.0093s0166, Caamp.0095s1134
OG0001971	Thhalv10025418m.g	Caamp.0105s1035, Caamp.0094s0377
OG0001971	Thhalv10025508m.g	Caamp.0105s0999, Caamp.0094s0343
OG0001972	Thhalv10024280m.g	Caamp.0105s1152, Caamp.0094s0457, Caamp.0105s1154
OG0001973	Thhalv10024339m.g	Caamp.0105s1197, Caamp.0094s0536
OG0001974	Thhalv10024694m.g	Caamp.0094s0549, Caamp.0105s1208, Caamp.0095s0287, Caamp.0035s0079
OG0001975	Thhalv10024699m.g	Caamp.0105s1223
OG0001975	Thhalv10001934m.g	Caamp.0133s0006, Caamp.0057s0033
OG0001976	Thhalv10013241m.g	Caamp.0105s1594
OG0001976	Thhalv10020437m.g	Caamp.0214s0043, Caamp.0078s0937
OG0001977	Thhalv10015246m.g	Caamp.0006s0659, Caamp.0105s1604, Caamp.0105s1597, Caamp.0105s1603, Caamp.0105s1596, Caamp.0002s0134
OG0001978	Thhalv10019904m.g	Caamp.0078s0744, Caamp.0214s0228
OG0001978	Thhalv10012449m.g	Caamp.0105s1959
OG0001979	Thhalv10023209m.g	Caamp.0011s0001, Caamp.0007s0409, Caamp.0015s0007
OG0001980	Thhalv10029493m.g	Caamp.0011s0020, Caamp.0011s0077, Caamp.0007s0478
OG0001982	Thhalv10002997m.g, Thhalv10022839m.g	Caamp.0110s0034
OG0001986	Thhalv10003873m.g	Caamp.0076s1072, Caamp.0120s0001, Caamp.0071s0037, Caamp.0188s0507
OG0001987	Thhalv10011187m.g, Thhalv10003530m.g	Caamp.0120s0245
OG0001988	Thhalv10003925m.g	Caamp.0120s0785
OG0001988	Thhalv10010256m.g	Caamp.0078s0033, Caamp.0026s0439
OG0001989	Thhalv10004290m.g	Caamp.0129s0068
OG0001989	Thhalv10002017m.g	Caamp.0079s0077
OG0001990	Thhalv10002820m.g	Caamp.0013s0110, Caamp.0026s0182
OG0001990	Thhalv10003112m.g	Caamp.0026s0184, Caamp.0026s0185
OG0001993	Thhalv10028160m.g	Caamp.0130s0001
OG0001995	Thhalv10023322m.g, Thhalv10024158m.g, Thhalv10024169m.g, Thhalv10023925m.g	Caamp.0015s0116, Caamp.0015s0117
OG0001996	Thhalv10007985m.g	Caamp.0052s0315, Caamp.0188s0267
OG0001996	Thhalv10023544m.g	Caamp.0015s0148, Caamp.0303s1342
OG0001997	Thhalv10023246m.g, Thhalv10023263m.g, Thhalv10000112m.g	Caamp.0015s0165
OG0001997	Thhalv10023255m.g	Caamp.0303s1365
OG0001998	Thhalv10008327m.g	Caamp.0188s0244, Caamp.0071s0275
OG0001998	Thhalv10023607m.g	Caamp.0303s1297, Caamp.0015s0203
OG0001999	Thhalv10024055m.g	Caamp.0303s1290, Caamp.0015s0209
OG0002000	Thhalv10023747m.g	Caamp.0015s0298
OG0002000	Thhalv10009061m.g	Caamp.0052s0358, Caamp.0188s0169, Caamp.0071s0186
OG0002001	Thhalv10023806m.g	Caamp.0015s0311, Caamp.0303s1197
OG0002001	Thhalv10009452m.g	Caamp.0016s0027, Caamp.0007s0504
OG0002002	Thhalv10023613m.g	Caamp.0188s0396, Caamp.0188s0397, Caamp.0071s0151, Caamp.0303s1158, Caamp.0015s0342
OG0002003	Thhalv10002012m.g	Caamp.0095s1307
OG0002003	Thhalv10023506m.g	Caamp.0015s0359
OG0002005	Thhalv10001904m.g	Caamp.0039s0053, Caamp.0017s0056
OG0002007	Thhalv10001436m.g	Caamp.0018s0026
OG0002007	Thhalv10005961m.g	Caamp.0095s0341, Caamp.0023s0328
OG0002008	Thhalv10001334m.g	Caamp.0018s0108, Caamp.0023s0392, Caamp.0065s0017
OG0002009	Thhalv10016061m.g, Thhalv10015658m.g	Caamp.0018s0297
OG0002009	Thhalv10005810m.g	Caamp.0065s0147, Caamp.0023s0537
OG0002010	Thhalv10023770m.g	Caamp.0007s0449
OG0002010	Thhalv10009166m.g	Caamp.0052s0185, Caamp.0188s0134
OG0002011	Thhalv10009914m.g	Caamp.0188s0291
OG0002011	Thhalv10024237m.g	Caamp.0190s0423, Caamp.0003s0060
OG0002012	Thhalv10009674m.g	Caamp.0188s0327, Caamp.0052s0254
OG0002012	Thhalv10008682m.g	Caamp.0052s0255, Caamp.0188s0326
OG0002013	Thhalv10021083m.g	Caamp.0303s0272, Caamp.0214s0607
OG0002013	Thhalv10008131m.g	Caamp.0188s0480, Caamp.0071s0074
OG0002014	Thhalv10008161m.g	Caamp.0188s0556
OG0002014	Thhalv10004564m.g	Caamp.0077s0056
OG0002015	Thhalv10008656m.g	Caamp.0040s0159, Caamp.0188s0691
OG0002015	Thhalv10019089m.g	Caamp.0064s0032
OG0002016	Thhalv10008623m.g	Caamp.0040s0160, Caamp.0188s0692
OG0002016	Thhalv10019068m.g	Caamp.0006s0715, Caamp.0064s0028
OG0002017	Thhalv10009463m.g	Caamp.0040s0172
OG0002017	Thhalv10018178m.g	Caamp.0006s0702
OG0002018	Thhalv10018655m.g	Caamp.0084s0004, Caamp.0006s0687
OG0002018	Thhalv10007982m.g	Caamp.0046s0157, Caamp.0188s0719
OG0002019	Thhalv10007432m.g	Caamp.0046s0168, Caamp.0188s0730
OG0002019	Thhalv10018438m.g	Caamp.0064s0054, Caamp.0006s0669
OG0002020	Thhalv10007658m.g	Caamp.0046s0194
OG0002020	Thhalv10018536m.g	Caamp.0006s0626, Caamp.0064s0091
OG0002021	Thhalv10009004m.g, Thhalv10017414m.g	Caamp.0056s0086, Caamp.0188s0841
OG0002022	Thhalv10023030m.g	Caamp.0188s0887, Caamp.0044s0023
OG0002022	Thhalv10000157m.g, Thhalv10007562m.g	Caamp.0056s0038
OG0002023	Thhalv10008335m.g	Caamp.0275s0044, Caamp.0188s1132
OG0002023	Thhalv10006127m.g	Caamp.0065s0050
OG0002024	Thhalv10024061m.g, Thhalv10029209m.g, Thhalv10017744m.g, Thhalv10027019m.g	Caamp.0019s0109, Caamp.0019s0128
OG0002025	Thhalv10018291m.g	Caamp.0064s0297, Caamp.0006s0187
OG0002025	Thhalv10007087m.g	Caamp.0190s0074, Caamp.0046s0547
OG0002026	Thhalv10008583m.g	Caamp.0046s0563, Caamp.0190s0091
OG0002026	Thhalv10019177m.g	Caamp.0006s0163, Caamp.0064s0275
OG0002027	Thhalv10029438m.g	Caamp.0064s0879
OG0002027	Thhalv10015827m.g	Caamp.0190s0197
OG0002028	Thhalv10006900m.g	Caamp.0037s0553
OG0002028	Thhalv10028451m.g, Thhalv10024522m.g	Caamp.0190s0491
OG0002029	Thhalv10024964m.g	Caamp.0003s0130, Caamp.0190s0505
OG0002029	Thhalv10007400m.g	Caamp.0007s0084
OG0002030	Thhalv10026947m.g	Caamp.0026s0745, Caamp.0003s0272, Caamp.0190s0657
OG0002031	Thhalv10027511m.g	Caamp.0190s0682, Caamp.0003s0303
OG0002032	Thhalv10024670m.g	Caamp.0003s0310, Caamp.0190s0687
OG0002032	Thhalv10028545m.g	Caamp.0003s0312
OG0002033	Thhalv10024606m.g	Caamp.0003s0316, Caamp.0190s0704
OG0002034	Thhalv10025849m.g	Caamp.0003s0358, Caamp.0190s0721
OG0002034	Thhalv10024722m.g, Thhalv10028846m.g	Caamp.0028s0255
OG0002035	Thhalv10028987m.g	Caamp.0190s0879
OG0002035	Thhalv10026504m.g	Caamp.0003s0490, Caamp.0026s0809
OG0002036	Thhalv10024437m.g	Caamp.0003s0561, Caamp.0190s0954
OG0002037	Thhalv10023006m.g	Caamp.0190s1162, Caamp.0026s0781
OG0002038	Thhalv10022819m.g	Caamp.0190s1182
OG0002038	Thhalv10022822m.g	Caamp.0026s0775
OG0002039	Thhalv10022592m.g	Caamp.0026s0726, Caamp.0190s1243
OG0002040	Thhalv10022768m.g	Caamp.0190s1251, Caamp.0026s0731
OG0002040	Thhalv10025642m.g	Caamp.0094s0493
OG0002041	Thhalv10022552m.g	Caamp.0190s1297, Caamp.0026s0677
OG0002042	Thhalv10022799m.g	Caamp.0026s0650, Caamp.0190s1321
OG0002043	Thhalv10018331m.g	Caamp.0002s0084, Caamp.0064s0192, Caamp.0006s0079
OG0002044	Thhalv10020859m.g, Thhalv10022123m.g, Thhalv10011121m.g, Thhalv10017547m.g, Thhalv10019719m.g, Thhalv10019461m.g, Thhalv10019545m.g	Caamp.0026s0038, Caamp.0002s0193
OG0002045	Thhalv10009632m.g	Caamp.0024s0182, Caamp.0046s0295
OG0002045	Thhalv10019549m.g	Caamp.0303s0606, Caamp.0002s0292
OG0002046	Thhalv10018637m.g, Thhalv10018636m.g	Caamp.0002s0333, Caamp.0002s0332, Caamp.0064s0520
OG0002048	Thhalv10021248m.g	Caamp.0214s0013, Caamp.0078s0967
OG0002049	Thhalv10020036m.g, Thhalv10020035m.g	Caamp.0214s0218, Caamp.0214s0219, Caamp.0078s0752, Caamp.0078s0753
OG0002050	Thhalv10025072m.g	Caamp.0022s0014
OG0002050	Thhalv10024946m.g	Caamp.0097s0485, Caamp.0022s0013
OG0002051	Thhalv10025210m.g	Caamp.0022s0029, Caamp.0097s0499
OG0002052	Thhalv10026877m.g, Thhalv10022452m.g, Thhalv10024657m.g	Caamp.0022s0054, Caamp.0097s0523
OG0002053	Thhalv10027007m.g	Caamp.0022s0128
OG0002053	Thhalv10026117m.g	Caamp.0022s0127, Caamp.0097s0602
OG0002054	Thhalv10027532m.g	Caamp.0097s0636
OG0002054	Thhalv10027144m.g, Thhalv10027208m.g	Caamp.0022s0161, Caamp.0022s0160, Caamp.0022s0186
OG0002055	Thhalv10024982m.g	Caamp.0022s0217, Caamp.0061s0004
OG0002056	Thhalv10006007m.g	Caamp.0023s0228, Caamp.0095s0438
OG0002056	Thhalv10016795m.g	Caamp.0076s1501
OG0002057	Thhalv10006302m.g	Caamp.0095s0436, Caamp.0023s0230
OG0002057	Thhalv10017391m.g	Caamp.0076s1498
OG0002058	Thhalv10006529m.g	Caamp.0024s0370, Caamp.0056s0255
OG0002058	Thhalv10005734m.g	Caamp.0095s0411, Caamp.0023s0257
OG0002059	Thhalv10007284m.g	Caamp.0024s0012, Caamp.0046s0464
OG0002059	Thhalv10018361m.g	Caamp.0076s0441, Caamp.0006s0279
OG0002060	Thhalv10008437m.g	Caamp.0024s0025, Caamp.0046s0453
OG0002060	Thhalv10019638m.g	Caamp.0006s0292
OG0002061	Thhalv10018489m.g	Caamp.0006s0297, Caamp.0076s0425
OG0002061	Thhalv10007509m.g	Caamp.0024s0029
OG0002062	Thhalv10007641m.g	Caamp.0024s0133
OG0002062	Thhalv10018569m.g	Caamp.0006s0433, Caamp.0076s0290
OG0002063	Thhalv10008945m.g	Caamp.0046s0320, Caamp.0024s0152
OG0002063	Thhalv10019258m.g	Caamp.0076s0263, Caamp.0006s0457
OG0002064	Thhalv10008683m.g	Caamp.0024s0154
OG0002064	Thhalv10018948m.g	Caamp.0006s0455, Caamp.0046s0317
OG0002065	Thhalv10018609m.g	Caamp.0006s0477
OG0002065	Thhalv10007785m.g	Caamp.0046s0303, Caamp.0024s0171, Caamp.0076s0245
OG0002066	Thhalv10008184m.g	Caamp.0024s0173
OG0002066	Thhalv10018855m.g	Caamp.0006s0484, Caamp.0076s0235
OG0002067	Thhalv10008164m.g	Caamp.0024s0213, Caamp.0046s0264
OG0002067	Thhalv10018986m.g	Caamp.0076s0183, Caamp.0006s0540
OG0002068	Thhalv10008577m.g	Caamp.0024s0221, Caamp.0046s0259
OG0002068	Thhalv10019098m.g	Caamp.0076s0165
OG0002069	Thhalv10019278m.g	Caamp.0064s0108, Caamp.0006s0610
OG0002069	Thhalv10008996m.g	Caamp.0024s0264
OG0002070	Thhalv10018485m.g	Caamp.0064s0107
OG0002070	Thhalv10007531m.g	Caamp.0046s0213, Caamp.0024s0267
OG0002071	Thhalv10009539m.g	Caamp.0046s0208, Caamp.0024s0271
OG0002071	Thhalv10019242m.g	Caamp.0006s0612
OG0002072	Thhalv10007482m.g	Caamp.0056s0312, Caamp.0024s0430
OG0002072	Thhalv10016604m.g	Caamp.0066s0065
OG0002073	Thhalv10017990m.g	Caamp.0051s0060, Caamp.0066s0064
OG0002073	Thhalv10008595m.g	Caamp.0024s0431
OG0002074	Thhalv10017099m.g	Caamp.0066s0035
OG0002074	Thhalv10008509m.g	Caamp.0024s0450, Caamp.0056s0331
OG0002075	Thhalv10023078m.g, Thhalv10006605m.g	Caamp.0024s0501, Caamp.0052s0019, Caamp.0026s0584, Caamp.0035s0023
OG0002076	Thhalv10011010m.g	Caamp.0026s0413
OG0002076	Thhalv10012105m.g, Thhalv10012129m.g	Caamp.0026s0240
OG0002077	Thhalv10023003m.g, Thhalv10023069m.g, Thhalv10023026m.g, Thhalv10022972m.g, Thhalv10023111m.g	Caamp.0026s0755, Caamp.0026s0756
OG0002078	Thhalv10012005m.g	Caamp.0004s0121
OG0002078	Thhalv10011999m.g, Thhalv10011446m.g	Caamp.0004s0120, Caamp.0027s0038
OG0002079	Thhalv10025296m.g	Caamp.0003s0281
OG0002079	Thhalv10025293m.g, Thhalv10026801m.g	Caamp.0003s0282
OG0002080	Thhalv10000960m.g	Caamp.0076s0844, Caamp.0085s0013
OG0002080	Thhalv10025694m.g	Caamp.0095s0192, Caamp.0003s0800
OG0002081	Thhalv10021849m.g	Caamp.0303s0141
OG0002081	Thhalv10026620m.g	Caamp.0094s0047
OG0002081	Thhalv10000397m.g	Caamp.0059s0055
OG0002082	Thhalv10019576m.g	Caamp.0303s0750, Caamp.0006s0422, Caamp.0076s0301
OG0002082	Thhalv10019436m.g	Caamp.0076s0302
OG0002082	Thhalv10005430m.g	Caamp.0046s0345
OG0002083	Thhalv10018851m.g	Caamp.0303s0751, Caamp.0076s0304
OG0002083	Thhalv10019730m.g	Caamp.0006s0420
OG0002084	Thhalv10003106m.g	Caamp.0303s1177
OG0002086	Thhalv10005700m.g, Thhalv10005113m.g, Thhalv10005414m.g	Caamp.0033s0033
OG0002086	Thhalv10014983m.g	Caamp.0094s0901, Caamp.0097s0687
OG0002087	Thhalv10001916m.g	Caamp.0034s0083, Caamp.0060s0040
OG0002088	Thhalv10017203m.g	Caamp.0034s0114, Caamp.0034s0102, Caamp.0080s0046, Caamp.0080s0052
OG0002089	Thhalv10022959m.g, Thhalv10022576m.g	Caamp.0043s0005, Caamp.0035s0032
OG0002090	Thhalv10022547m.g	Caamp.0036s0029, Caamp.0058s0086
OG0002091	Thhalv10003256m.g	Caamp.0036s0034, Caamp.0058s0087
OG0002092	Thhalv10011617m.g	Caamp.0046s0008, Caamp.0037s0007
OG0002092	Thhalv10021053m.g	Caamp.0078s1077
OG0002093	Thhalv10020816m.g	Caamp.0078s1170
OG0002093	Thhalv10011520m.g	Caamp.0046s0083, Caamp.0037s0079
OG0002095	Thhalv10011242m.g	Caamp.0040s0202, Caamp.0037s0179
OG0002095	Thhalv10018145m.g	Caamp.0084s0075, Caamp.0006s0788
OG0002096	Thhalv10019047m.g	Caamp.0057s0007, Caamp.0069s0019, Caamp.0069s0020, Caamp.0038s0015
OG0002098	Thhalv10010658m.g	Caamp.0078s0557
OG0002098	Thhalv10004922m.g	Caamp.0436s0017
OG0002099	Thhalv10027135m.g	Caamp.0094s1032
OG0002099	Thhalv10001971m.g	Caamp.0444s0003
OG0002100	Thhalv10000228m.g	Caamp.0064s0254
OG0002100	Thhalv10008020m.g	Caamp.0046s0581
OG0002100	Thhalv10018825m.g	Caamp.0006s0142
OG0002101	Thhalv10023543m.g, Thhalv10002930m.g, Thhalv10002168m.g, Thhalv10020505m.g, Thhalv10019590m.g	Caamp.0097s0047, Caamp.0047s0033
OG0002102	Thhalv10002948m.g, Thhalv10002826m.g, Thhalv10002902m.g, Thhalv10003043m.g, Thhalv10003065m.g, Thhalv10002766m.g, Thhalv10002928m.g, Thhalv10003108m.g, Thhalv10002890m.g, Thhalv10003105m.g	Caamp.0005s0128
OG0002103	Thhalv10016591m.g	Caamp.0051s0039, Caamp.0066s0036
OG0002103	Thhalv10015561m.g	Caamp.0056s0330
OG0002104	Thhalv10017971m.g	Caamp.0066s0050, Caamp.0051s0051
OG0002105	Thhalv10019204m.g	Caamp.0006s0175
OG0002105	Thhalv10019832m.g	Caamp.0064s0286, Caamp.0006s0176
OG0002107	Thhalv10019289m.g	Caamp.0006s0795, Caamp.0084s0082
OG0002107	Thhalv10001197m.g	Caamp.0076s0918, Caamp.0085s0097
OG0002108	Thhalv10010036m.g, Thhalv10023958m.g, Thhalv10015415m.g, Thhalv10015447m.g, Thhalv10001261m.g, Thhalv10003093m.g, Thhalv10029131m.g, Thhalv10012295m.g	Caamp.0068s0015, Caamp.0064s0452
OG0002109	Thhalv10028909m.g	Caamp.0064s0483, Caamp.0064s0486, Caamp.0064s0481, Caamp.0064s0457, Caamp.0064s0472, Caamp.0064s0477, Caamp.0064s0470
OG0002110	Thhalv10011840m.g	Caamp.0097s0296
OG0002110	Thhalv10011838m.g	Caamp.0097s0295, Caamp.0064s0650
OG0002111	Thhalv10010287m.g	Caamp.0078s0166, Caamp.0095s1109
OG0002111	Thhalv10023872m.g, Thhalv10010367m.g	Caamp.0078s0168
OG0002112	Thhalv10010124m.g	Caamp.0078s0347, Caamp.0095s0946
OG0002113	Thhalv10010159m.g	Caamp.0095s0739, Caamp.0078s0556
OG0002113	Thhalv10010975m.g	Caamp.0095s0737
OG0002114	Thhalv10015310m.g, Thhalv10000829m.g, Thhalv10022693m.g, Thhalv10022611m.g, Thhalv10023009m.g, Thhalv10022238m.g	Caamp.0078s0964
OG0002115	Thhalv10001914m.g	Caamp.0079s0026, Caamp.0095s1312
OG0002116	Thhalv10002058m.g	Caamp.0094s0896
OG0002116	Thhalv10023108m.g	Caamp.0093s0013
OG0002117	Thhalv10025481m.g	Caamp.0094s0236
OG0002117	Thhalv10022750m.g	Caamp.0093s0089
OG0002118	Thhalv10006588m.g	Caamp.0099s0001, Caamp.0095s0730, Caamp.0095s0731, Caamp.0095s0732
OG0002136	Thhalv10001130m.g	Caamp.0076s0821, Caamp.0003s0709, Caamp.0001s0012
OG0002137	Thhalv10006351m.g	Caamp.0001s0017, Caamp.0065s0045, Caamp.0023s0428
OG0002137	Thhalv10006468m.g	Caamp.0065s0046
OG0002138	Thhalv10000859m.g, Thhalv10011031m.g	Caamp.0001s0068, Caamp.0076s0772
OG0002139	Thhalv10001168m.g, Thhalv10001151m.g	Caamp.0076s0752, Caamp.0001s0084
OG0002140	Thhalv10001075m.g, Thhalv10001150m.g	Caamp.0001s0143, Caamp.0001s0142, Caamp.0094s0667
OG0002141	Thhalv10000954m.g	Caamp.0076s0581
OG0002141	Thhalv10001195m.g	Caamp.0001s0242
OG0002142	Thhalv10001042m.g	Caamp.0003s0518, Caamp.0001s0259, Caamp.0076s0569
OG0002142	Thhalv10026325m.g	Caamp.0190s0908
OG0002144	Thhalv10000224m.g	Caamp.0010s0111
OG0002144	Thhalv10025629m.g	Caamp.0094s0665, Caamp.0105s1324
OG0002145	Thhalv10029466m.g	Caamp.0028s0277, Caamp.0010s0214
OG0002146	Thhalv10025119m.g	Caamp.1041s0384, Caamp.0010s0226, Caamp.0094s0795
OG0002147	Thhalv10000336m.g	Caamp.0010s0250, Caamp.1039s0229, Caamp.0010s0252
OG0002148	Thhalv10000049m.g	Caamp.0010s0282
OG0002148	Thhalv10024415m.g	Caamp.1027s0245, Caamp.0094s0192
OG0002149	Thhalv10016860m.g	Caamp.0101s0023, Caamp.0013s0041
OG0002149	Thhalv10008034m.g	Caamp.0052s0006
OG0002150	Thhalv10009639m.g, Thhalv10008553m.g, Thhalv10006455m.g, Thhalv10009908m.g	Caamp.0095s0537, Caamp.0101s0115, Caamp.0023s0126
OG0002151	Thhalv10006570m.g	Caamp.0188s0847
OG0002151	Thhalv10001885m.g	Caamp.0080s0010, Caamp.0101s0118
OG0002152	Thhalv10002929m.g, Thhalv10005572m.g, Thhalv10002377m.g	Caamp.0069s0009, Caamp.0101s0156
OG0002153	Thhalv10017415m.g	Caamp.1031s0240, Caamp.0214s0213, Caamp.0078s0758, Caamp.0102s0045
OG0002154	Thhalv10017265m.g	Caamp.0102s0061
OG0002155	Thhalv10016180m.g	Caamp.0102s0118, Caamp.1031s0161
OG0002156	Thhalv10010428m.g	Caamp.0095s0790
OG0002156	Thhalv10016752m.g	Caamp.0102s0164
OG0002157	Thhalv10017405m.g	Caamp.1031s0116, Caamp.0102s0168
OG0002157	Thhalv10010813m.g	Caamp.0078s0396
OG0002158	Thhalv10016455m.g, Thhalv10023628m.g	Caamp.0102s0169, Caamp.1031s0115
OG0002159	Thhalv10017425m.g	Caamp.0102s0197, Caamp.1031s0089
OG0002159	Thhalv10017438m.g	Caamp.1031s0090, Caamp.0102s0196
OG0002160	Thhalv10010931m.g	Caamp.0078s0441, Caamp.0095s0831
OG0002160	Thhalv10017760m.g	Caamp.1031s0031, Caamp.0102s0250
OG0002161	Thhalv10017239m.g	Caamp.0102s0326, Caamp.0105s0736
OG0002161	Thhalv10021528m.g	Caamp.0023s0031, Caamp.0078s1017
OG0002162	Thhalv10016126m.g	Caamp.0102s0370, Caamp.0105s0693
OG0002163	Thhalv10017131m.g	Caamp.0105s0642
OG0002163	Thhalv10010984m.g	Caamp.0095s0951
OG0002164	Thhalv10016285m.g	Caamp.0102s0605, Caamp.0097s0097, Caamp.0105s0455
OG0002165	Thhalv10016514m.g	Caamp.0102s0613, Caamp.0105s0449
OG0002166	Thhalv10022107m.g	Caamp.0102s0618, Caamp.1039s1030, Caamp.0105s0444, Caamp.0051s0295
OG0002167	Thhalv10029441m.g	Caamp.0105s0403
OG0002167	Thhalv10016306m.g	Caamp.0102s0655
OG0002168	Thhalv10017390m.g	Caamp.0102s0682, Caamp.0056s0070, Caamp.0105s0376
OG0002169	Thhalv10028387m.g	Caamp.0102s0714, Caamp.0028s0228
OG0002170	Thhalv10028920m.g	Caamp.0028s0216, Caamp.0102s0723
OG0002171	Thhalv10024469m.g	Caamp.0102s0757, Caamp.0190s0660, Caamp.0003s0277
OG0002172	Thhalv10028514m.g	Caamp.0102s0794
OG0002172	Thhalv10023353m.g	Caamp.0266s0056, Caamp.0303s1056
OG0002173	Thhalv10029447m.g	Caamp.0102s0801, Caamp.0028s0154
OG0002173	Thhalv10027282m.g, Thhalv10026847m.g	Caamp.0064s0692
OG0002174	Thhalv10029469m.g, Thhalv10029471m.g, Thhalv10029259m.g, Thhalv10029136m.g	Caamp.0028s0148, Caamp.0028s0083, Caamp.0102s0865
OG0002175	Thhalv10012710m.g	Caamp.0105s1674, Caamp.0102s0867, Caamp.1033s0365
OG0002177	Thhalv10024782m.g	Caamp.1027s0038
OG0002177	Thhalv10013134m.g	Caamp.1037s0893, Caamp.1040s0529
OG0002178	Thhalv10025589m.g	Caamp.1027s0047
OG0002178	Thhalv10027206m.g	Caamp.0003s0224, Caamp.0190s0609
OG0002179	Thhalv10025123m.g	Caamp.1027s0054, Caamp.0094s0002
OG0002179	Thhalv10000244m.g	Caamp.0059s0102
OG0002180	Thhalv10025379m.g	Caamp.0094s0022, Caamp.1027s0071
OG0002180	Thhalv10000191m.g	Caamp.1039s0039
OG0002181	Thhalv10024369m.g	Caamp.1027s0081, Caamp.0094s0036
OG0002181	Thhalv10000042m.g	Caamp.0059s0072, Caamp.1039s0051
OG0002182	Thhalv10000082m.g	Caamp.0059s0068, Caamp.1039s0055
OG0002182	Thhalv10024693m.g	Caamp.1027s0087
OG0002183	Thhalv10000333m.g	Caamp.1039s0062, Caamp.0059s0059
OG0002183	Thhalv10026317m.g	Caamp.0094s0045, Caamp.1027s0092
OG0002184	Thhalv10025805m.g	Caamp.0094s0046, Caamp.1027s0093
OG0002184	Thhalv10018912m.g	Caamp.0076s0412
OG0002185	Thhalv10008712m.g	Caamp.0007s0348, Caamp.1033s0955
OG0002185	Thhalv10025614m.g	Caamp.0094s0062, Caamp.1027s0110
OG0002186	Thhalv10026153m.g	Caamp.0094s0077, Caamp.1027s0127
OG0002187	Thhalv10027362m.g, Thhalv10027453m.g	Caamp.0094s0102, Caamp.0094s0101, Caamp.1027s0156, Caamp.0064s0566, Caamp.0064s0565
OG0002188	Thhalv10000314m.g	Caamp.1039s0122
OG0002188	Thhalv10000315m.g	Caamp.0094s0110, Caamp.1027s0164
OG0002189	Thhalv10000598m.g	Caamp.0096s0023, Caamp.1039s0149
OG0002189	Thhalv10026139m.g	Caamp.0094s0133, Caamp.1027s0187
OG0002190	Thhalv10025541m.g	Caamp.0094s0176, Caamp.1027s0215
OG0002191	Thhalv10025554m.g	Caamp.1027s0254, Caamp.0094s0201
OG0002193	Thhalv10007079m.g	Caamp.0188s0450, Caamp.1031s0281, Caamp.0071s0101, Caamp.0008s0161
OG0002194	Thhalv10006505m.g	Caamp.0095s0584
OG0002194	Thhalv10017173m.g	Caamp.1031s0334, Caamp.0076s1639
OG0002195	Thhalv10016457m.g, Thhalv10000860m.g	Caamp.0076s1596, Caamp.1031s0375
OG0002196	Thhalv10005924m.g	Caamp.0076s1593, Caamp.1031s0378, Caamp.0023s0119, Caamp.0095s0543
OG0002197	Thhalv10005801m.g	Caamp.0095s0532
OG0002197	Thhalv10016286m.g	Caamp.0076s1572
OG0002198	Thhalv10017915m.g	Caamp.1031s0403
OG0002199	Thhalv10017394m.g, Thhalv10017393m.g	Caamp.0076s1513
OG0002199	Thhalv10017395m.g	Caamp.0076s1512
OG0002200	Thhalv10017047m.g	Caamp.0076s1485, Caamp.1031s0478
OG0002200	Thhalv10006196m.g	Caamp.0095s0428, Caamp.0023s0241
OG0002201	Thhalv10005975m.g	Caamp.0023s0317, Caamp.0095s0350
OG0002201	Thhalv10001450m.g	Caamp.1031s0593, Caamp.0018s0011
OG0002202	Thhalv10001384m.g	Caamp.1031s0609
OG0002202	Thhalv10005966m.g	Caamp.0018s0030, Caamp.0023s0331
OG0002203	Thhalv10005492m.g	Caamp.1035s0296
OG0002203	Thhalv10001372m.g	Caamp.1031s0627, Caamp.0018s0042
OG0002204	Thhalv10006444m.g	Caamp.0023s0338
OG0002204	Thhalv10001745m.g	Caamp.0018s0048, Caamp.1031s0633
OG0002205	Thhalv10001549m.g	Caamp.0018s0075, Caamp.1031s0661
OG0002206	Thhalv10006213m.g	Caamp.0065s0006, Caamp.0023s0378
OG0002206	Thhalv10001649m.g	Caamp.1031s0679
OG0002207	Thhalv10026950m.g, Thhalv10027452m.g	Caamp.1031s0692, Caamp.0105s1153, Caamp.0094s0481, Caamp.0094s0476, Caamp.0105s1127
OG0002208	Thhalv10001778m.g	Caamp.1031s0700, Caamp.0054s0091, Caamp.0015s0075
OG0002209	Thhalv10001597m.g	Caamp.1031s0722, Caamp.0018s0143
OG0002209	Thhalv10006419m.g	Caamp.0065s0038, Caamp.0023s0416
OG0002210	Thhalv10006175m.g	Caamp.0023s0560, Caamp.0065s0173
OG0002210	Thhalv10001609m.g	Caamp.0018s0322, Caamp.1031s0894
OG0002211	Thhalv10001466m.g	Caamp.0023s0587, Caamp.0065s0204, Caamp.0018s0357, Caamp.1031s0930
OG0002212	Thhalv10018217m.g	Caamp.0006s0124, Caamp.0064s0233, Caamp.0190s0128, Caamp.1033s0007
OG0002213	Thhalv10019145m.g	Caamp.0006s0114
OG0002213	Thhalv10008793m.g	Caamp.1033s0020, Caamp.0190s0139
OG0002214	Thhalv10009136m.g	Caamp.0037s0331, Caamp.1033s0050
OG0002214	Thhalv10019328m.g	Caamp.0064s0189, Caamp.0006s0076
OG0002215	Thhalv10019322m.g	Caamp.0064s0159
OG0002215	Thhalv10009116m.g	Caamp.1033s0069
OG0002216	Thhalv10008977m.g	Caamp.1036s0350, Caamp.0303s0852, Caamp.0037s0442, Caamp.1033s0160
OG0002217	Thhalv10008273m.g	Caamp.1033s0181, Caamp.0037s0465
OG0002218	Thhalv10007822m.g	Caamp.0303s0883, Caamp.0037s0473, Caamp.1033s0191
OG0002219	Thhalv10009999m.g	Caamp.1033s0192, Caamp.0037s0474
OG0002219	Thhalv10008195m.g	Caamp.0037s0476, Caamp.1033s0193, Caamp.0037s0475
OG0002220	Thhalv10007324m.g	Caamp.0037s0666, Caamp.1033s0385
OG0002220	Thhalv10019724m.g	Caamp.0303s0623
OG0002221	Thhalv10027406m.g	Caamp.0037s0668
OG0002221	Thhalv10007728m.g, Thhalv10001260m.g	Caamp.1033s0388
OG0002222	Thhalv10009481m.g, Thhalv10002283m.g	Caamp.0070s0089, Caamp.1033s0448
OG0002223	Thhalv10009709m.g	Caamp.1033s0524, Caamp.0070s0022, Caamp.1033s0525, Caamp.0070s0021
OG0002224	Thhalv10017441m.g	Caamp.0105s0574
OG0002224	Thhalv10009144m.g	Caamp.0007s0209, Caamp.1033s0822
OG0002225	Thhalv10008238m.g	Caamp.1033s0831, Caamp.0007s0219, Caamp.0007s0144
OG0002226	Thhalv10006650m.g	Caamp.1033s0850, Caamp.0007s0236
OG0002227	Thhalv10006532m.g	Caamp.1039s1095, Caamp.0007s0253, Caamp.1033s0869
OG0002228	Thhalv10015408m.g	Caamp.1033s0913
OG0002229	Thhalv10010020m.g, Thhalv10007588m.g	Caamp.1033s0954, Caamp.0007s0347
OG0002230	Thhalv10000676m.g	Caamp.0040s0300, Caamp.1033s0967, Caamp.1033s0968
OG0002233	Thhalv10018538m.g	Caamp.0006s0061, Caamp.0008s0052, Caamp.1033s1075, Caamp.0064s0174
OG0002234	Thhalv10015247m.g	Caamp.1035s0104, Caamp.1038s0381
OG0002234	Thhalv10003556m.g	Caamp.0033s0294
OG0002235	Thhalv10006404m.g	Caamp.0028s0067
OG0002235	Thhalv10009901m.g	Caamp.1035s0160, Caamp.0024s0272
OG0002236	Thhalv10014895m.g	Caamp.1038s0440
OG0002236	Thhalv10005089m.g	Caamp.0033s0226, Caamp.1035s0185
OG0002237	Thhalv10013550m.g	Caamp.1038s0443
OG0002237	Thhalv10004220m.g	Caamp.0033s0223, Caamp.1035s0189
OG0002238	Thhalv10004289m.g	Caamp.1035s0194, Caamp.0033s0219
OG0002238	Thhalv10013809m.g	Caamp.1038s0444
OG0002239	Thhalv10005092m.g	Caamp.0033s0205
OG0002239	Thhalv10014959m.g	Caamp.1038s0457, Caamp.1041s0971
OG0002240	Thhalv10005461m.g	Caamp.0033s0189, Caamp.1035s0220
OG0002240	Thhalv10014244m.g	Caamp.1041s0960, Caamp.1038s0468
OG0002241	Thhalv10004152m.g	Caamp.1035s0258
OG0002241	Thhalv10013363m.g	Caamp.1041s0942, Caamp.1038s0491
OG0002242	Thhalv10028827m.g	Caamp.0035s0180, Caamp.0033s0127
OG0002242	Thhalv10005710m.g	Caamp.1035s0276
OG0002242	Thhalv10029534m.g	Caamp.0035s0181, Caamp.1035s0277
OG0002243	Thhalv10004000m.g, Thhalv10004048m.g	Caamp.1035s0283, Caamp.0033s0121
OG0002244	Thhalv10003641m.g	Caamp.1035s0411, Caamp.0120s1006
OG0002245	Thhalv10014725m.g	Caamp.1041s0260, Caamp.1038s0534, Caamp.1035s0593
OG0002246	Thhalv10005256m.g	Caamp.0120s0743, Caamp.1035s0665
OG0002246	Thhalv10015471m.g	Caamp.1038s0356, Caamp.1041s1078
OG0002247	Thhalv10004885m.g	Caamp.0023s0613, Caamp.0065s0225, Caamp.0120s0662, Caamp.1035s0746
OG0002248	Thhalv10004745m.g	Caamp.0120s0569, Caamp.1035s0838
OG0002248	Thhalv10021283m.g	Caamp.0303s0172
OG0002249	Thhalv10004203m.g, Thhalv10029181m.g	Caamp.0120s0568, Caamp.1035s0839
OG0002250	Thhalv10003627m.g	Caamp.1035s0845
OG0002250	Thhalv10020427m.g	Caamp.0120s0563, Caamp.0214s0523, Caamp.0303s0181
OG0002251	Thhalv10020879m.g	Caamp.0214s0541
OG0002251	Thhalv10004370m.g	Caamp.1035s0857, Caamp.0120s0553
OG0002252	Thhalv10021202m.g	Caamp.0214s0536
OG0002252	Thhalv10004666m.g	Caamp.1035s0864
OG0002253	Thhalv10020353m.g	Caamp.1035s0868, Caamp.0303s0194, Caamp.0214s0534
OG0002254	Thhalv10020130m.g	Caamp.0303s0191, Caamp.0214s0531, Caamp.0120s0545, Caamp.1035s0872
OG0002255	Thhalv10020050m.g	Caamp.0303s0227
OG0002255	Thhalv10003639m.g	Caamp.0120s0517, Caamp.1035s0897
OG0002256	Thhalv10003957m.g	Caamp.0120s0509, Caamp.1035s0905
OG0002256	Thhalv10003963m.g	Caamp.0120s0510, Caamp.1035s0904
OG0002257	Thhalv10023969m.g	Caamp.0120s0494
OG0002257	Thhalv10003751m.g	Caamp.1035s0921
OG0002258	Thhalv10003711m.g	Caamp.1035s0926, Caamp.0120s0489
OG0002259	Thhalv10020265m.g	Caamp.1035s0988, Caamp.0078s0627, Caamp.0214s0339
OG0002260	Thhalv10004670m.g	Caamp.0120s0395, Caamp.1035s1027
OG0002261	Thhalv10004711m.g	Caamp.0120s0359
OG0002261	Thhalv10004716m.g	Caamp.0120s0216, Caamp.1035s1204
OG0002262	Thhalv10003675m.g	Caamp.1035s1081, Caamp.0120s0341
OG0002263	Thhalv10018583m.g	Caamp.0303s0869
OG0002263	Thhalv10004175m.g	Caamp.0120s0331, Caamp.1035s1093
OG0002264	Thhalv10003856m.g	Caamp.1035s1150
OG0002264	Thhalv10003975m.g	Caamp.0120s0272
OG0002265	Thhalv10004055m.g	Caamp.0006s0257, Caamp.1035s1155, Caamp.0120s0269, Caamp.1035s1156
OG0002266	Thhalv10005082m.g	Caamp.1035s1180
OG0002266	Thhalv10027982m.g	Caamp.0044s0169, Caamp.1041s0185
OG0002267	Thhalv10027951m.g	Caamp.0044s0160
OG0002267	Thhalv10005667m.g	Caamp.0120s0237, Caamp.1035s1186
OG0002268	Thhalv10027885m.g	Caamp.1041s0165
OG0002268	Thhalv10004779m.g	Caamp.0120s0224, Caamp.1035s1196
OG0002269	Thhalv10027816m.g	Caamp.1041s0134
OG0002269	Thhalv10004482m.g	Caamp.0120s0206, Caamp.1035s1217
OG0002270	Thhalv10027727m.g	Caamp.1041s0111
OG0002270	Thhalv10004014m.g	Caamp.0120s0180, Caamp.1035s1244
OG0002271	Thhalv10005242m.g	Caamp.0120s0153, Caamp.1035s1269
OG0002271	Thhalv10028017m.g	Caamp.0044s0076
OG0002272	Thhalv10005094m.g, Thhalv10005287m.g, Thhalv10005109m.g, Thhalv10005543m.g, Thhalv10026775m.g, Thhalv10026927m.g, Thhalv10026776m.g	Caamp.1035s1285, Caamp.0120s0136
OG0002273	Thhalv10003736m.g, Thhalv10003731m.g	Caamp.1035s1287, Caamp.1035s1286
OG0002274	Thhalv10005481m.g	Caamp.0120s0131, Caamp.1035s1291, Caamp.0120s0130
OG0002275	Thhalv10009224m.g	Caamp.0188s1074, Caamp.1035s1410
OG0002275	Thhalv10029140m.g	Caamp.0003s0775, Caamp.1037s0100, Caamp.1040s0114
OG0002276	Thhalv10029273m.g	Caamp.1040s0153, Caamp.1037s0145
OG0002276	Thhalv10007481m.g	Caamp.1035s1435, Caamp.0188s1030
OG0002277	Thhalv10008710m.g	Caamp.1035s1441, Caamp.0188s1022
OG0002278	Thhalv10028867m.g	Caamp.1040s0210, Caamp.1041s1595
OG0002278	Thhalv10008507m.g	Caamp.1035s1460, Caamp.0188s1001
OG0002279	Thhalv10006729m.g	Caamp.0188s0970, Caamp.1035s1492
OG0002280	Thhalv10009199m.g	Caamp.1035s1504, Caamp.0188s0957
OG0002281	Thhalv10029252m.g	Caamp.0188s0944, Caamp.1041s1670
OG0002281	Thhalv10007888m.g	Caamp.1035s1513
OG0002282	Thhalv10020173m.g	Caamp.0303s0288, Caamp.0214s0620
OG0002282	Thhalv10012841m.g	Caamp.1036s0039
OG0002283	Thhalv10013493m.g	Caamp.1036s0040, Caamp.1036s0041, Caamp.1037s0339, Caamp.1041s1568, Caamp.1036s0210
OG0002284	Thhalv10013587m.g	Caamp.1037s0313, Caamp.1036s0072
OG0002284	Thhalv10023093m.g	Caamp.0093s0043
OG0002285	Thhalv10021316m.g	Caamp.0303s0330
OG0002285	Thhalv10014121m.g	Caamp.1037s0285, Caamp.1036s0098
OG0002286	Thhalv10014746m.g	Caamp.1036s0146, Caamp.1037s0238
OG0002286	Thhalv10021569m.g	Caamp.0303s0363
OG0002287	Thhalv10013319m.g	Caamp.1037s0235, Caamp.1036s0149
OG0002287	Thhalv10020565m.g	Caamp.0303s0366
OG0002288	Thhalv10015095m.g	Caamp.1037s0181, Caamp.0303s0396, Caamp.1036s0201
OG0002289	Thhalv10013660m.g	Caamp.1036s0278
OG0002289	Thhalv10020815m.g	Caamp.0214s0772, Caamp.0303s0452
OG0002290	Thhalv10019141m.g	Caamp.1036s0331, Caamp.0303s0827
OG0002291	Thhalv10008312m.g	Caamp.1036s0352, Caamp.0303s0853, Caamp.1039s1440
OG0002292	Thhalv10018357m.g	Caamp.1036s0379
OG0002293	Thhalv10019223m.g	Caamp.1036s0438, Caamp.0303s0932
OG0002294	Thhalv10019726m.g, Thhalv10018691m.g	Caamp.1036s0460, Caamp.0303s0952
OG0002295	Thhalv10027972m.g	Caamp.0002s0129, Caamp.0006s0599, Caamp.1036s0548, Caamp.0097s0794
OG0002296	Thhalv10027629m.g, Thhalv10027679m.g	Caamp.0097s0819, Caamp.1036s0577
OG0002297	Thhalv10027902m.g	Caamp.1036s0588, Caamp.0097s0836
OG0002298	Thhalv10029050m.g	Caamp.1037s0049
OG0002298	Thhalv10009057m.g	Caamp.0188s1127, Caamp.0275s0049
OG0002299	Thhalv10002932m.g, Thhalv10028853m.g	Caamp.1037s0108, Caamp.1040s0070, Caamp.1040s0068
OG0002300	Thhalv10028572m.g	Caamp.1040s0180, Caamp.1037s0169
OG0002301	Thhalv10015085m.g	Caamp.1037s0385
OG0002301	Thhalv10021810m.g	Caamp.0214s0411
OG0002302	Thhalv10014223m.g	Caamp.0105s0806, Caamp.1037s0392
OG0002302	Thhalv10021226m.g	Caamp.0214s0412, Caamp.0303s0068
OG0002303	Thhalv10020342m.g	Caamp.0214s0422, Caamp.0303s0078
OG0002303	Thhalv10013116m.g	Caamp.1037s0408, Caamp.0105s0823
OG0002304	Thhalv10014774m.g	Caamp.1037s0425, Caamp.0105s0841
OG0002304	Thhalv10021555m.g	Caamp.0214s0435, Caamp.0303s0087
OG0002305	Thhalv10014589m.g, Thhalv10022838m.g	Caamp.0058s0277, Caamp.1037s0533, Caamp.0068s0021, Caamp.0052s0607
OG0002306	Thhalv10012719m.g	Caamp.0097s0023, Caamp.1037s0575, Caamp.0052s0567
OG0002307	Thhalv10015295m.g	Caamp.1040s0312, Caamp.1037s0662
OG0002308	Thhalv10003016m.g	Caamp.1037s0802, Caamp.1040s0440, Caamp.0005s0172
OG0002310	Thhalv10012762m.g	Caamp.1037s0945, Caamp.1040s0580
OG0002311	Thhalv10012950m.g	Caamp.1037s1037
OG0002311	Thhalv10024661m.g	Caamp.0190s0422, Caamp.0003s0059
OG0002312	Thhalv10026146m.g	Caamp.0190s0368, Caamp.0003s0006, Caamp.1037s1145
OG0002313	Thhalv10012723m.g	Caamp.1037s1248
OG0002313	Thhalv10001095m.g	Caamp.1040s0828
OG0002314	Thhalv10025217m.g	Caamp.0190s0276
OG0002314	Thhalv10015444m.g, Thhalv10015378m.g	Caamp.1037s1307
OG0002315	Thhalv10012981m.g	Caamp.1040s1227, Caamp.1037s1565
OG0002316	Thhalv10014242m.g	Caamp.1037s1601, Caamp.1040s1266
OG0002317	Thhalv10014456m.g	Caamp.1037s1642, Caamp.1040s1309
OG0002319	Thhalv10015798m.g	Caamp.1040s1316, Caamp.1037s1669
OG0002320	Thhalv10014300m.g	Caamp.1039s0371, Caamp.1040s1314, Caamp.1037s1671
OG0002322	Thhalv10020899m.g	Caamp.0303s0528
OG0002322	Thhalv10013782m.g	Caamp.1038s0037, Caamp.1041s1397
OG0002323	Thhalv10014978m.g	Caamp.1038s0052, Caamp.1041s1381
OG0002324	Thhalv10000696m.g, Thhalv10013083m.g	Caamp.1041s1362, Caamp.1038s0071
OG0002325	Thhalv10013800m.g	Caamp.1041s1296, Caamp.1038s0135
OG0002326	Thhalv10012221m.g	Caamp.1038s0178
OG0002326	Thhalv10012468m.g	Caamp.1041s1252
OG0002327	Thhalv10013519m.g	Caamp.1038s0182, Caamp.0105s1792, Caamp.1041s1245
OG0002328	Thhalv10014116m.g	Caamp.1038s0217, Caamp.1041s1206
OG0002329	Thhalv10014910m.g	Caamp.1038s0234, Caamp.1041s1192, Caamp.1041s1191
OG0002330	Thhalv10003666m.g	Caamp.0033s0309
OG0002330	Thhalv10012826m.g	Caamp.1041s1060, Caamp.1038s0372
OG0002331	Thhalv10013514m.g, Thhalv10015997m.g, Thhalv10013980m.g	Caamp.1041s1011, Caamp.1038s0416
OG0002332	Thhalv10015116m.g	Caamp.1038s0438, Caamp.1041s0989, Caamp.0051s0321
OG0002333	Thhalv10004501m.g	Caamp.0033s0170
OG0002333	Thhalv10013785m.g	Caamp.1038s0479, Caamp.1041s0952
OG0002334	Thhalv10015090m.g	Caamp.0105s1394
OG0002334	Thhalv10015089m.g	Caamp.1038s0609
OG0002335	Thhalv10014173m.g	Caamp.1038s0913
OG0002335	Thhalv10021139m.g	Caamp.0214s0110
OG0002336	Thhalv10027472m.g, Thhalv10027188m.g, Thhalv10023018m.g, Thhalv10015674m.g, Thhalv10015413m.g	Caamp.1038s0929, Caamp.1039s0110
OG0002337	Thhalv10013303m.g	Caamp.0105s1786, Caamp.0105s1785, Caamp.1038s0978, Caamp.0105s1777
OG0002338	Thhalv10013792m.g	Caamp.0105s1806, Caamp.1038s0982
OG0002339	Thhalv10015461m.g	Caamp.1038s1030, Caamp.0105s1852
OG0002339	Thhalv10022343m.g	Caamp.0214s0168, Caamp.0078s0808
OG0002340	Thhalv10014025m.g	Caamp.1038s1042, Caamp.0105s1844
OG0002341	Thhalv10015202m.g	Caamp.0056s0345, Caamp.0024s0460, Caamp.1038s1076, Caamp.0105s1892
OG0002342	Thhalv10021191m.g	Caamp.1039s0093, Caamp.0078s0844, Caamp.0078s0843, Caamp.0214s0131
OG0002343	Thhalv10000007m.g	Caamp.0094s0081, Caamp.1039s0101, Caamp.0059s0022
OG0002344	Thhalv10000442m.g	Caamp.1039s0124
OG0002344	Thhalv10000239m.g	Caamp.0059s0003
OG0002345	Thhalv10024871m.g	Caamp.0094s0122
OG0002345	Thhalv10000117m.g	Caamp.1039s0133
OG0002346	Thhalv10000495m.g	Caamp.1039s0349
OG0002346	Thhalv10025685m.g	Caamp.0105s1357
OG0002347	Thhalv10024883m.g	Caamp.1039s0358, Caamp.0105s1355, Caamp.0094s0696
OG0002348	Thhalv10016761m.g	Caamp.0076s1628
OG0002348	Thhalv10006019m.g	Caamp.1039s0462, Caamp.0095s0595
OG0002349	Thhalv10020198m.g	Caamp.0037s0039, Caamp.0078s1136, Caamp.1039s0539
OG0002350	Thhalv10022201m.g	Caamp.0078s1203, Caamp.0007s0008, Caamp.0046s0112, Caamp.0037s0106, Caamp.1039s0605
OG0002351	Thhalv10021863m.g	Caamp.0078s1219
OG0002351	Thhalv10011896m.g	Caamp.0046s0123, Caamp.0037s0117, Caamp.1039s0620
OG0002352	Thhalv10011917m.g	Caamp.0040s0249, Caamp.0037s0223
OG0002352	Thhalv10021884m.g	Caamp.1039s0752
OG0002353	Thhalv10021397m.g	Caamp.0105s0028, Caamp.1039s0763
OG0002353	Thhalv10011733m.g	Caamp.0040s0258
OG0002354	Thhalv10011574m.g	Caamp.0040s0287, Caamp.0037s0259
OG0002354	Thhalv10022114m.g	Caamp.1039s0793, Caamp.0105s0057
OG0002355	Thhalv10020719m.g	Caamp.0051s0127, Caamp.1039s0865
OG0002356	Thhalv10021015m.g, Thhalv10011732m.g	Caamp.0051s0246, Caamp.1039s0981
OG0002357	Thhalv10022004m.g	Caamp.0064s0676, Caamp.0051s0252, Caamp.1039s0988
OG0002358	Thhalv10011708m.g	Caamp.0064s0732, Caamp.1039s1027
OG0002358	Thhalv10021200m.g	Caamp.0051s0292
OG0002359	Thhalv10022249m.g	Caamp.1039s1103
OG0002359	Thhalv10019632m.g	Caamp.0002s0341, Caamp.0064s0530
OG0002360	Thhalv10021448m.g	Caamp.1039s1143
OG0002360	Thhalv10011632m.g	Caamp.0064s0804, Caamp.1041s0698
OG0002361	Thhalv10022207m.g, Thhalv10021022m.g	Caamp.1039s1196, Caamp.1039s1199
OG0002362	Thhalv10020766m.g	Caamp.0053s0083, Caamp.1039s1233
OG0002363	Thhalv10020531m.g	Caamp.1039s1374
OG0002363	Thhalv10020563m.g	Caamp.1039s1373, Caamp.1041s1847
OG0002364	Thhalv10020296m.g	Caamp.0303s1358, Caamp.1041s1860, Caamp.1039s1385
OG0002365	Thhalv10017318m.g, Thhalv10029384m.g, Thhalv10021679m.g	Caamp.0076s1164, Caamp.1039s1420
OG0002366	Thhalv10021866m.g	Caamp.1039s1492, Caamp.0026s0196
OG0002367	Thhalv10002536m.g	Caamp.1039s1533
OG0002367	Thhalv10025273m.g	Caamp.0022s0209
OG0002368	Thhalv10002522m.g	Caamp.1039s1548, Caamp.0076s1292
OG0002369	Thhalv10002593m.g, Thhalv10002569m.g	Caamp.0026s0077, Caamp.1039s1627
OG0002370	Thhalv10015106m.g	Caamp.1039s1654
OG0002370	Thhalv10002468m.g	Caamp.0026s0108
OG0002371	Thhalv10002621m.g	Caamp.0023s0307, Caamp.1039s1674, Caamp.1039s1666, Caamp.1039s1675, Caamp.0026s0132
OG0002372	Thhalv10029128m.g	Caamp.1040s0051
OG0002372	Thhalv10007689m.g	Caamp.0188s1125
OG0002373	Thhalv10008854m.g	Caamp.0275s0084, Caamp.0188s1091
OG0002373	Thhalv10028988m.g	Caamp.1040s0100
OG0002374	Thhalv10029175m.g	Caamp.1040s0154
OG0002375	Thhalv10007402m.g	Caamp.0188s1006
OG0002375	Thhalv10028585m.g	Caamp.1040s0195, Caamp.1041s1581
OG0002376	Thhalv10029374m.g	Caamp.1040s0197
OG0002376	Thhalv10029453m.g	Caamp.1041s1582, Caamp.1040s0196
OG0002377	Thhalv10028641m.g	Caamp.1041s1602
OG0002377	Thhalv10005949m.g	Caamp.1040s0217, Caamp.0023s0562, Caamp.0065s0176
OG0002378	Thhalv10028361m.g	Caamp.1041s1603
OG0002378	Thhalv10029135m.g	Caamp.1040s0218
OG0002379	Thhalv10002983m.g	Caamp.0097s0211, Caamp.0005s0147, Caamp.1040s0420
OG0002380	Thhalv10015585m.g, Thhalv10015940m.g, Thhalv10015734m.g, Thhalv10013618m.g, Thhalv10015353m.g, Thhalv10015283m.g, Thhalv10015365m.g, Thhalv10015382m.g	Caamp.1040s0739
OG0002381	Thhalv10017884m.g	Caamp.0051s0085, Caamp.0003s0181
OG0002381	Thhalv10017934m.g	Caamp.1040s0932
OG0002382	Thhalv10015358m.g	Caamp.1040s0972
OG0002382	Thhalv10026282m.g	Caamp.0022s0119, Caamp.0022s0120, Caamp.0097s0595
OG0002386	Thhalv10005844m.g	Caamp.0065s0101
OG0002386	Thhalv10027689m.g	Caamp.1041s0003
OG0002387	Thhalv10023640m.g	Caamp.1041s0006, Caamp.0266s0068, Caamp.0303s1044
OG0002388	Thhalv10028091m.g	Caamp.0044s0032, Caamp.1041s0043
OG0002389	Thhalv10027651m.g	Caamp.0044s0040, Caamp.0044s0039, Caamp.1041s0052
OG0002390	Thhalv10023822m.g	Caamp.1041s0056
OG0002390	Thhalv10028201m.g, Thhalv10029417m.g, Thhalv10028265m.g	Caamp.0097s0747
OG0002392	Thhalv10027995m.g	Caamp.0044s0122, Caamp.1041s0138, Caamp.0044s0121
OG0002393	Thhalv10027723m.g	Caamp.0044s0130, Caamp.1041s0149
OG0002394	Thhalv10000991m.g, Thhalv10010555m.g	Caamp.0011s0203, Caamp.0095s0904, Caamp.0078s0507, Caamp.1041s0190
OG0002396	Thhalv10028063m.g	Caamp.1041s0244
OG0002396	Thhalv10027904m.g	Caamp.1041s0243, Caamp.0044s0223
OG0002397	Thhalv10024945m.g, Thhalv10023019m.g, Thhalv10015942m.g, Thhalv10023162m.g	Caamp.1041s0337, Caamp.0094s0742
OG0002398	Thhalv10025025m.g	Caamp.0094s0823, Caamp.1041s0411
OG0002398	Thhalv10022666m.g	Caamp.0093s0082, Caamp.0095s1219
OG0002399	Thhalv10025913m.g	Caamp.0095s1222, Caamp.0094s0831, Caamp.1041s0422
OG0002400	Thhalv10026650m.g	Caamp.0094s0873
OG0002400	Thhalv10022925m.g	Caamp.0093s0036
OG0002401	Thhalv10026945m.g	Caamp.1041s0491, Caamp.0094s0906
OG0002401	Thhalv10002025m.g	Caamp.0093s0005
OG0002402	Thhalv10002253m.g	Caamp.0079s0057, Caamp.0095s1345
OG0002402	Thhalv10027027m.g	Caamp.1041s0578
OG0002403	Thhalv10002064m.g	Caamp.0079s0079
OG0002403	Thhalv10025937m.g	Caamp.1041s0597
OG0002404	Thhalv10011205m.g	Caamp.1041s0677, Caamp.0064s0823
OG0002405	Thhalv10011608m.g	Caamp.0064s0814
OG0002405	Thhalv10011586m.g	Caamp.1041s0683
OG0002406	Thhalv10019753m.g	Caamp.0076s0296
OG0002406	Thhalv10012120m.g	Caamp.0006s0427, Caamp.0064s0722, Caamp.1041s0776
OG0002407	Thhalv10027906m.g	Caamp.1041s0819, Caamp.0097s0439
OG0002408	Thhalv10027684m.g	Caamp.1041s0874, Caamp.1041s0875
OG0002409	Thhalv10014200m.g	Caamp.1041s1399
OG0002409	Thhalv10021199m.g	Caamp.0214s0843, Caamp.0303s0525
OG0002410	Thhalv10018518m.g	Caamp.1041s1575, Caamp.0064s0095, Caamp.0013s0240, Caamp.0006s0622
OG0002411	Thhalv10028541m.g	Caamp.1041s1646, Caamp.0052s0529
OG0002412	Thhalv10028563m.g	Caamp.1041s1725, Caamp.0052s0453
OG0002413	Thhalv10026767m.g, Thhalv10027200m.g, Thhalv10028567m.g	Caamp.1041s1758, Caamp.0052s0413
OG0002414	Thhalv10026894m.g	Caamp.1041s1769
OG0002414	Thhalv10028702m.g	Caamp.0052s0395
OG0002415	Thhalv10028536m.g	Caamp.1041s1788, Caamp.0052s0380
OG0002416	Thhalv10025373m.g	Caamp.0003s0384
OG0002416	Thhalv10025396m.g	Caamp.0003s0392
OG0002416	Thhalv10028697m.g	Caamp.1041s1818
OG0002417	Thhalv10011401m.g	Caamp.0190s0223, Caamp.1041s1879, Caamp.0190s1210
OG0002419	Thhalv10011226m.g	Caamp.0034s0055
OG0002419	Thhalv10012125m.g	Caamp.1041s1923, Caamp.0037s0316
OG0002420	Thhalv10004766m.g	Caamp.1041s2021, Caamp.0033s0448
OG0002420	Thhalv10010637m.g	Caamp.0078s0164, Caamp.0095s1112
OG0002421	Thhalv10011821m.g	Caamp.0040s0261, Caamp.0037s0230
OG0002421	Thhalv10021635m.g	Caamp.0105s0031
OG0002422	Thhalv10016544m.g	Caamp.0066s0108
OG0002422	Thhalv10016545m.g	Caamp.0066s0109, Caamp.0105s0107
OG0002423	Thhalv10002140m.g	Caamp.0079s0072
OG0002423	Thhalv10017452m.g	Caamp.0013s0290, Caamp.0105s0156
OG0002424	Thhalv10016918m.g	Caamp.0024s0336, Caamp.0105s0189, Caamp.0013s0253
OG0002425	Thhalv10016219m.g, Thhalv10016252m.g, Thhalv10006755m.g	Caamp.0013s0247, Caamp.0105s0196
OG0002426	Thhalv10006709m.g	Caamp.0056s0140
OG0002426	Thhalv10016205m.g	Caamp.0045s0049, Caamp.0105s0281
OG0002427	Thhalv10017940m.g	Caamp.0105s0296
OG0002427	Thhalv10001915m.g, Thhalv10016289m.g	Caamp.0105s0292, Caamp.0013s0174
OG0002428	Thhalv10017400m.g	Caamp.0013s0188, Caamp.0105s0306
OG0002429	Thhalv10016177m.g	Caamp.0159s0024
OG0002430	Thhalv10017685m.g, Thhalv10017705m.g, Thhalv10024105m.g, Thhalv10023971m.g	Caamp.0159s0012, Caamp.0105s0321
OG0002431	Thhalv10016663m.g	Caamp.0159s0005, Caamp.0105s0329
OG0002431	Thhalv10007682m.g	Caamp.0188s0808
OG0002432	Thhalv10016622m.g	Caamp.0105s0345, Caamp.0056s0096, Caamp.0066s0137
OG0002433	Thhalv10007302m.g	Caamp.0105s0358, Caamp.0188s0848, Caamp.0056s0082
OG0002434	Thhalv10010770m.g	Caamp.0078s0302
OG0002434	Thhalv10017326m.g	Caamp.0105s0604
OG0002435	Thhalv10026576m.g	Caamp.0105s0932, Caamp.0105s0933, Caamp.0094s0268
OG0002436	Thhalv10022892m.g	Caamp.0105s0961, Caamp.0094s0299, Caamp.0095s1135
OG0002437	Thhalv10024193m.g	Caamp.0094s0323, Caamp.0064s0301, Caamp.0105s0979, Caamp.0064s0225
OG0002438	Thhalv10026015m.g	Caamp.0105s0981, Caamp.0094s0325
OG0002438	Thhalv10022831m.g	Caamp.0093s0182, Caamp.0026s0549
OG0002439	Thhalv10026942m.g	Caamp.0105s0998, Caamp.0094s0342
OG0002439	Thhalv10023043m.g	Caamp.0026s0555, Caamp.0093s0189
OG0002440	Thhalv10025415m.g, Thhalv10015695m.g, Thhalv10000421m.g, Thhalv10027326m.g, Thhalv10026886m.g, Thhalv10025393m.g	Caamp.0105s1049
OG0002441	Thhalv10022904m.g	Caamp.0190s1186
OG0002441	Thhalv10026522m.g	Caamp.0105s1122, Caamp.0094s0480
OG0002442	Thhalv10026060m.g	Caamp.0105s1143, Caamp.0094s0462
OG0002443	Thhalv10026019m.g	Caamp.0094s0580, Caamp.0105s1244
OG0002444	Thhalv10024374m.g	Caamp.0094s0632, Caamp.0105s1292
OG0002445	Thhalv10023683m.g	Caamp.0011s0054, Caamp.0007s0468
OG0002446	Thhalv10023283m.g	Caamp.0011s0153, Caamp.0020s0034
OG0002448	Thhalv10013769m.g	Caamp.0110s0067
OG0002450	Thhalv10003155m.g, Thhalv10002412m.g	Caamp.0113s0003, Caamp.0048s0045
OG0002451	Thhalv10004477m.g	Caamp.0120s0004
OG0002451	Thhalv10022792m.g, Thhalv10022979m.g	Caamp.0076s1075
OG0002452	Thhalv10021708m.g	Caamp.0303s0026, Caamp.0214s0373
OG0002452	Thhalv10005103m.g	Caamp.0120s0475
OG0002453	Thhalv10005548m.g	Caamp.0214s0454, Caamp.0303s0107, Caamp.0120s0629
OG0002457	Thhalv10002476m.g	Caamp.0013s0132, Caamp.0026s0198
OG0002458	Thhalv10026751m.g	Caamp.0013s0155
OG0002458	Thhalv10027070m.g	Caamp.0095s0093
OG0002459	Thhalv10017096m.g	Caamp.0013s0319
OG0002459	Thhalv10008504m.g	Caamp.0024s0384, Caamp.0056s0269
OG0002460	Thhalv10002757m.g	Caamp.0097s0160, Caamp.0058s0046, Caamp.0014s0022
OG0002463	Thhalv10023719m.g	Caamp.0015s0025, Caamp.0052s0232, Caamp.0188s0345
OG0002465	Thhalv10023826m.g	Caamp.0015s0081, Caamp.0004s0153
OG0002465	Thhalv10023592m.g	Caamp.0004s0152, Caamp.0054s0039
OG0002466	Thhalv10023955m.g	Caamp.0303s1313, Caamp.0015s0182
OG0002466	Thhalv10023439m.g	Caamp.0303s1312
OG0002467	Thhalv10023383m.g	Caamp.0015s0207
OG0002467	Thhalv10007228m.g	Caamp.0188s0242
OG0002468	Thhalv10023279m.g, Thhalv10023335m.g	Caamp.0015s0208, Caamp.0303s1291
OG0002469	Thhalv10008090m.g	Caamp.0071s0245
OG0002469	Thhalv10023566m.g	Caamp.0015s0239, Caamp.0303s1265
OG0002470	Thhalv10023332m.g	Caamp.0303s1222
OG0002470	Thhalv10007119m.g	Caamp.0071s0198
OG0002471	Thhalv10023696m.g	Caamp.0015s0316, Caamp.0303s1192
OG0002472	Thhalv10015824m.g, Thhalv10023500m.g	Caamp.0058s0105, Caamp.0015s0318, Caamp.0058s0103
OG0002473	Thhalv10027862m.g, Thhalv10027844m.g, Thhalv10027793m.g, Thhalv10018718m.g, Thhalv10027748m.g, Thhalv10027752m.g	Caamp.0015s0358
OG0002474	Thhalv10018337m.g	Caamp.0016s0036
OG0002475	Thhalv10018205m.g	Caamp.0016s0114, Caamp.0303s0792, Caamp.0076s0071
OG0002477	Thhalv10001432m.g	Caamp.0018s0015
OG0002477	Thhalv10005940m.g	Caamp.0023s0319, Caamp.0095s0348
OG0002478	Thhalv10001459m.g	Caamp.0018s0019
OG0002478	Thhalv10005983m.g	Caamp.0023s0323, Caamp.0095s0344
OG0002479	Thhalv10001560m.g	Caamp.0018s0119
OG0002479	Thhalv10006120m.g	Caamp.0065s0019, Caamp.0023s0396
OG0002480	Thhalv10001592m.g	Caamp.0018s0284
OG0002481	Thhalv10006247m.g	Caamp.0023s0595, Caamp.0065s0210
OG0002481	Thhalv10001660m.g	Caamp.0018s0371
OG0002482	Thhalv10023420m.g	Caamp.0038s0017
OG0002482	Thhalv10007451m.g	Caamp.0188s0076
OG0002483	Thhalv10006723m.g	Caamp.0052s0122, Caamp.0188s0087
OG0002484	Thhalv10007208m.g	Caamp.0071s0270, Caamp.0097s0170, Caamp.0188s0237
OG0002485	Thhalv10007877m.g	Caamp.0052s0261, Caamp.0188s0321
OG0002486	Thhalv10007729m.g	Caamp.0188s0374, Caamp.0052s0187
OG0002486	Thhalv10023486m.g	Caamp.0007s0434
OG0002487	Thhalv10009108m.g	Caamp.0071s0127, Caamp.0188s0419
OG0002488	Thhalv10004163m.g	Caamp.0040s0014, Caamp.0188s0552, Caamp.0076s1028, Caamp.0077s0060
OG0002489	Thhalv10025388m.g, Thhalv10004358m.g	Caamp.0076s0983, Caamp.0188s0577
OG0002490	Thhalv10008428m.g	Caamp.0077s0010, Caamp.0188s0590, Caamp.0040s0046
OG0002491	Thhalv10008148m.g	Caamp.0188s0593
OG0002491	Thhalv10004555m.g	Caamp.0077s0005, Caamp.0076s0964
OG0002492	Thhalv10009026m.g	Caamp.0188s0620, Caamp.0040s0082
OG0002493	Thhalv10009960m.g	Caamp.0040s0147, Caamp.0188s0682
OG0002493	Thhalv10019222m.g	Caamp.0084s0020
OG0002494	Thhalv10019388m.g	Caamp.0064s0009, Caamp.0006s0699
OG0002494	Thhalv10009235m.g	Caamp.0188s0704
OG0002495	Thhalv10009201m.g	Caamp.0188s0717, Caamp.0046s0155
OG0002495	Thhalv10019378m.g	Caamp.0084s0003, Caamp.0006s0688
OG0002496	Thhalv10007716m.g	Caamp.0046s0164, Caamp.0188s0726
OG0002496	Thhalv10018604m.g	Caamp.0006s0676, Caamp.0064s0048
OG0002497	Thhalv10003188m.g, Thhalv10007384m.g	Caamp.0188s0731
OG0002497	Thhalv10018417m.g	Caamp.0006s0663
OG0002498	Thhalv10018943m.g	Caamp.0188s0738, Caamp.0006s0642
OG0002498	Thhalv10008648m.g	Caamp.0064s0075
OG0002499	Thhalv10008187m.g	Caamp.0046s0182, Caamp.0006s0638, Caamp.0188s0745
OG0002500	Thhalv10019110m.g	Caamp.0064s0092, Caamp.0006s0625
OG0002500	Thhalv10008714m.g	Caamp.0046s0195
OG0002500	Thhalv10017872m.g	Caamp.0188s0761
OG0002502	Thhalv10023223m.g, Thhalv10006613m.g, Thhalv10001287m.g, Thhalv10000018m.g	Caamp.0019s0084, Caamp.0019s0103
OG0002503	Thhalv10019348m.g	Caamp.0006s0223
OG0002503	Thhalv10009165m.g	Caamp.0046s0505
OG0002504	Thhalv10008062m.g	Caamp.0190s0038, Caamp.0046s0511
OG0002504	Thhalv10018792m.g	Caamp.0076s0496
OG0002505	Thhalv10019630m.g	Caamp.0190s0068
OG0002505	Thhalv10008823m.g	Caamp.0214s0077, Caamp.0046s0541
OG0002506	Thhalv10006608m.g	Caamp.0190s0071, Caamp.0046s0544
OG0002507	Thhalv10006525m.g	Caamp.0190s0075, Caamp.0046s0548
OG0002508	Thhalv10019321m.g	Caamp.0006s0160, Caamp.0190s0093, Caamp.0064s0272
OG0002510	Thhalv10026481m.g	Caamp.0003s0219
OG0002510	Thhalv10000501m.g	Caamp.0190s0604
OG0002511	Thhalv10009935m.g	Caamp.0190s0683, Caamp.0003s0304, Caamp.0190s0685, Caamp.0003s0307
OG0002512	Thhalv10024592m.g	Caamp.0190s0728, Caamp.0003s0362
OG0002513	Thhalv10026418m.g	Caamp.0190s0773
OG0002513	Thhalv10022179m.g, Thhalv10028164m.g, Thhalv10029418m.g	Caamp.0003s0403, Caamp.0052s0378
OG0002514	Thhalv10024862m.g	Caamp.0190s0792, Caamp.0003s0416
OG0002515	Thhalv10025385m.g	Caamp.0190s0994, Caamp.0003s0595, Caamp.0003s0594, Caamp.0190s0993
OG0002516	Thhalv10018026m.g, Thhalv10027623m.g	Caamp.0190s1213, Caamp.0303s0799, Caamp.0076s0065
OG0002517	Thhalv10022775m.g	Caamp.0190s1216, Caamp.0026s0748
OG0002518	Thhalv10022739m.g, Thhalv10011661m.g	Caamp.0190s1226, Caamp.0026s0740
OG0002519	Thhalv10022670m.g	Caamp.0190s1233, Caamp.0026s0733
OG0002520	Thhalv10021685m.g	Caamp.0214s0087
OG0002520	Thhalv10022889m.g	Caamp.0026s0703, Caamp.0190s1275
OG0002521	Thhalv10022624m.g	Caamp.0190s1342, Caamp.0026s0621
OG0002522	Thhalv10023165m.g	Caamp.0026s0613, Caamp.0190s1349
OG0002523	Thhalv10027833m.g	Caamp.0002s0148
OG0002523	Thhalv10019161m.g	Caamp.0006s0583
OG0002524	Thhalv10019798m.g, Thhalv10018816m.g	Caamp.0303s0647, Caamp.0002s0259, Caamp.0002s0232
OG0002525	Thhalv10019092m.g	Caamp.0303s0599, Caamp.0002s0298
OG0002526	Thhalv10020791m.g	Caamp.0214s0003, Caamp.0078s0979
OG0002527	Thhalv10020618m.g	Caamp.0214s0325, Caamp.0214s0326, Caamp.0078s0640
OG0002528	Thhalv10020577m.g	Caamp.0303s0254, Caamp.0214s0586
OG0002528	Thhalv10008536m.g, Thhalv10007184m.g	Caamp.0056s0028
OG0002529	Thhalv10022124m.g, Thhalv10021846m.g, Thhalv10012282m.g	Caamp.0214s0631, Caamp.0303s0301
OG0002529	Thhalv10023096m.g	Caamp.0303s0299
OG0002530	Thhalv10022520m.g	Caamp.0303s0510
OG0002530	Thhalv10019872m.g	Caamp.0214s0828
OG0002531	Thhalv10024221m.g	Caamp.0097s0510, Caamp.0022s0039, Caamp.0022s0040, Caamp.0022s0041
OG0002532	Thhalv10026895m.g	Caamp.0022s0058, Caamp.0022s0057
OG0002532	Thhalv10019868m.g	Caamp.0097s0525
OG0002533	Thhalv10020684m.g	Caamp.0078s1012, Caamp.0023s0027
OG0002534	Thhalv10006112m.g	Caamp.0023s0245, Caamp.0095s0424
OG0002535	Thhalv10006316m.g	Caamp.0064s0403, Caamp.0095s0371, Caamp.0058s0154, Caamp.0023s0294
OG0002536	Thhalv10005776m.g	Caamp.0023s0354, Caamp.0095s0320
OG0002537	Thhalv10006242m.g	Caamp.0023s0559, Caamp.0065s0172
OG0002537	Thhalv10000543m.g, Thhalv10000254m.g	Caamp.0007s0528
OG0002538	Thhalv10019143m.g	Caamp.0006s0383
OG0002538	Thhalv10008782m.g	Caamp.0024s0109, Caamp.0046s0369
OG0002539	Thhalv10018928m.g	Caamp.0006s0511, Caamp.0076s0210
OG0002539	Thhalv10008386m.g	Caamp.0046s0287, Caamp.0024s0190
OG0002540	Thhalv10009148m.g	Caamp.0046s0266, Caamp.0024s0210
OG0002540	Thhalv10019317m.g	Caamp.0006s0539, Caamp.0076s0184
OG0002541	Thhalv10006841m.g, Thhalv10006824m.g	Caamp.0046s0258, Caamp.0024s0223
OG0002542	Thhalv10009187m.g	Caamp.0046s0242, Caamp.0024s0239
OG0002542	Thhalv10019550m.g	Caamp.0064s0139
OG0002543	Thhalv10018232m.g	Caamp.0024s0254, Caamp.0006s0022, Caamp.0064s0131
OG0002544	Thhalv10007837m.g	Caamp.0046s0220, Caamp.0024s0260
OG0002544	Thhalv10019736m.g	Caamp.0064s0115, Caamp.0006s0004
OG0002545	Thhalv10006688m.g	Caamp.0024s0347, Caamp.0076s0639, Caamp.0056s0231
OG0002546	Thhalv10019582m.g	Caamp.0006s0469, Caamp.0026s0112, Caamp.0026s0114, Caamp.0026s0113, Caamp.0006s0468, Caamp.0076s0253
OG0002547	Thhalv10010680m.g	Caamp.0095s0929, Caamp.0078s0362, Caamp.0060s0005, Caamp.0078s0028, Caamp.0026s0189
OG0002548	Thhalv10005046m.g	Caamp.0026s0269
OG0002548	Thhalv10010659m.g	Caamp.0005s0250
OG0002549	Thhalv10010968m.g	Caamp.0026s0279, Caamp.0097s0426
OG0002549	Thhalv10010563m.g	Caamp.0005s0262
OG0002550	Thhalv10011038m.g	Caamp.0005s0276
OG0002550	Thhalv10010102m.g	Caamp.0026s0297, Caamp.0005s0278
OG0002551	Thhalv10010194m.g	Caamp.0026s0519, Caamp.0078s0116
OG0002552	Thhalv10011611m.g	Caamp.0078s0126, Caamp.0026s0527, Caamp.0027s0049, Caamp.0004s0097
OG0002553	Thhalv10003913m.g	Caamp.0436s0040
OG0002554	Thhalv10025294m.g	Caamp.0094s0515
OG0002554	Thhalv10022700m.g	Caamp.0026s0802
OG0002555	Thhalv10023525m.g	Caamp.0303s1092, Caamp.0266s0018
OG0002556	Thhalv10011489m.g	Caamp.0027s0068, Caamp.0004s0080
OG0002557	Thhalv10029061m.g	Caamp.0064s0476, Caamp.0064s0468, Caamp.0064s0480, Caamp.0064s0471, Caamp.0028s0253
OG0002558	Thhalv10024521m.g	Caamp.0003s0245, Caamp.0003s0244
OG0002559	Thhalv10025916m.g	Caamp.0003s0794, Caamp.0095s0197
OG0002559	Thhalv10000986m.g	Caamp.0076s0842, Caamp.0085s0011
OG0002560	Thhalv10008285m.g	Caamp.0080s0037, Caamp.0303s0551, Caamp.0052s0059
OG0002561	Thhalv10007611m.g	Caamp.0052s0050
OG0002561	Thhalv10008429m.g	Caamp.0303s0558, Caamp.0052s0049
OG0002562	Thhalv10018624m.g	Caamp.0076s0115, Caamp.0303s0754
OG0002563	Thhalv10019058m.g	Caamp.0076s0070, Caamp.0303s0794
OG0002564	Thhalv10011105m.g	Caamp.0311s0029
OG0002565	Thhalv10004548m.g	Caamp.0033s0457, Caamp.0436s0009
OG0002565	Thhalv10011077m.g	Caamp.0078s0172
OG0002566	Thhalv10002085m.g	Caamp.0034s0068, Caamp.0060s0028
OG0002567	Thhalv10002332m.g	Caamp.0043s0028, Caamp.0035s0019
OG0002568	Thhalv10003349m.g	Caamp.0058s0081, Caamp.0036s0009
OG0002569	Thhalv10003251m.g	Caamp.0058s0082, Caamp.0036s0016
OG0002570	Thhalv10012076m.g, Thhalv10011828m.g, Thhalv10011942m.g, Thhalv10011826m.g, Thhalv10012041m.g, Thhalv10012294m.g, Thhalv10011831m.g	Caamp.0037s0256
OG0002571	Thhalv10018841m.g	Caamp.0006s0057, Caamp.0064s0170
OG0002571	Thhalv10010014m.g	Caamp.0037s0347
OG0002573	Thhalv10008460m.g	Caamp.0040s0151, Caamp.0040s0150, Caamp.0040s0152
OG0002575	Thhalv10028283m.g	Caamp.0044s0192
OG0002576	Thhalv10008268m.g	Caamp.0046s0444
OG0002576	Thhalv10018837m.g	Caamp.0076s0420, Caamp.0006s0302
OG0002577	Thhalv10010089m.g	Caamp.0005s0047, Caamp.0097s0105
OG0002578	Thhalv10012316m.g, Thhalv10001035m.g	Caamp.0005s0058, Caamp.0064s0636, Caamp.0097s0854, Caamp.0097s0309
OG0002579	Thhalv10009759m.g, Thhalv10021986m.g, Thhalv10003005m.g, Thhalv10023432m.g	Caamp.0054s0023
OG0002580	Thhalv10017886m.g	Caamp.0054s0040, Caamp.0097s0892, Caamp.0099s0049, Caamp.0076s1267, Caamp.0076s1266
OG0002581	Thhalv10003294m.g	Caamp.0076s0518, Caamp.0058s0225
OG0002581	Thhalv10009189m.g	Caamp.0056s0029
OG0002582	Thhalv10027216m.g	Caamp.0095s0220
OG0002582	Thhalv10006612m.g	Caamp.0056s0273
OG0002583	Thhalv10000880m.g	Caamp.0076s0562, Caamp.0058s0273
OG0002584	Thhalv10018738m.g	Caamp.0006s0014
OG0002584	Thhalv10018776m.g	Caamp.0006s0012, Caamp.0064s0122
OG0002585	Thhalv10018028m.g	Caamp.0006s0099, Caamp.0064s0213
OG0002586	Thhalv10018716m.g	Caamp.0064s0249, Caamp.0064s0250, Caamp.0006s0139
OG0002587	Thhalv10018345m.g	Caamp.0006s0140
OG0002587	Thhalv10009962m.g	Caamp.0064s0251
OG0002588	Thhalv10018018m.g, Thhalv10006634m.g, Thhalv10021382m.g, Thhalv10022147m.g	Caamp.0006s0162
OG0002590	Thhalv10018884m.g	Caamp.0006s0319, Caamp.0076s0401
OG0002591	Thhalv10018148m.g	Caamp.0006s0634, Caamp.0064s0084
OG0002592	Thhalv10018086m.g, Thhalv10023142m.g, Thhalv10020518m.g	Caamp.0006s0695, Caamp.0064s0005
OG0002593	Thhalv10022796m.g	Caamp.0095s1124, Caamp.0064s0302, Caamp.0094s0322, Caamp.0093s0180
OG0002595	Thhalv10017543m.g	Caamp.0066s0131
OG0002595	Thhalv10017793m.g	Caamp.0066s0132
OG0002596	Thhalv10028062m.g, Thhalv10001102m.g, Thhalv10001164m.g, Thhalv10023832m.g, Thhalv10024086m.g, Thhalv10024058m.g, Thhalv10024089m.g	Caamp.0007s0408
OG0002598	Thhalv10001183m.g	Caamp.0076s0600, Caamp.0076s0601
OG0002598	Thhalv10000970m.g	Caamp.0076s0596
OG0002599	Thhalv10000912m.g	Caamp.0076s0876, Caamp.0085s0050
OG0002600	Thhalv10005053m.g	Caamp.0077s0076, Caamp.0076s1044
OG0002601	Thhalv10005993m.g	Caamp.0095s0565
OG0002601	Thhalv10016702m.g	Caamp.0076s1611
OG0002602	Thhalv10011149m.g, Thhalv10027774m.g	Caamp.0097s0452
OG0002602	Thhalv10011048m.g	Caamp.0078s0101
OG0002603	Thhalv10010458m.g	Caamp.0095s1091, Caamp.0078s0192
OG0002604	Thhalv10011003m.g, Thhalv10000736m.g, Thhalv10010156m.g	Caamp.0078s0397, Caamp.0095s0794
OG0002605	Thhalv10001900m.g	Caamp.0079s0027, Caamp.0095s1313
OG0002606	Thhalv10001974m.g	Caamp.0095s1322, Caamp.0079s0037
OG0002607	Thhalv10025292m.g	Caamp.0094s0991
OG0002607	Thhalv10001992m.g	Caamp.0079s0058
OG0002610	Thhalv10003466m.g, Thhalv10009663m.g, Thhalv10000359m.g	Caamp.0089s0003, Caamp.0097s0995
OG0002611	Thhalv10025945m.g, Thhalv10025868m.g	Caamp.0090s0017, Caamp.0095s0049
OG0002612	Thhalv10026991m.g	Caamp.0090s0040, Caamp.0095s0019
OG0002613	Thhalv10001901m.g	Caamp.0093s0002, Caamp.0095s1302
OG0002614	Thhalv10022631m.g	Caamp.0093s0083
OG0002615	Thhalv10023128m.g	Caamp.0093s0176, Caamp.0095s1128
OG0002616	Thhalv10025628m.g	Caamp.0095s0082
OG0002618	Thhalv10002497m.g	Caamp.0097s0106
OG0002619	Thhalv10028013m.g, Thhalv10028125m.g	Caamp.0097s0444, Caamp.0097s0758, Caamp.0097s0757, Caamp.0097s0760, Caamp.0097s0761, Caamp.0097s0759, Caamp.0097s0756
OG0002620	Thhalv10028171m.g	Caamp.0097s0860
OG0002621	Thhalv10020067m.g, Thhalv10021972m.g	Caamp.0097s0901, Caamp.0097s0902
OG0002647	Thhalv10000972m.g	Caamp.0076s0796, Caamp.0001s0045
OG0002648	Thhalv10001020m.g	Caamp.0001s0047, Caamp.0076s0794
OG0002649	Thhalv10000965m.g	Caamp.0076s0773, Caamp.0001s0067
OG0002650	Thhalv10000873m.g	Caamp.0076s0740, Caamp.0001s0100
OG0002651	Thhalv10000763m.g	Caamp.0001s0244, Caamp.0001s0147, Caamp.0076s0698
OG0002652	Thhalv10000968m.g	Caamp.0001s0171, Caamp.0076s0664
OG0002653	Thhalv10000852m.g	Caamp.0076s0656, Caamp.0001s0183
OG0002654	Thhalv10000914m.g	Caamp.0001s0184, Caamp.0076s0655
OG0002655	Thhalv10001065m.g	Caamp.0001s0189
OG0002655	Thhalv10001191m.g	Caamp.0001s0187
OG0002656	Thhalv10001106m.g	Caamp.0076s0616, Caamp.0001s0210
OG0002657	Thhalv10001187m.g	Caamp.0001s0213, Caamp.0076s0613
OG0002657	Thhalv10027457m.g	Caamp.0094s0340
OG0002658	Thhalv10010172m.g	Caamp.0001s0220, Caamp.1037s0546
OG0002659	Thhalv10024569m.g	Caamp.0001s0276, Caamp.0061s0041, Caamp.0061s0042
OG0002660	Thhalv10013578m.g	Caamp.1041s1555, Caamp.0001s0289
OG0002664	Thhalv10001936m.g	Caamp.0010s0034, Caamp.0008s0135
OG0002665	Thhalv10002204m.g	Caamp.0010s0035, Caamp.0004s0324, Caamp.0008s0223
OG0002666	Thhalv10000516m.g	Caamp.0010s0042, Caamp.0010s0097
OG0002667	Thhalv10000375m.g	Caamp.0008s0112, Caamp.0008s0116, Caamp.0010s0059
OG0002668	Thhalv10000086m.g, Thhalv10000169m.g	Caamp.1039s0436, Caamp.0010s0090
OG0002669	Thhalv10000562m.g	Caamp.0099s0131, Caamp.0010s0091, Caamp.0010s0092
OG0002670	Thhalv10027018m.g, Thhalv10000061m.g	Caamp.1039s0347, Caamp.0010s0123
OG0002671	Thhalv10000311m.g	Caamp.0010s0139, Caamp.1039s0377
OG0002672	Thhalv10000360m.g	Caamp.0010s0148, Caamp.1039s0343
OG0002673	Thhalv10000088m.g	Caamp.0010s0158, Caamp.1039s0326
OG0002674	Thhalv10003018m.g	Caamp.0010s0171, Caamp.1039s0314, Caamp.1039s0303, Caamp.0010s0172, Caamp.0010s0165
OG0002675	Thhalv10026395m.g	Caamp.0094s0757, Caamp.0010s0193
OG0002677	Thhalv10021862m.g	Caamp.0078s0976
OG0002677	Thhalv10000406m.g	Caamp.0010s0233
OG0002678	Thhalv10023005m.g	Caamp.0010s0268
OG0002679	Thhalv10000332m.g	Caamp.0010s0272, Caamp.1039s0212
OG0002680	Thhalv10000531m.g	Caamp.1039s0238, Caamp.0010s0283
OG0002681	Thhalv10000452m.g	Caamp.0010s0284
OG0002681	Thhalv10000612m.g, Thhalv10000540m.g, Thhalv10000436m.g, Thhalv10002363m.g	Caamp.0010s0285
OG0002682	Thhalv10000167m.g	Caamp.0010s0298, Caamp.1039s0188
OG0002684	Thhalv10026882m.g	Caamp.0012s0121
OG0002685	Thhalv10010901m.g	Caamp.0010s0334
OG0002685	Thhalv10023105m.g, Thhalv10001737m.g, Thhalv10001798m.g	Caamp.0010s0335
OG0002687	Thhalv10016268m.g	Caamp.0013s0032, Caamp.0101s0016
OG0002688	Thhalv10017464m.g	Caamp.0101s0019, Caamp.0013s0035, Caamp.0035s0025, Caamp.0052s0008
OG0002689	Thhalv10016186m.g	Caamp.0101s0039, Caamp.0013s0058
OG0002690	Thhalv10016155m.g	Caamp.0101s0090, Caamp.0097s0718
OG0002691	Thhalv10016739m.g	Caamp.0097s0737, Caamp.0101s0106
OG0002692	Thhalv10017451m.g	Caamp.0097s0744, Caamp.0101s0114, Caamp.0101s0116
OG0002693	Thhalv10023124m.g	Caamp.0080s0011
OG0002693	Thhalv10001887m.g	Caamp.0101s0119
OG0002694	Thhalv10002583m.g	Caamp.0026s0224, Caamp.0013s0149, Caamp.0101s0193, Caamp.0101s0192
OG0002695	Thhalv10017713m.g	Caamp.1031s0249, Caamp.0102s0034
OG0002696	Thhalv10017559m.g	Caamp.0102s0062, Caamp.1031s0223
OG0002697	Thhalv10017350m.g	Caamp.0102s0108, Caamp.1031s0172
OG0002698	Thhalv10016631m.g	Caamp.0102s0119
OG0002699	Thhalv10016225m.g	Caamp.1031s0158, Caamp.0102s0120
OG0002700	Thhalv10016159m.g	Caamp.0102s0125, Caamp.1031s0154
OG0002701	Thhalv10016579m.g	Caamp.1031s0151, Caamp.0102s0126
OG0002702	Thhalv10010913m.g	Caamp.1031s0117, Caamp.0102s0167, Caamp.0044s0248
OG0002703	Thhalv10002989m.g, Thhalv10016142m.g	Caamp.0102s0206, Caamp.1031s0079
OG0002704	Thhalv10017863m.g	Caamp.1031s0077, Caamp.1031s0078, Caamp.0102s0207, Caamp.0102s0208
OG0002705	Thhalv10016589m.g	Caamp.1031s0074, Caamp.0102s0211
OG0002706	Thhalv10016246m.g	Caamp.0102s0222, Caamp.1031s0057
OG0002707	Thhalv10016375m.g	Caamp.0102s0277, Caamp.1031s0008
OG0002708	Thhalv10016367m.g	Caamp.0102s0278, Caamp.1031s0007
OG0002709	Thhalv10017989m.g	Caamp.0102s0319, Caamp.0105s0742
OG0002710	Thhalv10016413m.g	Caamp.0105s0717, Caamp.0102s0346
OG0002712	Thhalv10016620m.g	Caamp.0105s0674, Caamp.0102s0387
OG0002713	Thhalv10012472m.g, Thhalv10016139m.g, Thhalv10019961m.g	Caamp.0102s0398, Caamp.0105s0666
OG0002714	Thhalv10016249m.g	Caamp.0102s0408, Caamp.0105s0657
OG0002715	Thhalv10017222m.g	Caamp.0102s0414, Caamp.0105s0650
OG0002716	Thhalv10017448m.g	Caamp.0102s0422, Caamp.0105s0641
OG0002717	Thhalv10016407m.g	Caamp.0102s0534, Caamp.0105s0534
OG0002718	Thhalv10016153m.g	Caamp.0102s0600, Caamp.0105s0462
OG0002719	Thhalv10028382m.g	Caamp.0102s0611, Caamp.0032s0037, Caamp.0083s0004
OG0002720	Thhalv10016475m.g	Caamp.0102s0615, Caamp.0105s0447
OG0002721	Thhalv10016989m.g	Caamp.0105s0417, Caamp.0102s0641
OG0002722	Thhalv10017406m.g	Caamp.0105s0416, Caamp.0102s0642
OG0002723	Thhalv10016533m.g	Caamp.0105s0397, Caamp.0102s0661
OG0002724	Thhalv10016212m.g	Caamp.0102s0683, Caamp.0105s0374
OG0002727	Thhalv10028395m.g, Thhalv10026980m.g	Caamp.0028s0204, Caamp.0102s0736
OG0002728	Thhalv10003962m.g	Caamp.1035s0370, Caamp.0033s0029, Caamp.0102s0747
OG0002730	Thhalv10028922m.g	Caamp.0102s0767, Caamp.0028s0180
OG0002731	Thhalv10025896m.g, Thhalv10026795m.g	Caamp.0102s0773, Caamp.0028s0172
OG0002732	Thhalv10002077m.g, Thhalv10002036m.g	Caamp.0095s0478, Caamp.0028s0155, Caamp.0023s0193, Caamp.0102s0799
OG0002733	Thhalv10025495m.g, Thhalv10028607m.g	Caamp.0028s0150, Caamp.0102s0810
OG0002734	Thhalv10028406m.g	Caamp.0028s0134, Caamp.0102s0828
OG0002735	Thhalv10029431m.g	Caamp.1033s0889, Caamp.0028s0126, Caamp.0102s0836
OG0002736	Thhalv10029403m.g	Caamp.0102s0844, Caamp.0028s0117
OG0002737	Thhalv10029237m.g	Caamp.0102s0855, Caamp.0028s0108
OG0002738	Thhalv10029009m.g	Caamp.0028s0103, Caamp.0102s0860
OG0002739	Thhalv10029407m.g	Caamp.0102s0861, Caamp.0028s0099
OG0002740	Thhalv10028887m.g	Caamp.0102s0869, Caamp.0028s0092, Caamp.0028s0093
OG0002742	Thhalv10028722m.g	Caamp.0102s0957, Caamp.0028s0018
OG0002743	Thhalv10006437m.g	Caamp.0095s0464, Caamp.0102s1010, Caamp.0049s0037, Caamp.0095s0465
OG0002744	Thhalv10026837m.g, Thhalv10002359m.g	Caamp.1039s0356, Caamp.1027s0112, Caamp.0011s0056, Caamp.1033s0873
OG0002745	Thhalv10000046m.g	Caamp.1039s0151
OG0002745	Thhalv10024448m.g	Caamp.1027s0192
OG0002746	Thhalv10025086m.g	Caamp.1027s0231, Caamp.0094s0161
OG0002747	Thhalv10025731m.g, Thhalv10027846m.g, Thhalv10027845m.g	Caamp.0094s0208, Caamp.1027s0263
OG0002748	Thhalv10000041m.g	Caamp.1039s0219
OG0002748	Thhalv10024365m.g	Caamp.1027s0269, Caamp.0094s0219
OG0002749	Thhalv10025158m.g	Caamp.0094s0230, Caamp.1027s0283
OG0002750	Thhalv10024054m.g, Thhalv10017327m.g	Caamp.0097s0375, Caamp.1031s0173
OG0002751	Thhalv10016538m.g	Caamp.1031s0324
OG0002751	Thhalv10017706m.g, Thhalv10017618m.g	Caamp.0076s1651
OG0002752	Thhalv10016688m.g	Caamp.0076s1597, Caamp.1031s0374
OG0002753	Thhalv10016824m.g	Caamp.0076s1558, Caamp.1031s0410
OG0002753	Thhalv10017904m.g	Caamp.0105s0101, Caamp.0076s1510
OG0002754	Thhalv10017449m.g	Caamp.0076s1531, Caamp.1031s0435
OG0002755	Thhalv10017907m.g	Caamp.0013s0230, Caamp.0013s0283, Caamp.1031s0438
OG0002756	Thhalv10016471m.g	Caamp.0076s1520, Caamp.1031s0446
OG0002757	Thhalv10016237m.g	Caamp.1031s0484, Caamp.0076s1477
OG0002758	Thhalv10017066m.g	Caamp.0076s1464, Caamp.1031s0496, Caamp.0027s0005
OG0002760	Thhalv10001304m.g	Caamp.0076s1452, Caamp.1031s0509
OG0002761	Thhalv10001579m.g	Caamp.1031s0552, Caamp.0076s1418, Caamp.1031s0551
OG0002762	Thhalv10028122m.g	Caamp.0076s1391
OG0002762	Thhalv10001395m.g	Caamp.1031s0581
OG0002763	Thhalv10001386m.g	Caamp.0018s0024
OG0002763	Thhalv10001390m.g	Caamp.1031s0605
OG0002764	Thhalv10001726m.g	Caamp.1031s0620
OG0002764	Thhalv10005886m.g	Caamp.0023s0333, Caamp.0095s0338
OG0002765	Thhalv10027553m.g	Caamp.0018s0046
OG0002765	Thhalv10001473m.g	Caamp.1031s0632
OG0002765	Thhalv10001734m.g	Caamp.0018s0047
OG0002766	Thhalv10001518m.g	Caamp.1031s0653, Caamp.0018s0067
OG0002767	Thhalv10006343m.g	Caamp.0065s0002
OG0002767	Thhalv10001704m.g	Caamp.1031s0673, Caamp.0018s0089
OG0002768	Thhalv10006441m.g	Caamp.1031s0743, Caamp.0018s0162, Caamp.0023s0437, Caamp.0065s0055
OG0002769	Thhalv10005889m.g	Caamp.0023s0438
OG0002769	Thhalv10001309m.g	Caamp.1031s0744
OG0002770	Thhalv10001521m.g	Caamp.0065s0074, Caamp.0023s0459, Caamp.1031s0768
OG0002771	Thhalv10001695m.g	Caamp.0018s0218, Caamp.1031s0795
OG0002772	Thhalv10001283m.g	Caamp.0018s0370, Caamp.1031s0947
OG0002773	Thhalv10006819m.g	Caamp.1033s0018, Caamp.0190s0137
OG0002774	Thhalv10006728m.g	Caamp.0190s0142, Caamp.1033s0024
OG0002775	Thhalv10009188m.g	Caamp.1033s0039, Caamp.0095s1224
OG0002776	Thhalv10007647m.g	Caamp.1033s0055, Caamp.0037s0335
OG0002777	Thhalv10022451m.g	Caamp.0095s0791, Caamp.0095s0792, Caamp.0078s0395, Caamp.0095s0795, Caamp.1033s0183, Caamp.1033s0182
OG0002778	Thhalv10006767m.g	Caamp.1033s0198, Caamp.0037s0481
OG0002779	Thhalv10007096m.g	Caamp.0037s0535, Caamp.1033s0249
OG0002780	Thhalv10006964m.g	Caamp.0037s0635, Caamp.1033s0347
OG0002781	Thhalv10006951m.g	Caamp.0037s0679, Caamp.1033s0400
OG0002782	Thhalv10006862m.g	Caamp.1033s0401, Caamp.0037s0680
OG0002783	Thhalv10007180m.g, Thhalv10006942m.g	Caamp.0070s0037, Caamp.1033s0505
OG0002784	Thhalv10008005m.g	Caamp.1033s0533, Caamp.0070s0014
OG0002785	Thhalv10009770m.g	Caamp.0070s0001, Caamp.1033s0542
OG0002786	Thhalv10009350m.g, Thhalv10007172m.g	Caamp.0078s0610, Caamp.1033s0546
OG0002787	Thhalv10022511m.g, Thhalv10008016m.g	Caamp.1033s0604, Caamp.0007s0012
OG0002788	Thhalv10006600m.g, Thhalv10006599m.g	Caamp.0007s0031, Caamp.1033s0628
OG0002789	Thhalv10006559m.g	Caamp.1033s0670
OG0002789	Thhalv10006558m.g	Caamp.1033s0671
OG0002790	Thhalv10017028m.g	Caamp.1033s0697
OG0002790	Thhalv10008349m.g	Caamp.0007s0089
OG0002791	Thhalv10007252m.g, Thhalv10009675m.g	Caamp.0007s0094, Caamp.1033s0702
OG0002792	Thhalv10006810m.g	Caamp.1033s0716, Caamp.0007s0105
OG0002793	Thhalv10007193m.g	Caamp.0007s0183, Caamp.1033s0790
OG0002794	Thhalv10028974m.g, Thhalv10023695m.g	Caamp.0007s0382, Caamp.1033s0886
OG0002795	Thhalv10008894m.g, Thhalv10008954m.g	Caamp.1033s0902, Caamp.0007s0289
OG0002796	Thhalv10009296m.g	Caamp.1033s0924, Caamp.0007s0306
OG0002797	Thhalv10022707m.g	Caamp.0093s0014, Caamp.0095s1275, Caamp.1033s0933
OG0002798	Thhalv10007077m.g	Caamp.1033s0936, Caamp.0007s0317
OG0002799	Thhalv10008341m.g	Caamp.1033s0937, Caamp.0007s0319
OG0002800	Thhalv10029422m.g	Caamp.1033s0948
OG0002800	Thhalv10008144m.g	Caamp.0007s0344
OG0002801	Thhalv10001872m.g	Caamp.1033s0998, Caamp.0007s0393
OG0002802	Thhalv10001809m.g	Caamp.1033s1050, Caamp.0008s0026
OG0002803	Thhalv10001835m.g	Caamp.1033s1052, Caamp.0008s0028
OG0002804	Thhalv10004238m.g	Caamp.1035s0012, Caamp.0002s0281, Caamp.1035s0011
OG0002805	Thhalv10010543m.g	Caamp.0078s0096, Caamp.0026s0504
OG0002805	Thhalv10004623m.g	Caamp.1035s0015, Caamp.0033s0375
OG0002806	Thhalv10005551m.g	Caamp.0033s0261, Caamp.1035s0137
OG0002806	Thhalv10015634m.g	Caamp.1041s1021
OG0002807	Thhalv10015138m.g	Caamp.1041s0992
OG0002807	Thhalv10005190m.g	Caamp.1035s0180
OG0002808	Thhalv10015230m.g	Caamp.1038s0490, Caamp.1041s0943
OG0002808	Thhalv10005241m.g	Caamp.1035s0256, Caamp.0033s0152
OG0002809	Thhalv10004138m.g	Caamp.0033s0126
OG0002809	Thhalv10010337m.g	Caamp.1035s0278
OG0002810	Thhalv10003755m.g	Caamp.1035s0358
OG0002810	Thhalv10010954m.g	Caamp.0033s0043
OG0002811	Thhalv10004417m.g, Thhalv10000666m.g, Thhalv10026429m.g, Thhalv10010049m.g	Caamp.1035s0388, Caamp.0033s0012
OG0002812	Thhalv10004690m.g	Caamp.1035s0410, Caamp.0120s1007
OG0002813	Thhalv10003594m.g	Caamp.1035s0429
OG0002814	Thhalv10003645m.g	Caamp.0120s0984
OG0002814	Thhalv10023276m.g, Thhalv10011002m.g	Caamp.1035s0440
OG0002815	Thhalv10003587m.g	Caamp.1035s0489, Caamp.0120s0938
OG0002816	Thhalv10011035m.g, Thhalv10003733m.g	Caamp.1035s0522, Caamp.0120s0798
OG0002817	Thhalv10003782m.g	Caamp.1035s0527, Caamp.0120s0804
OG0002818	Thhalv10005394m.g	Caamp.0120s0872, Caamp.1035s0582
OG0002819	Thhalv10005438m.g	Caamp.1035s0588
OG0002819	Thhalv10014556m.g	Caamp.1041s0257, Caamp.1038s0531
OG0002820	Thhalv10013886m.g	Caamp.1035s0592, Caamp.1041s0259, Caamp.1038s0533
OG0002821	Thhalv10003608m.g	Caamp.1035s0613, Caamp.0041s0017, Caamp.0120s0900
OG0002822	Thhalv10004527m.g	Caamp.1035s0638, Caamp.0120s0779
OG0002823	Thhalv10004336m.g	Caamp.1035s0644, Caamp.0120s0771
OG0002824	Thhalv10004073m.g	Caamp.1035s0672
OG0002824	Thhalv10004071m.g	Caamp.1035s0673
OG0002825	Thhalv10014490m.g	Caamp.1038s0240
OG0002825	Thhalv10004916m.g	Caamp.1035s0748
OG0002826	Thhalv10020542m.g	Caamp.0303s0096
OG0002826	Thhalv10005607m.g	Caamp.1035s0758
OG0002827	Thhalv10004500m.g	Caamp.1035s0759, Caamp.0120s0651, Caamp.0120s0652
OG0002828	Thhalv10020835m.g	Caamp.0303s0112, Caamp.0214s0459
OG0002828	Thhalv10004319m.g	Caamp.1035s0784, Caamp.0120s0623
OG0002829	Thhalv10003867m.g	Caamp.0120s0618, Caamp.1035s0790
OG0002830	Thhalv10003617m.g	Caamp.1035s0793, Caamp.0120s0615
OG0002831	Thhalv10000673m.g, Thhalv10005162m.g	Caamp.1035s0813, Caamp.0120s0590
OG0002832	Thhalv10019994m.g, Thhalv10003560m.g	Caamp.1035s0827, Caamp.0120s0578
OG0002833	Thhalv10004605m.g	Caamp.0214s0515, Caamp.0303s0171, Caamp.1035s0836, Caamp.0120s0570
OG0002834	Thhalv10003908m.g	Caamp.1035s0885, Caamp.0120s0529
OG0002835	Thhalv10021298m.g	Caamp.0303s0217
OG0002835	Thhalv10004764m.g	Caamp.1035s0887
OG0002836	Thhalv10003625m.g	Caamp.0120s0515, Caamp.1035s0899
OG0002837	Thhalv10004408m.g	Caamp.1035s0903, Caamp.0120s0511
OG0002838	Thhalv10005268m.g	Caamp.0120s0482, Caamp.1035s0932
OG0002839	Thhalv10003919m.g	Caamp.1035s0949
OG0002839	Thhalv10020401m.g	Caamp.0214s0364
OG0002840	Thhalv10003524m.g	Caamp.1035s0958, Caamp.0120s0458
OG0002841	Thhalv10004684m.g	Caamp.1035s0987, Caamp.0012s0101
OG0002842	Thhalv10020204m.g	Caamp.1035s1006, Caamp.0078s0646, Caamp.0214s0320
OG0002843	Thhalv10003785m.g	Caamp.1035s1015, Caamp.0120s0407
OG0002844	Thhalv10003546m.g	Caamp.1035s1028, Caamp.0120s0394
OG0002845	Thhalv10002570m.g	Caamp.1035s1030
OG0002845	Thhalv10003993m.g	Caamp.0120s0392
OG0002846	Thhalv10021695m.g	Caamp.0214s0293, Caamp.0078s0676, Caamp.0120s0390, Caamp.1035s1032
OG0002847	Thhalv10005600m.g	Caamp.0120s0374, Caamp.1035s1048
OG0002848	Thhalv10005597m.g	Caamp.1035s1073, Caamp.0120s0348
OG0002849	Thhalv10004119m.g	Caamp.1035s1161, Caamp.0120s0265
OG0002850	Thhalv10005682m.g	Caamp.1035s1164, Caamp.0120s0262
OG0002851	Thhalv10003632m.g	Caamp.0120s0214, Caamp.1035s1207
OG0002852	Thhalv10004746m.g	Caamp.1035s1248, Caamp.0120s0172
OG0002852	Thhalv10028138m.g	Caamp.1041s0107, Caamp.0044s0091
OG0002853	Thhalv10003939m.g	Caamp.1035s1277, Caamp.0120s0145
OG0002854	Thhalv10003563m.g	Caamp.1035s1317
OG0002854	Thhalv10028287m.g	Caamp.0120s0108
OG0002855	Thhalv10005186m.g, Thhalv10005184m.g	Caamp.1035s1330, Caamp.0120s0096
OG0002856	Thhalv10005711m.g	Caamp.1035s1346, Caamp.0120s0086
OG0002856	Thhalv10007334m.g	Caamp.0188s0452
OG0002857	Thhalv10004848m.g	Caamp.1035s1382, Caamp.0076s1140, Caamp.0120s0052
OG0002858	Thhalv10008837m.g	Caamp.1035s1463, Caamp.0188s0999
OG0002859	Thhalv10009621m.g	Caamp.0188s0972, Caamp.1035s1490
OG0002860	Thhalv10013595m.g	Caamp.1036s0016, Caamp.1037s0360
OG0002861	Thhalv10013440m.g	Caamp.1036s0029, Caamp.1037s0346
OG0002862	Thhalv10020592m.g	Caamp.0214s0614, Caamp.0303s0281
OG0002862	Thhalv10015448m.g	Caamp.1036s0036
OG0002863	Thhalv10014755m.g	Caamp.1036s0042
OG0002863	Thhalv10021561m.g	Caamp.0214s0621
OG0002864	Thhalv10015170m.g	Caamp.1037s0335, Caamp.1036s0044, Caamp.1038s0026, Caamp.1041s1408
OG0002865	Thhalv10015111m.g	Caamp.1036s0151
OG0002866	Thhalv10014979m.g	Caamp.1036s0167
OG0002866	Thhalv10012470m.g	Caamp.1041s1557, Caamp.1036s0221
OG0002867	Thhalv10013528m.g	Caamp.1036s0185, Caamp.1037s0195
OG0002868	Thhalv10012466m.g	Caamp.1036s0214, Caamp.1041s1564
OG0002869	Thhalv10012533m.g	Caamp.1036s0215, Caamp.1041s1563
OG0002870	Thhalv10015375m.g	Caamp.1041s1561, Caamp.1036s0217
OG0002870	Thhalv10021586m.g	Caamp.0303s0411
OG0002871	Thhalv10015228m.g, Thhalv10015740m.g, Thhalv10015857m.g	Caamp.1036s0243, Caamp.1041s1535
OG0002872	Thhalv10015108m.g	Caamp.1036s0260, Caamp.1041s1519, Caamp.1041s1713
OG0002873	Thhalv10014892m.g	Caamp.0052s0462, Caamp.1036s0264, Caamp.1041s1516
OG0002874	Thhalv10018709m.g	Caamp.0303s0811, Caamp.1036s0302
OG0002876	Thhalv10018595m.g	Caamp.0303s0934, Caamp.1036s0439
OG0002877	Thhalv10019150m.g	Caamp.0303s0939, Caamp.0190s1228, Caamp.1036s0443
OG0002878	Thhalv10018902m.g	Caamp.1036s0456, Caamp.1036s0449, Caamp.0303s0948
OG0002879	Thhalv10019038m.g	Caamp.0303s0946, Caamp.1036s0454
OG0002880	Thhalv10018068m.g	Caamp.1036s0479, Caamp.0303s0965
OG0002881	Thhalv10018073m.g	Caamp.1036s0523, Caamp.0303s1006
OG0002882	Thhalv10027994m.g	Caamp.0097s0792, Caamp.1036s0552, Caamp.0097s0790
OG0002883	Thhalv10026438m.g	Caamp.0094s0513
OG0002883	Thhalv10024051m.g	Caamp.0094s0514, Caamp.1036s0554, Caamp.1036s0557
OG0002884	Thhalv10027959m.g	Caamp.1036s0586, Caamp.0097s0834
OG0002886	Thhalv10027627m.g	Caamp.1036s0604
OG0002886	Thhalv10012491m.g	Caamp.1038s1155, Caamp.0105s1948
OG0002887	Thhalv10028469m.g	Caamp.1037s0028, Caamp.1040s0033
OG0002887	Thhalv10006930m.g	Caamp.0275s0067, Caamp.0188s1114
OG0002888	Thhalv10007855m.g	Caamp.0275s0050
OG0002888	Thhalv10028608m.g	Caamp.1037s0051
OG0002889	Thhalv10028389m.g	Caamp.1040s0104, Caamp.1037s0090
OG0002890	Thhalv10028754m.g	Caamp.1037s0113, Caamp.1037s0112
OG0002891	Thhalv10029217m.g	Caamp.1040s0173, Caamp.1037s0161
OG0002892	Thhalv10028804m.g	Caamp.1037s0172, Caamp.1040s0187
OG0002893	Thhalv10013982m.g	Caamp.1037s0375, Caamp.0105s0783
OG0002893	Thhalv10013941m.g	Caamp.1037s0376, Caamp.0105s0784
OG0002894	Thhalv10015229m.g	Caamp.0214s0410
OG0002894	Thhalv10022246m.g	Caamp.0105s0797, Caamp.1037s0384
OG0002895	Thhalv10013265m.g	Caamp.1037s0424, Caamp.0105s0840
OG0002896	Thhalv10013503m.g	Caamp.0105s0864, Caamp.1037s0451
OG0002897	Thhalv10013833m.g	Caamp.0105s0869, Caamp.1037s0457
OG0002897	Thhalv10002037m.g	Caamp.0008s0169
OG0002898	Thhalv10014585m.g	Caamp.1037s0467, Caamp.0105s0877
OG0002899	Thhalv10013659m.g	Caamp.1037s0506
OG0002899	Thhalv10013657m.g	Caamp.1037s0505, Caamp.0052s0636
OG0002900	Thhalv10015868m.g	Caamp.1037s0539, Caamp.0052s0600
OG0002901	Thhalv10014385m.g	Caamp.1037s0584, Caamp.0052s0557
OG0002902	Thhalv10012448m.g	Caamp.1037s0590, Caamp.0052s0551
OG0002903	Thhalv10013113m.g	Caamp.1040s0248, Caamp.1037s0600
OG0002903	Thhalv10013093m.g	Caamp.1040s0247
OG0002904	Thhalv10013910m.g	Caamp.0097s0073, Caamp.1037s0629, Caamp.1040s0277
OG0002905	Thhalv10013826m.g, Thhalv10028736m.g, Thhalv10029476m.g	Caamp.1037s0632, Caamp.0064s0605
OG0002906	Thhalv10014297m.g	Caamp.1037s0640
OG0002906	Thhalv10010623m.g	Caamp.0097s0086, Caamp.0005s0030
OG0002907	Thhalv10015069m.g	Caamp.1037s0663, Caamp.1040s0313
OG0002908	Thhalv10012547m.g	Caamp.1040s0320, Caamp.1037s0672
OG0002909	Thhalv10014063m.g	Caamp.1037s0699, Caamp.1040s0346
OG0002910	Thhalv10003115m.g	Caamp.0097s0196
OG0002910	Thhalv10002519m.g	Caamp.1040s0404
OG0002910	Thhalv10013333m.g	Caamp.1037s0763
OG0002911	Thhalv10012604m.g	Caamp.1040s0542, Caamp.1037s0906
OG0002912	Thhalv10015922m.g, Thhalv10012463m.g	Caamp.1037s0946, Caamp.1040s0581
OG0002913	Thhalv10015296m.g	Caamp.1037s0953, Caamp.1040s0588
OG0002914	Thhalv10013455m.g	Caamp.1040s0596, Caamp.1037s0961
OG0002915	Thhalv10012995m.g	Caamp.1037s1018, Caamp.1037s1020, Caamp.1040s0650
OG0002916	Thhalv10013517m.g	Caamp.1040s0671, Caamp.1037s1038
OG0002917	Thhalv10015218m.g	Caamp.0094s0869, Caamp.1041s0458, Caamp.1037s1044, Caamp.1040s0677
OG0002918	Thhalv10027319m.g	Caamp.0003s0027
OG0002918	Thhalv10015369m.g	Caamp.1040s0731, Caamp.1037s1098
OG0002919	Thhalv10012859m.g	Caamp.0095s0268, Caamp.1040s0790, Caamp.1037s1154
OG0002920	Thhalv10014662m.g	Caamp.1040s0806, Caamp.1037s1168
OG0002921	Thhalv10013811m.g	Caamp.1040s0818, Caamp.1037s1179
OG0002922	Thhalv10012607m.g	Caamp.1037s1234, Caamp.1040s0853
OG0002923	Thhalv10012622m.g	Caamp.1037s1235, Caamp.1040s0852
OG0002924	Thhalv10012765m.g	Caamp.1037s1255, Caamp.1040s0913
OG0002925	Thhalv10013387m.g	Caamp.1040s0917, Caamp.1037s1259
OG0002926	Thhalv10021919m.g	Caamp.0076s1320, Caamp.1037s1375, Caamp.1039s0669
OG0002927	Thhalv10015233m.g	Caamp.1040s1054, Caamp.1037s1391
OG0002928	Thhalv10026876m.g	Caamp.0003s0083, Caamp.0190s0445
OG0002928	Thhalv10013050m.g	Caamp.1037s1430
OG0002929	Thhalv10025794m.g	Caamp.1037s1446, Caamp.0003s0087, Caamp.0190s0449
OG0002930	Thhalv10015563m.g	Caamp.1037s1485
OG0002930	Thhalv10015344m.g	Caamp.1040s1151
OG0002931	Thhalv10013065m.g	Caamp.1040s1166
OG0002931	Thhalv10015735m.g	Caamp.1040s1169
OG0002932	Thhalv10014694m.g	Caamp.1040s1181, Caamp.1037s1520
OG0002933	Thhalv10012482m.g	Caamp.1037s1531, Caamp.1040s1189
OG0002934	Thhalv10015015m.g	Caamp.1040s1205, Caamp.1037s1545
OG0002935	Thhalv10025730m.g	Caamp.0190s0533, Caamp.1037s1628
OG0002936	Thhalv10019673m.g, Thhalv10019742m.g, Thhalv10019431m.g	Caamp.0019s0066
OG0002936	Thhalv10002317m.g	Caamp.1037s1643, Caamp.0019s0107, Caamp.0095s1365
OG0002938	Thhalv10012589m.g	Caamp.1037s1768
OG0002938	Thhalv10012584m.g	Caamp.1037s1766
OG0002939	Thhalv10013984m.g	Caamp.1041s1428, Caamp.1038s0009
OG0002940	Thhalv10012902m.g	Caamp.1041s1370, Caamp.1038s0063
OG0002941	Thhalv10014070m.g	Caamp.1038s0070, Caamp.1041s1363
OG0002942	Thhalv10013745m.g	Caamp.1038s0090, Caamp.1041s1341
OG0002943	Thhalv10029536m.g, Thhalv10013654m.g	Caamp.1038s0111, Caamp.1041s1319
OG0002944	Thhalv10012956m.g	Caamp.1038s0176, Caamp.1041s1254
OG0002945	Thhalv10013593m.g	Caamp.1038s0305, Caamp.1041s1129
OG0002946	Thhalv10014866m.g	Caamp.1038s0324
OG0002947	Thhalv10012483m.g	Caamp.1041s1105, Caamp.1038s0327
OG0002948	Thhalv10015920m.g	Caamp.1038s0331
OG0002948	Thhalv10000203m.g	Caamp.1041s1102
OG0002949	Thhalv10014285m.g	Caamp.1038s0359, Caamp.1041s1075, Caamp.0058s0059
OG0002950	Thhalv10014136m.g	Caamp.1041s1029
OG0002950	Thhalv10014138m.g	Caamp.1038s0401
OG0002951	Thhalv10014875m.g	Caamp.1038s0409
OG0002952	Thhalv10013419m.g	Caamp.1038s0413, Caamp.1040s1454, Caamp.1041s1015
OG0002953	Thhalv10015495m.g	Caamp.1038s0450, Caamp.1041s0976
OG0002954	Thhalv10003117m.g, Thhalv10014820m.g, Thhalv10002896m.g	Caamp.1038s0477, Caamp.1041s0954
OG0002955	Thhalv10014894m.g	Caamp.1038s0549, Caamp.1041s0276
OG0002956	Thhalv10019273m.g	Caamp.0006s0425, Caamp.0076s0298
OG0002956	Thhalv10014911m.g	Caamp.1038s0550, Caamp.1041s0277
OG0002957	Thhalv10014211m.g	Caamp.1041s0285, Caamp.1038s0558
OG0002958	Thhalv10013901m.g	Caamp.0105s1405, Caamp.1038s0620
OG0002958	Thhalv10004453m.g	Caamp.0120s0982
OG0002959	Thhalv10012512m.g	Caamp.0105s1452, Caamp.1038s0662
OG0002960	Thhalv10014077m.g	Caamp.1038s0671
OG0002960	Thhalv10014071m.g	Caamp.1038s0672, Caamp.1038s0670
OG0002961	Thhalv10012516m.g	Caamp.0105s1529, Caamp.1038s0744
OG0002962	Thhalv10013402m.g	Caamp.0105s1549, Caamp.1038s0763, Caamp.1038s1081
OG0002963	Thhalv10013039m.g	Caamp.1038s0803
OG0002963	Thhalv10020409m.g, Thhalv10015240m.g	Caamp.0105s1586
OG0002964	Thhalv10022417m.g	Caamp.1038s0941
OG0002964	Thhalv10015440m.g, Thhalv10003096m.g	Caamp.0052s0332
OG0002965	Thhalv10014245m.g	Caamp.1038s0950, Caamp.0105s1742
OG0002966	Thhalv10014286m.g	Caamp.0105s1866, Caamp.1038s1016
OG0002967	Thhalv10013276m.g	Caamp.0105s1921, Caamp.0105s1800, Caamp.1038s1116
OG0002968	Thhalv10012840m.g	Caamp.0105s1944
OG0002968	Thhalv10020180m.g	Caamp.1038s1147
OG0002969	Thhalv10021618m.g	Caamp.1038s1148, Caamp.0078s0746, Caamp.0078s0745, Caamp.0214s0226
OG0002970	Thhalv10026588m.g	Caamp.0012s0130, Caamp.0088s0026
OG0002970	Thhalv10000560m.g	Caamp.0096s0005, Caamp.1039s0137
OG0002971	Thhalv10000036m.g	Caamp.1039s0144, Caamp.0096s0015
OG0002972	Thhalv10000309m.g	Caamp.1039s0169
OG0002973	Thhalv10000431m.g, Thhalv10002158m.g	Caamp.0303s1019, Caamp.0018s0216, Caamp.0076s1607, Caamp.0018s0221
OG0002973	Thhalv10002193m.g	Caamp.1039s0382
OG0002974	Thhalv10006379m.g, Thhalv10005761m.g	Caamp.1039s0459, Caamp.0095s0600
OG0002975	Thhalv10020378m.g	Caamp.1039s0490, Caamp.0078s1082
OG0002976	Thhalv10011546m.g	Caamp.0046s0030
OG0002976	Thhalv10020844m.g	Caamp.0078s1120
OG0002977	Thhalv10011835m.g	Caamp.0046s0056, Caamp.1039s0556, Caamp.0078s1152, Caamp.0037s0056
OG0002978	Thhalv10021143m.g	Caamp.0078s1153, Caamp.0044s0265, Caamp.1039s0557
OG0002979	Thhalv10011364m.g	Caamp.0037s0065, Caamp.0046s0065
OG0002979	Thhalv10020433m.g	Caamp.0078s1156, Caamp.1039s0560
OG0002981	Thhalv10021351m.g	Caamp.0078s1176, Caamp.1039s0578
OG0002982	Thhalv10020139m.g	Caamp.0078s1185, Caamp.1039s0589
OG0002983	Thhalv10022079m.g, Thhalv10021584m.g	Caamp.0078s1187, Caamp.1039s0592
OG0002984	Thhalv10020137m.g	Caamp.1039s0609, Caamp.0078s1207
OG0002985	Thhalv10022156m.g	Caamp.0078s1216, Caamp.0037s0362, Caamp.1039s0617
OG0002987	Thhalv10011865m.g	Caamp.0037s0131, Caamp.0046s0140, Caamp.1039s0641
OG0002988	Thhalv10011343m.g	Caamp.0037s0151
OG0002988	Thhalv10020354m.g	Caamp.1039s0657
OG0002989	Thhalv10021088m.g, Thhalv10011710m.g	Caamp.0076s1317, Caamp.1039s0666
OG0002990	Thhalv10011465m.g	Caamp.0076s1343, Caamp.1039s0697, Caamp.0037s0187, Caamp.0040s0210
OG0002991	Thhalv10019958m.g	Caamp.0076s1342, Caamp.1039s0698
OG0002992	Thhalv10021634m.g	Caamp.0105s0050, Caamp.0105s0033
OG0002992	Thhalv10021630m.g	Caamp.1039s0786
OG0002993	Thhalv10020188m.g	Caamp.0105s0079, Caamp.1039s0816
OG0002994	Thhalv10020153m.g, Thhalv10023042m.g	Caamp.0051s0087, Caamp.1039s0823
OG0002995	Thhalv10021690m.g	Caamp.1039s0840
OG0002995	Thhalv10012304m.g	Caamp.0037s0296
OG0002996	Thhalv10021095m.g	Caamp.0051s0116, Caamp.1039s0852
OG0002997	Thhalv10019978m.g	Caamp.1039s0906
OG0002997	Thhalv10024253m.g	Caamp.0051s0173
OG0002998	Thhalv10021601m.g	Caamp.1039s0926, Caamp.0051s0192, Caamp.0051s0193
OG0002999	Thhalv10020123m.g	Caamp.1039s0963, Caamp.0113s0001, Caamp.0026s0447
OG0003000	Thhalv10020954m.g	Caamp.0051s0244, Caamp.1039s0978
OG0003001	Thhalv10021520m.g	Caamp.0051s0256, Caamp.1039s0992
OG0003002	Thhalv10020020m.g	Caamp.1039s1000, Caamp.0051s0264
OG0003003	Thhalv10012202m.g, Thhalv10021576m.g	Caamp.0051s0307, Caamp.1039s1046
OG0003004	Thhalv10022284m.g	Caamp.0051s0332, Caamp.0064s0744, Caamp.1039s1070
OG0003005	Thhalv10021527m.g	Caamp.1039s1087, Caamp.0051s0348
OG0003006	Thhalv10022433m.g	Caamp.1039s1092
OG0003006	Thhalv10024590m.g	Caamp.0105s1163
OG0003006	Thhalv10023190m.g	Caamp.0094s0448
OG0003007	Thhalv10021239m.g	Caamp.1039s1114, Caamp.0064s0784, Caamp.0051s0376
OG0003008	Thhalv10020191m.g	Caamp.1039s1168, Caamp.0053s0024
OG0003009	Thhalv10020134m.g	Caamp.0053s0025, Caamp.1039s1169
OG0003010	Thhalv10021197m.g	Caamp.0053s0041, Caamp.1039s1184
OG0003011	Thhalv10020769m.g	Caamp.0053s0044, Caamp.1039s1187
OG0003012	Thhalv10020208m.g	Caamp.1039s1203, Caamp.0053s0055
OG0003013	Thhalv10000828m.g, Thhalv10000947m.g, Thhalv10020929m.g	Caamp.0053s0077, Caamp.1039s1226
OG0003014	Thhalv10011119m.g, Thhalv10024125m.g	Caamp.1039s1238, Caamp.0053s0088
OG0003015	Thhalv10021500m.g	Caamp.1039s1244, Caamp.0053s0092
OG0003016	Thhalv10020292m.g	Caamp.1039s1258, Caamp.0053s0104
OG0003017	Thhalv10021813m.g	Caamp.0053s0126, Caamp.1039s1276
OG0003018	Thhalv10020913m.g	Caamp.0053s0122, Caamp.1039s1278
OG0003019	Thhalv10019954m.g	Caamp.1039s1289, Caamp.0053s0137
OG0003020	Thhalv10020406m.g, Thhalv10020403m.g	Caamp.0053s0143, Caamp.1039s1296
OG0003020	Thhalv10020439m.g	Caamp.1039s1297
OG0003021	Thhalv10015788m.g	Caamp.1039s1316
OG0003021	Thhalv10022403m.g	Caamp.0076s1160
OG0003022	Thhalv10020360m.g	Caamp.0053s0179, Caamp.1039s1341
OG0003023	Thhalv10020869m.g	Caamp.1039s1343, Caamp.0053s0181
OG0003023	Thhalv10020526m.g	Caamp.1039s1344
OG0003024	Thhalv10021082m.g	Caamp.0190s1358, Caamp.1039s1348, Caamp.0190s1359
OG0003025	Thhalv10021013m.g, Thhalv10022022m.g	Caamp.1041s1864, Caamp.1039s1390
OG0003026	Thhalv10021807m.g	Caamp.0076s1152, Caamp.1039s1409
OG0003027	Thhalv10027991m.g	Caamp.1039s1562, Caamp.1039s1410
OG0003028	Thhalv10021330m.g	Caamp.0076s1153, Caamp.1039s1411
OG0003029	Thhalv10022050m.g, Thhalv10021982m.g	Caamp.1039s1417, Caamp.0076s1159
OG0003030	Thhalv10020829m.g	Caamp.0076s1174, Caamp.1039s1429
OG0003031	Thhalv10021557m.g	Caamp.0076s1175, Caamp.1039s1430
OG0003032	Thhalv10022265m.g, Thhalv10021823m.g	Caamp.0076s1183, Caamp.1039s1439
OG0003033	Thhalv10024854m.g, Thhalv10020317m.g	Caamp.0076s1225, Caamp.1039s1479
OG0003034	Thhalv10002665m.g	Caamp.1039s1529, Caamp.0076s1276
OG0003035	Thhalv10002883m.g	Caamp.1039s1600, Caamp.0221s0002, Caamp.0026s0041
OG0003036	Thhalv10002872m.g	Caamp.1039s1606, Caamp.0026s0047
OG0003037	Thhalv10002666m.g	Caamp.1039s1628, Caamp.0026s0078
OG0003038	Thhalv10002684m.g	Caamp.1039s1629, Caamp.0026s0079
OG0003039	Thhalv10002458m.g	Caamp.0026s0081, Caamp.1039s1631
OG0003040	Thhalv10002843m.g	Caamp.1039s1633, Caamp.0026s0082
OG0003041	Thhalv10002368m.g	Caamp.1039s1634, Caamp.0026s0083
OG0003042	Thhalv10002679m.g	Caamp.1039s1653, Caamp.0026s0107
OG0003043	Thhalv10002612m.g	Caamp.0026s0125, Caamp.1039s1665
OG0003044	Thhalv10002557m.g	Caamp.0026s0154, Caamp.1039s1691, Caamp.0095s1385
OG0003045	Thhalv10002884m.g	Caamp.1039s1692, Caamp.0026s0155
OG0003046	Thhalv10028601m.g	Caamp.1040s0042
OG0003046	Thhalv10007431m.g	Caamp.0275s0064, Caamp.0188s1117
OG0003047	Thhalv10009715m.g	Caamp.0188s1004
OG0003047	Thhalv10029529m.g	Caamp.1040s0201, Caamp.1041s1587
OG0003048	Thhalv10029091m.g	Caamp.1040s0203, Caamp.1041s1589
OG0003049	Thhalv10010178m.g	Caamp.0078s0259, Caamp.0095s1029, Caamp.1041s1620, Caamp.1040s0236
OG0003050	Thhalv10013885m.g	Caamp.0097s0077, Caamp.1040s0282
OG0003051	Thhalv10013273m.g	Caamp.1040s0578
OG0003052	Thhalv10013652m.g, Thhalv10015729m.g, Thhalv10013318m.g	Caamp.1040s0740, Caamp.0005s0061
OG0003053	Thhalv10014047m.g, Thhalv10015615m.g, Thhalv10026958m.g	Caamp.1040s0945
OG0003055	Thhalv10023981m.g, Thhalv10016046m.g, Thhalv10015778m.g, Thhalv10015809m.g	Caamp.1040s1304, Caamp.0105s1618
OG0003059	Thhalv10027931m.g	Caamp.0044s0041, Caamp.1041s0053
OG0003060	Thhalv10009994m.g, Thhalv10027696m.g	Caamp.0044s0053, Caamp.1041s0070
OG0003061	Thhalv10028016m.g	Caamp.1041s0088, Caamp.0044s0077, Caamp.0120s0154
OG0003062	Thhalv10027630m.g	Caamp.0044s0142, Caamp.1041s0097, Caamp.1041s0164
OG0003063	Thhalv10027855m.g	Caamp.0044s0099, Caamp.1041s0117
OG0003064	Thhalv10028148m.g	Caamp.0044s0101
OG0003064	Thhalv10028030m.g	Caamp.0044s0100
OG0003065	Thhalv10027875m.g	Caamp.0190s0147, Caamp.1041s0135, Caamp.0044s0117
OG0003066	Thhalv10028133m.g	Caamp.0020s0054
OG0003066	Thhalv10027671m.g	Caamp.1041s0142
OG0003067	Thhalv10028039m.g	Caamp.0044s0131, Caamp.1041s0150
OG0003068	Thhalv10001159m.g, Thhalv10027462m.g, Thhalv10024080m.g	Caamp.1041s0151
OG0003069	Thhalv10028027m.g, Thhalv10028026m.g	Caamp.0113s0031, Caamp.1041s0212, Caamp.1041s0211, Caamp.1041s0214
OG0003070	Thhalv10027966m.g, Thhalv10027971m.g	Caamp.0044s0210
OG0003071	Thhalv10014525m.g	Caamp.1041s0981
OG0003071	Thhalv10027899m.g	Caamp.1041s0237, Caamp.0044s0217
OG0003072	Thhalv10025087m.g	Caamp.0094s0817, Caamp.1041s0403
OG0003072	Thhalv10022703m.g	Caamp.0095s1214, Caamp.0093s0086
OG0003073	Thhalv10022941m.g	Caamp.0094s0824
OG0003073	Thhalv10026682m.g	Caamp.0093s0081
OG0003074	Thhalv10024227m.g	Caamp.1041s0437, Caamp.0094s0849
OG0003075	Thhalv10026375m.g	Caamp.1041s0462, Caamp.0020s0081, Caamp.0094s0871
OG0003076	Thhalv10024372m.g	Caamp.1041s0522
OG0003076	Thhalv10026923m.g	Caamp.1041s0495
OG0003077	Thhalv10027564m.g	Caamp.1041s0513
OG0003077	Thhalv10023924m.g, Thhalv10027145m.g, Thhalv10026870m.g	Caamp.0094s0925, Caamp.0105s0905
OG0003078	Thhalv10024219m.g	Caamp.1041s0546, Caamp.0094s0958
OG0003079	Thhalv10026155m.g	Caamp.1041s0553, Caamp.0094s0967
OG0003080	Thhalv10024944m.g	Caamp.0094s1019, Caamp.1041s0614
OG0003081	Thhalv10011268m.g	Caamp.0064s0858, Caamp.1041s0645
OG0003082	Thhalv10011301m.g	Caamp.1041s0658, Caamp.0064s0845
OG0003083	Thhalv10011415m.g	Caamp.1041s0662, Caamp.0064s0839
OG0003084	Thhalv10012254m.g, Thhalv10011739m.g	Caamp.1041s0691
OG0003085	Thhalv10011829m.g, Thhalv10011565m.g	Caamp.1041s0695, Caamp.0064s0807
OG0003087	Thhalv10012313m.g	Caamp.1041s0721, Caamp.0064s0782
OG0003088	Thhalv10011874m.g	Caamp.0064s0756
OG0003088	Thhalv10021804m.g	Caamp.1041s0749
OG0003089	Thhalv10022196m.g, Thhalv10011361m.g	Caamp.0064s0715, Caamp.1041s0785
OG0003090	Thhalv10011892m.g	Caamp.1041s0799
OG0003091	Thhalv10011863m.g	Caamp.0004s0047, Caamp.1041s0800
OG0003092	Thhalv10011191m.g	Caamp.1041s0802
OG0003092	Thhalv10021181m.g	Caamp.0064s0688
OG0003093	Thhalv10027755m.g	Caamp.1041s0832, Caamp.0097s0427
OG0003094	Thhalv10027729m.g, Thhalv10005881m.g, Thhalv10013284m.g	Caamp.1041s0857, Caamp.0044s0263
OG0003095	Thhalv10022409m.g	Caamp.1041s0903, Caamp.0044s0225
OG0003095	Thhalv10023074m.g	Caamp.0303s0300
OG0003095	Thhalv10027499m.g	Caamp.0214s0629
OG0003096	Thhalv10014744m.g	Caamp.1041s1066
OG0003097	Thhalv10012461m.g	Caamp.0076s0021, Caamp.1041s1446
OG0003098	Thhalv10015333m.g	Caamp.1041s1468, Caamp.0076s0042
OG0003099	Thhalv10007148m.g	Caamp.0188s0982
OG0003099	Thhalv10028524m.g	Caamp.1041s1616
OG0003101	Thhalv10028432m.g	Caamp.1041s1649, Caamp.0052s0523
OG0003102	Thhalv10028434m.g	Caamp.1041s1669, Caamp.0052s0507
OG0003103	Thhalv10028637m.g	Caamp.1041s1688, Caamp.0052s0487
OG0003104	Thhalv10029342m.g, Thhalv10029303m.g	Caamp.0052s0440, Caamp.1041s1737
OG0003105	Thhalv10028484m.g	Caamp.1041s1738, Caamp.0052s0437
OG0003106	Thhalv10028405m.g	Caamp.0052s0434, Caamp.1041s1741
OG0003107	Thhalv10028367m.g	Caamp.1041s1743, Caamp.0052s0433
OG0003108	Thhalv10028516m.g, Thhalv10022515m.g	Caamp.0052s0416, Caamp.1041s1754
OG0003109	Thhalv10028619m.g	Caamp.0052s0385, Caamp.1041s1779
OG0003110	Thhalv10028658m.g	Caamp.1041s1796, Caamp.0052s0372, Caamp.0028s0110
OG0003111	Thhalv10027607m.g, Thhalv10028412m.g	Caamp.0052s0364, Caamp.1041s1817
OG0003112	Thhalv10011469m.g	Caamp.0190s0174, Caamp.1041s1903
OG0003113	Thhalv10011357m.g	Caamp.0190s0169, Caamp.1041s1909
OG0003114	Thhalv10019518m.g, Thhalv10005614m.g, Thhalv10019801m.g, Thhalv10022043m.g	Caamp.1041s1928
OG0003115	Thhalv10011250m.g	Caamp.0037s0284, Caamp.1041s1957
OG0003116	Thhalv10016841m.g	Caamp.0105s0086, Caamp.0066s0095
OG0003117	Thhalv10017073m.g	Caamp.0066s0094, Caamp.0105s0087
OG0003118	Thhalv10017202m.g	Caamp.0013s0306, Caamp.0105s0139
OG0003119	Thhalv10009486m.g	Caamp.0040s0056, Caamp.0105s0147, Caamp.0188s0598
OG0003120	Thhalv10016524m.g	Caamp.0105s0213, Caamp.0013s0282, Caamp.0013s0229, Caamp.0013s0287
OG0003121	Thhalv10009017m.g	Caamp.0056s0190
OG0003121	Thhalv10017374m.g	Caamp.0105s0223
OG0003122	Thhalv10002878m.g	Caamp.0045s0044
OG0003122	Thhalv10017883m.g, Thhalv10017846m.g	Caamp.0105s0275
OG0003123	Thhalv10017699m.g	Caamp.0105s0287, Caamp.0056s0135, Caamp.0188s0791
OG0003124	Thhalv10016567m.g	Caamp.0105s0288, Caamp.0013s0167
OG0003125	Thhalv10017977m.g	Caamp.0013s0168, Caamp.0056s0134, Caamp.0105s0289
OG0003127	Thhalv10016303m.g	Caamp.0159s0027, Caamp.0105s0309
OG0003128	Thhalv10016979m.g	Caamp.0105s0330, Caamp.0159s0004
OG0003129	Thhalv10014423m.g	Caamp.0303s0075, Caamp.0214s0419, Caamp.0105s0819
OG0003130	Thhalv10025882m.g	Caamp.0094s0254, Caamp.0105s0920
OG0003131	Thhalv10024218m.g	Caamp.0105s0931, Caamp.0094s0267
OG0003132	Thhalv10024669m.g	Caamp.0094s0277
OG0003132	Thhalv10000077m.g	Caamp.0105s0941
OG0003133	Thhalv10025259m.g	Caamp.0094s0344, Caamp.0105s1001
OG0003133	Thhalv10023021m.g	Caamp.0026s0558
OG0003134	Thhalv10022887m.g	Caamp.0026s0585
OG0003134	Thhalv10026443m.g	Caamp.0105s1022
OG0003135	Thhalv10025517m.g	Caamp.0105s1026
OG0003135	Thhalv10022748m.g	Caamp.0094s0367
OG0003136	Thhalv10027558m.g, Thhalv10025607m.g	Caamp.0105s1172, Caamp.0094s0504
OG0003137	Thhalv10025442m.g	Caamp.0105s1176, Caamp.0094s0509
OG0003138	Thhalv10027337m.g	Caamp.0105s1190
OG0003138	Thhalv10027073m.g	Caamp.0094s0528, Caamp.0105s1191
OG0003139	Thhalv10025620m.g	Caamp.0094s0571, Caamp.0105s1233
OG0003140	Thhalv10024933m.g	Caamp.0105s1237, Caamp.0094s0576
OG0003141	Thhalv10002028m.g	Caamp.0004s0265, Caamp.0008s0155, Caamp.0094s0581, Caamp.0105s1245
OG0003142	Thhalv10024320m.g	Caamp.0094s0609, Caamp.0105s1268
OG0003143	Thhalv10024343m.g	Caamp.0094s0627, Caamp.0105s1286
OG0003144	Thhalv10025240m.g	Caamp.0105s1307, Caamp.0094s0648
OG0003145	Thhalv10024640m.g	Caamp.0105s1328, Caamp.0303s1116, Caamp.0094s0671
OG0003146	Thhalv10020247m.g	Caamp.0105s1667, Caamp.0214s0082, Caamp.0078s0893
OG0003147	Thhalv10023536m.g	Caamp.0007s0421, Caamp.0011s0007
OG0003148	Thhalv10023215m.g	Caamp.0007s0427, Caamp.0011s0013
OG0003149	Thhalv10023609m.g	Caamp.0011s0043, Caamp.0007s0461
OG0003150	Thhalv10023485m.g	Caamp.0007s0463, Caamp.0011s0045
OG0003151	Thhalv10023906m.g	Caamp.0007s0467, Caamp.0011s0053
OG0003152	Thhalv10023658m.g	Caamp.0011s0079, Caamp.0007s0484
OG0003153	Thhalv10002256m.g, Thhalv10002811m.g	Caamp.0011s0082
OG0003154	Thhalv10023692m.g	Caamp.0007s0544, Caamp.0011s0120, Caamp.0080s0009
OG0003156	Thhalv10028329m.g	Caamp.0063s0024
OG0003156	Thhalv10027848m.g	Caamp.0063s0027, Caamp.0063s0025
OG0003157	Thhalv10002931m.g	Caamp.0110s0052
OG0003160	Thhalv10003073m.g	Caamp.0120s0028
OG0003160	Thhalv10003676m.g	Caamp.0076s1107
OG0003161	Thhalv10001076m.g	Caamp.0120s0035, Caamp.0076s1121, Caamp.0076s0857, Caamp.0085s0027
OG0003162	Thhalv10005049m.g	Caamp.0076s1126, Caamp.0120s0039
OG0003163	Thhalv10004485m.g	Caamp.0120s0236
OG0003163	Thhalv10004582m.g	Caamp.0120s0235
OG0003164	Thhalv10005819m.g	Caamp.0120s0376
OG0003164	Thhalv10019442m.g	Caamp.0023s0286
OG0003167	Thhalv10016312m.g	Caamp.0013s0009, Caamp.0051s0006
OG0003168	Thhalv10017410m.g	Caamp.0013s0012, Caamp.0051s0003
OG0003169	Thhalv10023169m.g, Thhalv10003328m.g, Thhalv10023047m.g, Thhalv10000458m.g, Thhalv10002784m.g, Thhalv10026508m.g, Thhalv10023818m.g, Thhalv10029524m.g	Caamp.0013s0022
OG0003170	Thhalv10017495m.g	Caamp.0013s0182
OG0003170	Thhalv10009388m.g	Caamp.0188s0797
OG0003171	Thhalv10025431m.g	Caamp.0013s0221, Caamp.0003s0173, Caamp.0190s0544
OG0003172	Thhalv10016515m.g	Caamp.0013s0331
OG0003173	Thhalv10003450m.g	Caamp.0035s0215, Caamp.0139s0013
OG0003174	Thhalv10003631m.g	Caamp.0014s0005, Caamp.0058s0042
OG0003177	Thhalv10023431m.g	Caamp.0016s0051, Caamp.0054s0041, Caamp.0015s0021
OG0003178	Thhalv10019315m.g	Caamp.0303s1266, Caamp.0015s0238, Caamp.0015s0057
OG0003179	Thhalv10023405m.g	Caamp.0015s0087
OG0003179	Thhalv10007311m.g	Caamp.0188s0307, Caamp.0052s0275
OG0003180	Thhalv10023376m.g	Caamp.0015s0096, Caamp.0054s0020
OG0003181	Thhalv10023550m.g	Caamp.0054s0007, Caamp.0015s0108
OG0003182	Thhalv10009767m.g	Caamp.0054s0005
OG0003182	Thhalv10023858m.g	Caamp.0054s0006
OG0003183	Thhalv10023463m.g	Caamp.0303s1328, Caamp.0015s0135
OG0003184	Thhalv10009020m.g	Caamp.0188s0265, Caamp.0052s0317
OG0003184	Thhalv10023742m.g	Caamp.0303s1340
OG0003185	Thhalv10023220m.g	Caamp.0015s0183
OG0003186	Thhalv10023840m.g	Caamp.0015s0214, Caamp.0015s0216, Caamp.0303s1285
OG0003187	Thhalv10023469m.g	Caamp.0303s1281, Caamp.0015s0220
OG0003188	Thhalv10023224m.g	Caamp.0015s0228, Caamp.0026s0764
OG0003189	Thhalv10023756m.g	Caamp.0015s0240, Caamp.0303s1264
OG0003190	Thhalv10007792m.g	Caamp.0071s0239
OG0003190	Thhalv10023498m.g	Caamp.0303s1258, Caamp.0015s0244
OG0003191	Thhalv10023519m.g	Caamp.0015s0272, Caamp.0303s1228
OG0003192	Thhalv10024007m.g	Caamp.0303s1207, Caamp.0015s0300
OG0003193	Thhalv10009022m.g	Caamp.0303s1187, Caamp.0015s0321, Caamp.0188s0154, Caamp.0071s0172
OG0003194	Thhalv10002743m.g, Thhalv10023780m.g	Caamp.0005s0182, Caamp.0015s0325, Caamp.0303s1183
OG0003195	Thhalv10023753m.g	Caamp.0071s0167, Caamp.0188s0149, Caamp.0303s1182, Caamp.0303s1180, Caamp.0015s0326
OG0003196	Thhalv10006095m.g	Caamp.0065s0183, Caamp.0152s0003, Caamp.0023s0569
OG0003198	Thhalv10018001m.g	Caamp.0016s0072, Caamp.0002s0046
OG0003199	Thhalv10019022m.g	Caamp.0019s0093, Caamp.0016s0125
OG0003200	Thhalv10018770m.g	Caamp.0018s0025, Caamp.0076s0487
OG0003201	Thhalv10008466m.g	Caamp.0188s0041, Caamp.0052s0078
OG0003202	Thhalv10009120m.g	Caamp.0052s0083, Caamp.0188s0046
OG0003203	Thhalv10008903m.g	Caamp.0052s0149, Caamp.0188s0108
OG0003204	Thhalv10006731m.g, Thhalv10008784m.g	Caamp.0188s0144, Caamp.0071s0163
OG0003205	Thhalv10008770m.g, Thhalv10027450m.g, Thhalv10015816m.g	Caamp.0071s0190, Caamp.0188s0172
OG0003206	Thhalv10006947m.g	Caamp.0071s0209, Caamp.0188s0187
OG0003207	Thhalv10007999m.g	Caamp.0071s0211, Caamp.0188s0189
OG0003208	Thhalv10007452m.g	Caamp.0188s0191, Caamp.0071s0213
OG0003209	Thhalv10009269m.g	Caamp.0188s0226, Caamp.0071s0253
OG0003210	Thhalv10018159m.g	Caamp.0188s0231, Caamp.0071s0258
OG0003211	Thhalv10007063m.g	Caamp.0071s0260, Caamp.0188s0233
OG0003212	Thhalv10015657m.g	Caamp.0071s0271, Caamp.0071s0276
OG0003212	Thhalv10008794m.g	Caamp.0188s0245
OG0003213	Thhalv10007215m.g	Caamp.0052s0278, Caamp.0188s0303
OG0003214	Thhalv10008066m.g	Caamp.0188s0328, Caamp.0052s0253
OG0003215	Thhalv10008625m.g	Caamp.0188s0331, Caamp.0052s0248
OG0003216	Thhalv10006632m.g	Caamp.0007s0138
OG0003216	Thhalv10006708m.g	Caamp.0188s0342
OG0003217	Thhalv10001097m.g, Thhalv10006800m.g	Caamp.0052s0197, Caamp.0188s0385
OG0003218	Thhalv10023865m.g	Caamp.0303s1155
OG0003218	Thhalv10009978m.g	Caamp.0071s0146, Caamp.0188s0400
OG0003219	Thhalv10006889m.g	Caamp.0071s0129, Caamp.0188s0418
OG0003220	Thhalv10017610m.g	Caamp.0188s0433
OG0003220	Thhalv10006676m.g	Caamp.0071s0114
OG0003221	Thhalv10004378m.g	Caamp.0076s1123
OG0003221	Thhalv10007875m.g	Caamp.0188s0483
OG0003222	Thhalv10023099m.g, Thhalv10010000m.g	Caamp.0188s0492, Caamp.0071s0057
OG0003223	Thhalv10009607m.g	Caamp.0071s0025, Caamp.0071s0026, Caamp.0188s0519
OG0003224	Thhalv10009405m.g	Caamp.0188s0530
OG0003225	Thhalv10009557m.g	Caamp.0077s0069, Caamp.0188s0541, Caamp.0071s0002
OG0003226	Thhalv10008567m.g	Caamp.0040s0064, Caamp.0040s0063, Caamp.0188s0604
OG0003227	Thhalv10009667m.g	Caamp.0188s0628, Caamp.0040s0091, Caamp.0085s0066, Caamp.0076s0892
OG0003228	Thhalv10007002m.g	Caamp.0040s0124
OG0003228	Thhalv10018222m.g	Caamp.0188s0662
OG0003229	Thhalv10008707m.g, Thhalv10024040m.g	Caamp.0040s0161, Caamp.0188s0693
OG0003230	Thhalv10007054m.g	Caamp.0040s0163, Caamp.0188s0695
OG0003231	Thhalv10018389m.g	Caamp.0064s0016
OG0003231	Thhalv10009815m.g	Caamp.0188s0700, Caamp.0040s0169
OG0003232	Thhalv10007433m.g	Caamp.0188s0706, Caamp.0040s0174
OG0003233	Thhalv10007778m.g	Caamp.0188s0753, Caamp.0046s0188, Caamp.0041s0023
OG0003235	Thhalv10003262m.g	Caamp.0058s0246, Caamp.0076s0536
OG0003235	Thhalv10008582m.g	Caamp.0188s0913
OG0003236	Thhalv10006913m.g	Caamp.0188s0926, Caamp.0056s0003
OG0003237	Thhalv10028565m.g, Thhalv10007831m.g	Caamp.0188s1148, Caamp.0275s0025
OG0003238	Thhalv10026545m.g	Caamp.0190s0915, Caamp.0003s0523, Caamp.0019s0104
OG0003239	Thhalv10006311m.g	Caamp.0065s0060, Caamp.0019s0129, Caamp.0023s0446
OG0003240	Thhalv10009140m.g	Caamp.0006s0226, Caamp.0046s0503, Caamp.0190s0030
OG0003241	Thhalv10007272m.g	Caamp.0046s0508
OG0003241	Thhalv10007285m.g	Caamp.0190s0035
OG0003242	Thhalv10008032m.g	Caamp.0064s0316, Caamp.0006s0199, Caamp.0046s0537, Caamp.0190s0064
OG0003243	Thhalv10027552m.g, Thhalv10006715m.g	Caamp.0190s0076, Caamp.0046s0549
OG0003244	Thhalv10008568m.g	Caamp.0046s0554, Caamp.0190s0082
OG0003244	Thhalv10019727m.g	Caamp.0006s0178, Caamp.0064s0289
OG0003245	Thhalv10018812m.g	Caamp.0046s0568, Caamp.0190s0097, Caamp.0006s0155
OG0003246	Thhalv10023876m.g, Thhalv10024006m.g, Thhalv10024148m.g, Thhalv10024128m.g, Thhalv10024149m.g	Caamp.0190s0203, Caamp.0054s0015
OG0003247	Thhalv10011541m.g	Caamp.0064s0887, Caamp.0190s0207
OG0003248	Thhalv10014518m.g, Thhalv10026108m.g	Caamp.0190s0283, Caamp.0094s1094
OG0003249	Thhalv10026074m.g	Caamp.0190s0284, Caamp.0094s1096
OG0003250	Thhalv10025957m.g	Caamp.0190s0299, Caamp.0094s1110
OG0003251	Thhalv10011880m.g	Caamp.0190s0311, Caamp.0094s1120, Caamp.0037s0108, Caamp.0046s0114
OG0003252	Thhalv10024370m.g, Thhalv10027020m.g	Caamp.0190s0319, Caamp.0094s1126
OG0003253	Thhalv10009735m.g, Thhalv10024185m.g	Caamp.0094s1132, Caamp.0190s0324
OG0003254	Thhalv10025814m.g	Caamp.0094s1156, Caamp.0190s0349
OG0003255	Thhalv10024745m.g	Caamp.0190s0406
OG0003255	Thhalv10023365m.g	Caamp.0303s1067, Caamp.0266s0044
OG0003256	Thhalv10025224m.g	Caamp.0003s0046, Caamp.0190s0410
OG0003257	Thhalv10025419m.g	Caamp.0190s0414, Caamp.0003s0050
OG0003258	Thhalv10014220m.g	Caamp.0190s0503
OG0003258	Thhalv10024774m.g	Caamp.0003s0128
OG0003259	Thhalv10024490m.g	Caamp.0003s0175, Caamp.0190s0542
OG0003260	Thhalv10024213m.g, Thhalv10024214m.g	Caamp.0003s0178, Caamp.0190s0557
OG0003261	Thhalv10024988m.g	Caamp.0190s0614, Caamp.0003s0229
OG0003262	Thhalv10024684m.g	Caamp.0003s0238, Caamp.0190s0624
OG0003263	Thhalv10025168m.g	Caamp.0003s0262, Caamp.0190s0647
OG0003264	Thhalv10024271m.g	Caamp.0003s0285, Caamp.0190s0668
OG0003265	Thhalv10025936m.g	Caamp.0003s0300, Caamp.0190s0680
OG0003266	Thhalv10024916m.g	Caamp.0190s0692, Caamp.0003s0322, Caamp.0003s0321
OG0003267	Thhalv10025586m.g	Caamp.0190s0729, Caamp.0003s0363
OG0003268	Thhalv10003401m.g, Thhalv10029330m.g	Caamp.0065s0044, Caamp.0023s0427, Caamp.0023s0425, Caamp.0023s0423, Caamp.0190s0730
OG0003269	Thhalv10025978m.g	Caamp.0003s0395, Caamp.0190s0765
OG0003270	Thhalv10026978m.g	Caamp.0190s0785, Caamp.0190s0786
OG0003271	Thhalv10025093m.g	Caamp.0003s0437, Caamp.0190s0818
OG0003272	Thhalv10024762m.g	Caamp.0190s0827, Caamp.0003s0447
OG0003273	Thhalv10025046m.g	Caamp.0190s0840
OG0003273	Thhalv10025052m.g	Caamp.0190s0839
OG0003275	Thhalv10023909m.g, Thhalv10027157m.g	Caamp.0003s0501, Caamp.0190s0891, Caamp.0097s0804
OG0003276	Thhalv10025283m.g, Thhalv10026822m.g	Caamp.0190s0894, Caamp.0004s0050, Caamp.0003s0503
OG0003277	Thhalv10024789m.g	Caamp.0003s0513, Caamp.0190s0904
OG0003278	Thhalv10025464m.g	Caamp.0190s0962, Caamp.0003s0569
OG0003279	Thhalv10024752m.g	Caamp.0003s0576, Caamp.0190s0968
OG0003280	Thhalv10024300m.g	Caamp.0003s0589, Caamp.0190s0985
OG0003281	Thhalv10025127m.g	Caamp.0003s0611, Caamp.0190s1010
OG0003282	Thhalv10025157m.g	Caamp.0003s0631, Caamp.0190s1032
OG0003283	Thhalv10024197m.g	Caamp.0003s0667, Caamp.0190s1067
OG0003284	Thhalv10027089m.g	Caamp.0190s1114
OG0003284	Thhalv10025436m.g	Caamp.0003s0717, Caamp.0190s1115
OG0003285	Thhalv10022974m.g	Caamp.0190s1140, Caamp.0026s0807
OG0003286	Thhalv10022723m.g	Caamp.0190s1143, Caamp.0026s0805
OG0003287	Thhalv10022771m.g	Caamp.0026s0795, Caamp.0190s1149
OG0003288	Thhalv10022805m.g	Caamp.0190s1159, Caamp.0026s0788
OG0003289	Thhalv10022804m.g	Caamp.0026s0777, Caamp.0190s1180
OG0003290	Thhalv10022920m.g	Caamp.0026s0771, Caamp.0190s1188
OG0003291	Thhalv10023027m.g	Caamp.0190s1192, Caamp.0026s0768
OG0003292	Thhalv10023001m.g	Caamp.0190s1212
OG0003293	Thhalv10022867m.g	Caamp.0190s1214, Caamp.0026s0753
OG0003295	Thhalv10023130m.g	Caamp.0190s1284, Caamp.0026s0693
OG0003296	Thhalv10022682m.g	Caamp.0190s1289, Caamp.0026s0686
OG0003297	Thhalv10022667m.g	Caamp.0026s0680, Caamp.0190s1295
OG0003298	Thhalv10022725m.g	Caamp.0026s0633, Caamp.0190s1335
OG0003299	Thhalv10022788m.g	Caamp.0026s0627, Caamp.0190s1336
OG0003300	Thhalv10022524m.g	Caamp.0190s1341, Caamp.0026s0622
OG0003301	Thhalv10022538m.g	Caamp.0190s1343, Caamp.0026s0619
OG0003302	Thhalv10022621m.g	Caamp.0190s1366, Caamp.0026s0599
OG0003303	Thhalv10021664m.g, Thhalv10023149m.g	Caamp.0026s0589, Caamp.0190s1376
OG0003305	Thhalv10003075m.g	Caamp.0002s0008, Caamp.0002s0011, Caamp.0002s0010
OG0003306	Thhalv10018186m.g	Caamp.0006s0604, Caamp.0002s0117
OG0003307	Thhalv10019592m.g	Caamp.0006s0580
OG0003307	Thhalv10018422m.g	Caamp.0303s0712
OG0003308	Thhalv10018290m.g	Caamp.0303s0706, Caamp.0002s0156
OG0003309	Thhalv10018154m.g	Caamp.0002s0233, Caamp.0303s0646
OG0003310	Thhalv10029168m.g, Thhalv10029360m.g, Thhalv10029323m.g, Thhalv10029304m.g, Thhalv10012335m.g, Thhalv10017698m.g	Caamp.0002s0273, Caamp.0054s0013
OG0003311	Thhalv10019635m.g	Caamp.0303s0584, Caamp.0002s0324
OG0003312	Thhalv10019262m.g	Caamp.0002s0327, Caamp.0303s0578
OG0003313	Thhalv10009731m.g, Thhalv10009768m.g	Caamp.0037s0640, Caamp.0021s0015, Caamp.0570s0001
OG0003314	Thhalv10004064m.g	Caamp.0021s0086
OG0003314	Thhalv10010978m.g	Caamp.0009s0065
OG0003315	Thhalv10020029m.g	Caamp.0078s0983, Caamp.0214s0007
OG0003316	Thhalv10021821m.g	Caamp.0078s0933, Caamp.0214s0048
OG0003317	Thhalv10020209m.g	Caamp.0214s0063, Caamp.0078s0915
OG0003318	Thhalv10020062m.g	Caamp.0214s0083, Caamp.0078s0892
OG0003319	Thhalv10019993m.g	Caamp.0214s0108, Caamp.0078s0866
OG0003320	Thhalv10020503m.g	Caamp.0078s0788, Caamp.0214s0181
OG0003321	Thhalv10020896m.g	Caamp.0214s0211, Caamp.0078s0760
OG0003322	Thhalv10020489m.g	Caamp.0214s0256, Caamp.0078s0714
OG0003323	Thhalv10019878m.g	Caamp.0214s0337, Caamp.0078s0629
OG0003324	Thhalv10014729m.g, Thhalv10020356m.g, Thhalv10002456m.g	Caamp.0303s0001, Caamp.0214s0347
OG0003325	Thhalv10015023m.g, Thhalv10023968m.g, Thhalv10020145m.g	Caamp.0214s0354, Caamp.0303s0007
OG0003326	Thhalv10020142m.g	Caamp.0214s0383
OG0003326	Thhalv10020121m.g	Caamp.0303s0039, Caamp.0214s0384
OG0003327	Thhalv10019871m.g	Caamp.0214s0392, Caamp.0303s0047
OG0003328	Thhalv10021249m.g	Caamp.0214s0398
OG0003328	Thhalv10021309m.g	Caamp.0303s0053, Caamp.0214s0399
OG0003330	Thhalv10024041m.g	Caamp.0214s0485, Caamp.0303s1244
OG0003331	Thhalv10020798m.g	Caamp.0052s0126, Caamp.0214s0489, Caamp.0303s0148
OG0003332	Thhalv10021441m.g	Caamp.0214s0565, Caamp.0303s0222
OG0003333	Thhalv10020725m.g	Caamp.0303s0228, Caamp.0214s0568
OG0003334	Thhalv10019907m.g, Thhalv10022034m.g, Thhalv10022255m.g	Caamp.0303s0258, Caamp.0214s0590
OG0003335	Thhalv10019996m.g	Caamp.0214s0601, Caamp.0303s0266
OG0003336	Thhalv10020448m.g	Caamp.0214s0618, Caamp.0303s0286
OG0003337	Thhalv10021350m.g	Caamp.0214s0626, Caamp.0303s0294, Caamp.0303s0295, Caamp.0214s0627
OG0003338	Thhalv10022162m.g, Thhalv10022349m.g	Caamp.0303s0313
OG0003338	Thhalv10020014m.g	Caamp.0214s0641
OG0003339	Thhalv10021768m.g	Caamp.0303s0360, Caamp.0214s0686
OG0003340	Thhalv10021779m.g	Caamp.0214s0773, Caamp.0303s0454
OG0003341	Thhalv10010134m.g	Caamp.0303s0527, Caamp.0214s0845
OG0003342	Thhalv10020146m.g	Caamp.0303s0534, Caamp.0214s0848
OG0003343	Thhalv10019930m.g	Caamp.0214s0856, Caamp.0303s0541
OG0003344	Thhalv10025709m.g	Caamp.0097s0478, Caamp.0022s0007
OG0003345	Thhalv10025456m.g	Caamp.0022s0063, Caamp.0097s0528
OG0003346	Thhalv10011910m.g	Caamp.0037s0241
OG0003346	Thhalv10026714m.g	Caamp.0022s0112
OG0003347	Thhalv10025228m.g	Caamp.0097s0590, Caamp.0022s0113, Caamp.0022s0114, Caamp.0097s0591
OG0003348	Thhalv10025003m.g	Caamp.0022s0164, Caamp.0097s0627, Caamp.0097s0633
OG0003349	Thhalv10025066m.g	Caamp.0022s0165, Caamp.0097s0626, Caamp.0097s0632
OG0003350	Thhalv10013386m.g	Caamp.0022s0173, Caamp.0061s0017, Caamp.0097s0652
OG0003351	Thhalv10024472m.g	Caamp.0022s0201, Caamp.0058s0101, Caamp.0097s0684
OG0003352	Thhalv10024450m.g	Caamp.0007s0426, Caamp.0022s0215, Caamp.0061s0003
OG0003353	Thhalv10022159m.g	Caamp.0023s0043, Caamp.0078s1030
OG0003354	Thhalv10014343m.g	Caamp.0078s1046
OG0003354	Thhalv10021344m.g	Caamp.0023s0057
OG0003355	Thhalv10019977m.g	Caamp.0023s0066, Caamp.0078s1114
OG0003356	Thhalv10019778m.g	Caamp.0095s0476
OG0003356	Thhalv10006401m.g	Caamp.0023s0195
OG0003357	Thhalv10005790m.g, Thhalv10017734m.g	Caamp.0095s0440, Caamp.0023s0226
OG0003358	Thhalv10005763m.g	Caamp.0095s0420, Caamp.0023s0249
OG0003359	Thhalv10016513m.g	Caamp.0076s1470
OG0003359	Thhalv10005882m.g	Caamp.0023s0255, Caamp.0095s0413
OG0003360	Thhalv10006050m.g	Caamp.0023s0256, Caamp.0095s0412
OG0003361	Thhalv10029046m.g	Caamp.0046s0116, Caamp.0037s0112
OG0003361	Thhalv10006298m.g	Caamp.0023s0292
OG0003363	Thhalv10006396m.g	Caamp.0046s0564, Caamp.0023s0579, Caamp.0007s0532
OG0003364	Thhalv10005758m.g	Caamp.0023s0631, Caamp.0065s0239
OG0003365	Thhalv10010518m.g, Thhalv10023829m.g	Caamp.0065s0246, Caamp.0023s0638
OG0003366	Thhalv10008528m.g	Caamp.0046s0368, Caamp.0024s0110
OG0003367	Thhalv10006987m.g	Caamp.0024s0150, Caamp.0046s0323
OG0003368	Thhalv10007335m.g	Caamp.0024s0162
OG0003368	Thhalv10027757m.g	Caamp.0046s0310
OG0003369	Thhalv10019459m.g	Caamp.0076s0161
OG0003369	Thhalv10007290m.g	Caamp.0024s0227, Caamp.0046s0257
OG0003370	Thhalv10008655m.g	Caamp.0006s0030, Caamp.0046s0236, Caamp.0024s0245
OG0003371	Thhalv10007830m.g	Caamp.0024s0300
OG0003371	Thhalv10001486m.g	Caamp.0056s0184, Caamp.0076s1397, Caamp.0056s0183
OG0003372	Thhalv10008050m.g	Caamp.0056s0194, Caamp.0024s0311
OG0003373	Thhalv10006988m.g	Caamp.0024s0355, Caamp.0056s0239
OG0003373	Thhalv10009440m.g	Caamp.0024s0356
OG0003374	Thhalv10008146m.g	Caamp.0024s0400, Caamp.0056s0285
OG0003377	Thhalv10011129m.g	Caamp.0026s0255
OG0003377	Thhalv10011145m.g	Caamp.0005s0233, Caamp.0005s0236
OG0003378	Thhalv10010432m.g	Caamp.0026s0274, Caamp.0005s0255
OG0003379	Thhalv10011027m.g	Caamp.0005s0268, Caamp.0026s0287
OG0003380	Thhalv10011079m.g	Caamp.0026s0292, Caamp.0005s0273
OG0003381	Thhalv10010232m.g	Caamp.0026s0318, Caamp.0005s0308
OG0003382	Thhalv10010383m.g	Caamp.0026s0345, Caamp.0026s0343, Caamp.0005s0332, Caamp.0026s0347, Caamp.0005s0330
OG0003383	Thhalv10011023m.g	Caamp.0005s0348, Caamp.0026s0362
OG0003384	Thhalv10011030m.g, Thhalv10010177m.g	Caamp.0005s0360, Caamp.0026s0370
OG0003385	Thhalv10010207m.g	Caamp.0078s0015, Caamp.0026s0425
OG0003386	Thhalv10010429m.g	Caamp.0078s0016, Caamp.0026s0426
OG0003388	Thhalv10010270m.g	Caamp.0026s0433, Caamp.0078s0024
OG0003389	Thhalv10010471m.g	Caamp.0078s0089, Caamp.0026s0497
OG0003390	Thhalv10010424m.g	Caamp.0078s0104, Caamp.0026s0511, Caamp.0033s0392
OG0003391	Thhalv10010606m.g	Caamp.0078s0117, Caamp.0026s0520
OG0003392	Thhalv10010058m.g	Caamp.0078s0127, Caamp.0026s0528
OG0003393	Thhalv10023024m.g, Thhalv10022692m.g	Caamp.0093s0193, Caamp.0026s0559
OG0003394	Thhalv10023082m.g	Caamp.0093s0196, Caamp.0026s0561, Caamp.0060s0039
OG0003395	Thhalv10022534m.g	Caamp.0093s0203, Caamp.0026s0573
OG0003396	Thhalv10022663m.g	Caamp.0026s0736, Caamp.0026s0737
OG0003397	Thhalv10023172m.g	Caamp.0026s0789, Caamp.0094s0506
OG0003398	Thhalv10022828m.g	Caamp.0029s0021, Caamp.0026s0833
OG0003399	Thhalv10023233m.g	Caamp.0266s0003, Caamp.0303s1107, Caamp.0303s1106, Caamp.0266s0004
OG0003400	Thhalv10023948m.g	Caamp.0266s0015
OG0003401	Thhalv10023240m.g	Caamp.0303s1087, Caamp.0266s0024
OG0003402	Thhalv10011612m.g	Caamp.0004s0132, Caamp.0027s0022
OG0003403	Thhalv10011724m.g	Caamp.0027s0040, Caamp.0004s0116
OG0003404	Thhalv10011443m.g	Caamp.0027s0096, Caamp.0004s0038
OG0003405	Thhalv10018881m.g	Caamp.0064s0538
OG0003405	Thhalv10008284m.g	Caamp.0027s0114
OG0003406	Thhalv10028768m.g	Caamp.0064s0466, Caamp.0064s0469, Caamp.0028s0252
OG0003408	Thhalv10028460m.g	Caamp.0052s0336, Caamp.0028s0267
OG0003409	Thhalv10022519m.g	Caamp.0029s0002, Caamp.0035s0103
OG0003410	Thhalv10022711m.g	Caamp.0035s0106, Caamp.0029s0006
OG0003411	Thhalv10022856m.g	Caamp.0029s0035, Caamp.0035s0001
OG0003412	Thhalv10027122m.g, Thhalv10027505m.g, Thhalv10026820m.g	Caamp.0003s0235
OG0003413	Thhalv10022508m.g	Caamp.0003s0241
OG0003414	Thhalv10026489m.g	Caamp.0003s0273
OG0003415	Thhalv10001235m.g	Caamp.0003s0762
OG0003415	Thhalv10025761m.g	Caamp.0095s0230
OG0003416	Thhalv10025512m.g	Caamp.0003s0781, Caamp.0095s0210
OG0003417	Thhalv10025854m.g, Thhalv10025863m.g	Caamp.0003s0788, Caamp.0095s0203, Caamp.0003s0789
OG0003418	Thhalv10025432m.g	Caamp.0003s0792, Caamp.0095s0199
OG0003419	Thhalv10024186m.g	Caamp.0003s0803, Caamp.0095s0189
OG0003420	Thhalv10008775m.g	Caamp.0303s0563, Caamp.0052s0044
OG0003421	Thhalv10006843m.g	Caamp.0303s0568
OG0003421	Thhalv10028230m.g, Thhalv10028321m.g	Caamp.0076s0513, Caamp.0052s0040
OG0003422	Thhalv10019071m.g	Caamp.0303s0741
OG0003422	Thhalv10018591m.g	Caamp.0076s0125
OG0003423	Thhalv10018419m.g	Caamp.0076s0117, Caamp.0303s0752
OG0003424	Thhalv10018097m.g	Caamp.0303s0785, Caamp.0076s0080
OG0003425	Thhalv10019211m.g	Caamp.0303s0791, Caamp.0076s0072
OG0003427	Thhalv10004231m.g	Caamp.0033s0381, Caamp.0033s0380
OG0003428	Thhalv10010132m.g	Caamp.0033s0472, Caamp.0095s1081, Caamp.0078s0203
OG0003429	Thhalv10002027m.g, Thhalv10002300m.g, Thhalv10002040m.g	Caamp.0080s0029, Caamp.0034s0128
OG0003430	Thhalv10002052m.g	Caamp.0034s0130, Caamp.0080s0027
OG0003431	Thhalv10002076m.g	Caamp.0080s0024, Caamp.0034s0132
OG0003432	Thhalv10022518m.g	Caamp.0035s0082, Caamp.0095s0291
OG0003433	Thhalv10022549m.g	Caamp.0095s0299, Caamp.0035s0101
OG0003434	Thhalv10003268m.g	Caamp.0058s0084, Caamp.0036s0025
OG0003435	Thhalv10011414m.g	Caamp.0037s0021, Caamp.0046s0023
OG0003436	Thhalv10011172m.g, Thhalv10011171m.g	Caamp.0046s0040, Caamp.0037s0036
OG0003437	Thhalv10021009m.g	Caamp.0078s1164
OG0003437	Thhalv10011610m.g	Caamp.0037s0073, Caamp.0046s0072
OG0003438	Thhalv10012092m.g	Caamp.0046s0118
OG0003438	Thhalv10011866m.g	Caamp.0046s0117
OG0003438	Thhalv10012087m.g	Caamp.0037s0111
OG0003439	Thhalv10011844m.g	Caamp.0046s0138, Caamp.0037s0133
OG0003440	Thhalv10018714m.g	Caamp.0037s0146, Caamp.0076s0162
OG0003441	Thhalv10022003m.g	Caamp.0076s1308
OG0003441	Thhalv10011342m.g	Caamp.0037s0150, Caamp.0040s0183
OG0003442	Thhalv10011877m.g	Caamp.0040s0212
OG0003442	Thhalv10001078m.g	Caamp.0076s0699
OG0003443	Thhalv10011194m.g	Caamp.0040s0214, Caamp.0037s0191
OG0003444	Thhalv10008356m.g, Thhalv10012397m.g	Caamp.0037s0219, Caamp.0040s0245
OG0003445	Thhalv10012308m.g	Caamp.0040s0264, Caamp.0037s0233
OG0003446	Thhalv10011626m.g	Caamp.0040s0281, Caamp.0037s0254
OG0003447	Thhalv10011602m.g	Caamp.0040s0299, Caamp.0037s0268
OG0003448	Thhalv10019766m.g	Caamp.0037s0278
OG0003448	Thhalv10027044m.g, Thhalv10027565m.g, Thhalv10009973m.g, Thhalv10010004m.g, Thhalv10009564m.g	Caamp.0071s0263
OG0003449	Thhalv10011812m.g	Caamp.0004s0006, Caamp.0097s0372
OG0003450	Thhalv10001926m.g	Caamp.0008s0143, Caamp.0004s0247
OG0003451	Thhalv10028189m.g	Caamp.0044s0188
OG0003452	Thhalv10014382m.g	Caamp.0044s0294
OG0003453	Thhalv10024666m.g	Caamp.0044s0301, Caamp.0095s0155
OG0003454	Thhalv10024950m.g	Caamp.0095s0176, Caamp.0044s0324
OG0003455	Thhalv10018685m.g	Caamp.0006s0189
OG0003455	Thhalv10009415m.g	Caamp.0046s0545
OG0003456	Thhalv10002731m.g	Caamp.0097s0112, Caamp.0005s0056
OG0003457	Thhalv10002386m.g	Caamp.0097s0195, Caamp.0005s0127
OG0003458	Thhalv10002839m.g, Thhalv10002947m.g	Caamp.0005s0152, Caamp.0097s0216, Caamp.0097s0215, Caamp.0005s0151
OG0003459	Thhalv10002414m.g, Thhalv10002404m.g	Caamp.0005s0161, Caamp.0097s0222
OG0003460	Thhalv10002906m.g	Caamp.0005s0167
OG0003460	Thhalv10002850m.g	Caamp.0097s0227, Caamp.0005s0168
OG0003461	Thhalv10002974m.g, Thhalv10002769m.g	Caamp.0097s0254, Caamp.0005s0190, Caamp.0097s0255, Caamp.0005s0188
OG0003462	Thhalv10017212m.g, Thhalv10017209m.g	Caamp.0051s0028
OG0003463	Thhalv10026940m.g	Caamp.0057s0047
OG0003463	Thhalv10019465m.g, Thhalv10024445m.g, Thhalv10011939m.g	Caamp.0095s0153
OG0003464	Thhalv10003264m.g	Caamp.0064s0429, Caamp.0058s0130
OG0003465	Thhalv10003270m.g, Thhalv10012286m.g	Caamp.0064s0423, Caamp.0058s0137
OG0003466	Thhalv10003296m.g	Caamp.0058s0160, Caamp.0064s0398
OG0003467	Thhalv10003252m.g	Caamp.0058s0243, Caamp.0076s0532
OG0003468	Thhalv10003131m.g	Caamp.0076s0540, Caamp.0058s0253
OG0003469	Thhalv10002439m.g	Caamp.0097s0013, Caamp.0058s0275
OG0003470	Thhalv10009601m.g, Thhalv10018295m.g	Caamp.0006s0135
OG0003471	Thhalv10019514m.g	Caamp.0006s0141, Caamp.0064s0252
OG0003472	Thhalv10018862m.g	Caamp.0006s0185, Caamp.0064s0295, Caamp.0006s0184
OG0003473	Thhalv10019604m.g	Caamp.0076s0422, Caamp.0006s0300
OG0003474	Thhalv10018987m.g	Caamp.0006s0384, Caamp.0076s0337
OG0003475	Thhalv10018266m.g	Caamp.0076s0267, Caamp.0006s0451
OG0003476	Thhalv10018146m.g	Caamp.0006s0474, Caamp.0076s0248
OG0003477	Thhalv10018153m.g	Caamp.0006s0489, Caamp.0076s0230
OG0003478	Thhalv10019148m.g, Thhalv10008799m.g	Caamp.0076s0212, Caamp.0006s0509
OG0003479	Thhalv10018537m.g	Caamp.0006s0546, Caamp.0076s0178
OG0003481	Thhalv10018049m.g	Caamp.0076s0153, Caamp.0006s0576
OG0003482	Thhalv10019565m.g, Thhalv10019200m.g	Caamp.0076s0151, Caamp.0006s0578
OG0003483	Thhalv10018125m.g	Caamp.0064s0080, Caamp.0006s0639
OG0003484	Thhalv10018699m.g	Caamp.0006s0644, Caamp.0064s0073
OG0003485	Thhalv10017995m.g	Caamp.0064s0068, Caamp.0006s0652
OG0003486	Thhalv10000387m.g, Thhalv10000653m.g	Caamp.0064s0063
OG0003486	Thhalv10018021m.g	Caamp.0006s0657
OG0003487	Thhalv10008359m.g, Thhalv10018956m.g	Caamp.0064s0051, Caamp.0006s0672
OG0003488	Thhalv10001067m.g, Thhalv10019800m.g	Caamp.0076s0598, Caamp.0006s0734, Caamp.0084s0022
OG0003489	Thhalv10018234m.g	Caamp.0084s0083, Caamp.0006s0796
OG0003490	Thhalv10023974m.g, Thhalv10024117m.g	Caamp.0064s0221
OG0003492	Thhalv10011700m.g	Caamp.0064s0579, Caamp.0097s0358
OG0003493	Thhalv10011818m.g	Caamp.0097s0321, Caamp.0064s0621
OG0003494	Thhalv10010672m.g	Caamp.0095s0699, Caamp.0099s0040
OG0003494	Thhalv10011761m.g	Caamp.0064s0629
OG0003495	Thhalv10011899m.g	Caamp.0097s0312, Caamp.0064s0632
OG0003497	Thhalv10004315m.g, Thhalv10018708m.g	Caamp.0068s0018, Caamp.0097s0900
OG0003498	Thhalv10028136m.g	Caamp.0068s0034
OG0003499	Thhalv10028243m.g	Caamp.0097s0879, Caamp.0068s0038
OG0003500	Thhalv10028307m.g	Caamp.0068s0049, Caamp.0068s0047
OG0003501	Thhalv10023377m.g	Caamp.0007s0415
OG0003502	Thhalv10009527m.g	Caamp.0071s0060, Caamp.0097s1020, Caamp.0097s1025, Caamp.0097s1019, Caamp.0097s1021, Caamp.0097s1022
OG0003503	Thhalv10009781m.g	Caamp.0071s0070
OG0003503	Thhalv10007827m.g	Caamp.0071s0068
OG0003503	Thhalv10007895m.g	Caamp.0071s0067
OG0003504	Thhalv10009678m.g	Caamp.0072s0004
OG0003505	Thhalv10000819m.g	Caamp.0085s0061, Caamp.0076s0886
OG0003506	Thhalv10000761m.g	Caamp.0076s0923, Caamp.0085s0102
OG0003507	Thhalv10005076m.g	Caamp.0076s0932, Caamp.0085s0110
OG0003507	Thhalv10005071m.g, Thhalv10005073m.g	Caamp.0076s0931
OG0003508	Thhalv10004151m.g	Caamp.0085s0122, Caamp.0076s0945
OG0003509	Thhalv10004281m.g	Caamp.0076s0965, Caamp.0077s0006
OG0003510	Thhalv10005091m.g	Caamp.0077s0009, Caamp.0076s0968
OG0003511	Thhalv10003689m.g	Caamp.0077s0022, Caamp.0076s0986
OG0003512	Thhalv10005229m.g, Thhalv10005228m.g	Caamp.0076s0987, Caamp.0077s0023
OG0003513	Thhalv10004545m.g	Caamp.0077s0032, Caamp.0076s0997
OG0003515	Thhalv10005550m.g	Caamp.0076s1043, Caamp.0077s0075
OG0003516	Thhalv10003809m.g	Caamp.0076s1051, Caamp.0077s0084
OG0003517	Thhalv10004443m.g	Caamp.0076s1105
OG0003518	Thhalv10010302m.g	Caamp.0095s1074
OG0003518	Thhalv10010279m.g	Caamp.0078s0209
OG0003519	Thhalv10010065m.g	Caamp.0095s1007, Caamp.0078s0285
OG0003520	Thhalv10010361m.g	Caamp.0078s0304, Caamp.0095s0989
OG0003521	Thhalv10011112m.g, Thhalv10010390m.g	Caamp.0078s0312, Caamp.0095s0982
OG0003522	Thhalv10010203m.g	Caamp.0078s0402, Caamp.0095s0796
OG0003523	Thhalv10010575m.g	Caamp.0095s0804, Caamp.0078s0412
OG0003524	Thhalv10010165m.g	Caamp.0095s0806, Caamp.0078s0415
OG0003525	Thhalv10010251m.g	Caamp.0078s0456, Caamp.0095s0849
OG0003526	Thhalv10010633m.g, Thhalv10000999m.g, Thhalv10014972m.g, Thhalv10016118m.g	Caamp.0078s0504, Caamp.0095s0902
OG0003527	Thhalv10010317m.g	Caamp.0095s0919, Caamp.0078s0522
OG0003528	Thhalv10010244m.g	Caamp.0078s0540, Caamp.0095s0755
OG0003529	Thhalv10010436m.g	Caamp.0095s0749, Caamp.0078s0546
OG0003530	Thhalv10023039m.g, Thhalv10028037m.g, Thhalv10023035m.g, Thhalv10023065m.g	Caamp.0078s1104
OG0003531	Thhalv10019894m.g	Caamp.0078s1124, Caamp.0078s1125
OG0003532	Thhalv10001962m.g	Caamp.0095s1286, Caamp.0079s0017
OG0003533	Thhalv10001922m.g	Caamp.0079s0021, Caamp.0095s1308
OG0003534	Thhalv10001917m.g	Caamp.0095s1328, Caamp.0079s0040
OG0003535	Thhalv10001892m.g	Caamp.0095s1336, Caamp.0079s0049
OG0003536	Thhalv10001996m.g	Caamp.0079s0056, Caamp.0095s1344
OG0003537	Thhalv10002034m.g	Caamp.0095s1375, Caamp.0079s0092
OG0003538	Thhalv10003989m.g	Caamp.0095s1377, Caamp.0079s0094
OG0003539	Thhalv10001874m.g	Caamp.0008s0030, Caamp.0008s0034, Caamp.0008s0029, Caamp.0008s0031
OG0003540	Thhalv10006491m.g	Caamp.0008s0229
OG0003540	Thhalv10006191m.g, Thhalv10006189m.g	Caamp.0095s0574, Caamp.0095s0575
OG0003541	Thhalv10003457m.g	Caamp.0097s0994, Caamp.0089s0002
OG0003541	Thhalv10003468m.g	Caamp.0089s0001
OG0003542	Thhalv10025068m.g	Caamp.0090s0022, Caamp.0095s0041
OG0003543	Thhalv10026330m.g	Caamp.0095s0025, Caamp.0090s0039
OG0003544	Thhalv10026349m.g	Caamp.0090s0058, Caamp.0095s0004
OG0003545	Thhalv10002010m.g	Caamp.0093s0007, Caamp.0095s1306, Caamp.0095s1284
OG0003546	Thhalv10022672m.g	Caamp.0095s1274, Caamp.0093s0015
OG0003547	Thhalv10022522m.g	Caamp.0095s1261, Caamp.0093s0031
OG0003548	Thhalv10022602m.g	Caamp.0093s0045, Caamp.0095s1248
OG0003549	Thhalv10023125m.g, Thhalv10018192m.g	Caamp.0093s0053, Caamp.0095s1241
OG0003550	Thhalv10022562m.g, Thhalv10024453m.g	Caamp.0095s1230, Caamp.0093s0069
OG0003551	Thhalv10022720m.g	Caamp.0093s0073, Caamp.0095s1232
OG0003552	Thhalv10023032m.g	Caamp.0095s1200
OG0003552	Thhalv10022741m.g	Caamp.0093s0097
OG0003553	Thhalv10022871m.g	Caamp.0093s0112, Caamp.0097s0155
OG0003554	Thhalv10025533m.g	Caamp.0093s0133, Caamp.0095s1162
OG0003555	Thhalv10022521m.g	Caamp.0093s0170, Caamp.0095s1132
OG0003556	Thhalv10025960m.g	Caamp.0094s0029
OG0003557	Thhalv10025194m.g	Caamp.0094s0318
OG0003558	Thhalv10024765m.g, Thhalv10016473m.g	Caamp.0095s0104, Caamp.0097s0378
OG0003559	Thhalv10025212m.g	Caamp.0095s0128, Caamp.0097s0400
OG0003560	Thhalv10028176m.g	Caamp.0095s0599
OG0003561	Thhalv10006268m.g	Caamp.0099s0105, Caamp.0095s0633
OG0003562	Thhalv10005845m.g	Caamp.0095s0657, Caamp.0099s0082
OG0003563	Thhalv10010910m.g, Thhalv10005331m.g, Thhalv10006375m.g, Thhalv10006480m.g	Caamp.0099s0058, Caamp.0095s0680
OG0003564	Thhalv10011136m.g	Caamp.0099s0051, Caamp.0095s0688
OG0003564	Thhalv10010354m.g	Caamp.0099s0052
OG0003565	Thhalv10022955m.g	Caamp.0095s1193
OG0003566	Thhalv10027192m.g, Thhalv10029216m.g, Thhalv10023889m.g, Thhalv10002913m.g, Thhalv10002180m.g, Thhalv10029510m.g, Thhalv10029245m.g, Thhalv10003082m.g	Caamp.0097s0130
OG0003567	Thhalv10025426m.g, Thhalv10027271m.g, Thhalv10027220m.g, Thhalv10026937m.g, Thhalv10026841m.g	Caamp.0097s0377
OG0003568	Thhalv10027854m.g	Caamp.0097s0463, Caamp.0097s0803
OG0003569	Thhalv10028080m.g, Thhalv10027876m.g	Caamp.0097s0798
OG0003569	Thhalv10028303m.g	Caamp.0097s0800
OG0003570	Thhalv10028316m.g, Thhalv10028060m.g, Thhalv10028114m.g, Thhalv10017979m.g	Caamp.0097s0816
OG0003571	Thhalv10024348m.g	Caamp.0097s0945
OG0003600	Thhalv10000938m.g	Caamp.0001s0006, Caamp.0076s0829
OG0003601	Thhalv10001019m.g	Caamp.0001s0009, Caamp.0076s0826
OG0003602	Thhalv10000892m.g	Caamp.0076s0824, Caamp.0001s0010
OG0003603	Thhalv10000871m.g	Caamp.0001s0011, Caamp.0076s0822
OG0003604	Thhalv10000898m.g	Caamp.0076s0816, Caamp.0001s0018
OG0003605	Thhalv10000767m.g	Caamp.0076s0813, Caamp.0001s0021
OG0003606	Thhalv10001028m.g	Caamp.0076s0812, Caamp.0001s0022
OG0003607	Thhalv10000740m.g	Caamp.0076s0811, Caamp.0001s0023
OG0003608	Thhalv10000743m.g	Caamp.0001s0024, Caamp.0076s0810
OG0003609	Thhalv10000790m.g	Caamp.0001s0051, Caamp.0076s0790
OG0003610	Thhalv10001053m.g	Caamp.0076s0788, Caamp.0001s0053
OG0003611	Thhalv10001013m.g	Caamp.0001s0054, Caamp.0076s0787
OG0003612	Thhalv10000887m.g	Caamp.0076s0782, Caamp.0001s0060
OG0003613	Thhalv10000847m.g	Caamp.0001s0083, Caamp.0076s0755
OG0003614	Thhalv10000786m.g	Caamp.0076s0746, Caamp.0001s0093, Caamp.0001s0096
OG0003615	Thhalv10000874m.g	Caamp.0076s0747, Caamp.0001s0095
OG0003616	Thhalv10000879m.g	Caamp.0076s0745, Caamp.0001s0097
OG0003617	Thhalv10000782m.g	Caamp.0076s0739, Caamp.0001s0101
OG0003618	Thhalv10008890m.g	Caamp.0076s0734, Caamp.0001s0106
OG0003619	Thhalv10000755m.g	Caamp.0076s0727, Caamp.0001s0114
OG0003620	Thhalv10001045m.g	Caamp.0001s0119, Caamp.0076s0724
OG0003621	Thhalv10000802m.g	Caamp.0076s0712, Caamp.0001s0133
OG0003622	Thhalv10000937m.g	Caamp.0076s0694, Caamp.0001s0151
OG0003623	Thhalv10000784m.g	Caamp.0076s0692, Caamp.0001s0153
OG0003624	Thhalv10000816m.g	Caamp.0001s0156, Caamp.0076s0687
OG0003625	Thhalv10001052m.g	Caamp.0076s0685, Caamp.0001s0159
OG0003626	Thhalv10000881m.g	Caamp.0076s0673, Caamp.0001s0163
OG0003627	Thhalv10000944m.g	Caamp.0001s0167, Caamp.0076s0668
OG0003628	Thhalv10000876m.g	Caamp.0076s0662, Caamp.0001s0173
OG0003629	Thhalv10000836m.g	Caamp.0001s0174, Caamp.0076s0661
OG0003630	Thhalv10001222m.g	Caamp.0001s0182, Caamp.0076s0657
OG0003631	Thhalv10001147m.g, Thhalv10001145m.g	Caamp.0001s0185, Caamp.0076s0654
OG0003632	Thhalv10000834m.g	Caamp.0001s0193, Caamp.0076s0648
OG0003633	Thhalv10000927m.g	Caamp.0001s0194, Caamp.0076s0647
OG0003634	Thhalv10001735m.g	Caamp.0076s0626, Caamp.0001s0207, Caamp.0018s0077, Caamp.0076s0625
OG0003635	Thhalv10000738m.g	Caamp.0001s0217, Caamp.0076s0610
OG0003636	Thhalv10000758m.g	Caamp.0076s0609, Caamp.0001s0218
OG0003637	Thhalv10029514m.g, Thhalv10029430m.g	Caamp.0026s0675, Caamp.0076s0597, Caamp.0001s0258, Caamp.0001s0227
OG0003638	Thhalv10000855m.g	Caamp.0076s0590, Caamp.0001s0232
OG0003639	Thhalv10000939m.g	Caamp.0076s0589, Caamp.0001s0233
OG0003641	Thhalv10001085m.g	Caamp.0001s0246
OG0003641	Thhalv10001088m.g	Caamp.0001s0245
OG0003642	Thhalv10026599m.g	Caamp.0001s0268, Caamp.0061s0034
OG0003643	Thhalv10025298m.g	Caamp.0061s0056, Caamp.0001s0295
OG0003644	Thhalv10024713m.g	Caamp.0061s0058, Caamp.0001s0297
OG0003646	Thhalv10026222m.g	Caamp.0061s0068, Caamp.0001s0309
OG0003647	Thhalv10026673m.g	Caamp.0001s0316, Caamp.0107s0009
OG0003648	Thhalv10026812m.g	Caamp.0001s0337, Caamp.0012s0113
OG0003649	Thhalv10026516m.g	Caamp.0058s0025, Caamp.0001s0348
OG0003650	Thhalv10001248m.g	Caamp.0010s0016, Caamp.0041s0003
OG0003651	Thhalv10013672m.g	Caamp.0010s0030, Caamp.0105s0829
OG0003652	Thhalv10002006m.g, Thhalv10002003m.g	Caamp.0008s0133, Caamp.0010s0037, Caamp.1040s1103
OG0003653	Thhalv10001895m.g	Caamp.0008s0126, Caamp.0010s0047
OG0003654	Thhalv10000253m.g	Caamp.0010s0063, Caamp.0008s0109
OG0003655	Thhalv10000083m.g	Caamp.1039s0438, Caamp.0010s0078
OG0003656	Thhalv10000457m.g	Caamp.0010s0094, Caamp.1039s0428
OG0003657	Thhalv10000070m.g	Caamp.0010s0103, Caamp.1039s0413
OG0003658	Thhalv10000009m.g	Caamp.0010s0106, Caamp.1039s0406
OG0003659	Thhalv10000113m.g	Caamp.0010s0124, Caamp.1039s0350
OG0003660	Thhalv10000120m.g	Caamp.0010s0132, Caamp.1039s0363
OG0003661	Thhalv10000020m.g	Caamp.1039s0374, Caamp.0010s0135
OG0003662	Thhalv10000317m.g	Caamp.1039s0380, Caamp.0010s0141
OG0003663	Thhalv10000258m.g	Caamp.0010s0146, Caamp.1039s0345
OG0003664	Thhalv10000300m.g, Thhalv10029499m.g	Caamp.0010s0164, Caamp.1039s0319
OG0003665	Thhalv10001535m.g, Thhalv10009727m.g, Thhalv10009395m.g	Caamp.0018s0095
OG0003665	Thhalv10000704m.g	Caamp.0010s0168
OG0003666	Thhalv10000173m.g	Caamp.0010s0176, Caamp.1039s0299
OG0003667	Thhalv10000361m.g	Caamp.0010s0179
OG0003667	Thhalv10026383m.g	Caamp.0094s0735
OG0003668	Thhalv10000601m.g, Thhalv10024004m.g, Thhalv10026802m.g, Thhalv10027211m.g, Thhalv10027458m.g	Caamp.0010s0180, Caamp.1039s0295, Caamp.0010s0223
OG0003669	Thhalv10000051m.g	Caamp.0010s0181, Caamp.1039s0294
OG0003670	Thhalv10005473m.g, Thhalv10022133m.g	Caamp.0010s0189, Caamp.1035s0008
OG0003671	Thhalv10000165m.g	Caamp.0010s0199, Caamp.1039s0275
OG0003672	Thhalv10000127m.g	Caamp.0010s0206, Caamp.1039s0271
OG0003673	Thhalv10000280m.g	Caamp.1039s0265, Caamp.0010s0210
OG0003674	Thhalv10000362m.g	Caamp.1039s0259, Caamp.0010s0218
OG0003675	Thhalv10000343m.g	Caamp.0010s0224, Caamp.1039s0255
OG0003676	Thhalv10000066m.g	Caamp.1039s0214, Caamp.0010s0269
OG0003677	Thhalv10000354m.g	Caamp.1039s0204, Caamp.0007s0394, Caamp.0010s0277
OG0003678	Thhalv10019536m.g	Caamp.1039s0200
OG0003678	Thhalv10000628m.g, Thhalv10000610m.g, Thhalv10000519m.g, Thhalv10002366m.g	Caamp.0010s0287
OG0003679	Thhalv10026242m.g	Caamp.0010s0321, Caamp.0012s0125
OG0003680	Thhalv10002891m.g, Thhalv10012167m.g, Thhalv10012220m.g, Thhalv10012381m.g, Thhalv10012393m.g, Thhalv10012001m.g	Caamp.0010s0338
OG0003681	Thhalv10017379m.g	Caamp.0101s0005, Caamp.0013s0019
OG0003682	Thhalv10016340m.g	Caamp.0101s0006, Caamp.0013s0020
OG0003683	Thhalv10016642m.g	Caamp.0013s0024, Caamp.0101s0009
OG0003684	Thhalv10016643m.g	Caamp.0013s0030, Caamp.0101s0014
OG0003685	Thhalv10017181m.g	Caamp.0013s0040, Caamp.0101s0022
OG0003686	Thhalv10017086m.g	Caamp.0013s0043, Caamp.0101s0025
OG0003687	Thhalv10016147m.g	Caamp.0013s0050, Caamp.0101s0031
OG0003688	Thhalv10017810m.g	Caamp.0013s0055, Caamp.0101s0036
OG0003689	Thhalv10016626m.g	Caamp.0101s0038, Caamp.0013s0057
OG0003690	Thhalv10016255m.g	Caamp.0013s0059, Caamp.0101s0040
OG0003691	Thhalv10017032m.g	Caamp.0101s0041, Caamp.0013s0060
OG0003692	Thhalv10017165m.g	Caamp.0101s0042, Caamp.0013s0061
OG0003693	Thhalv10016347m.g	Caamp.0013s0070, Caamp.0101s0046
OG0003694	Thhalv10017443m.g	Caamp.0101s0050, Caamp.0013s0076
OG0003695	Thhalv10016386m.g	Caamp.0013s0078, Caamp.0101s0052
OG0003696	Thhalv10016679m.g	Caamp.0101s0053, Caamp.0013s0079
OG0003697	Thhalv10016277m.g	Caamp.0013s0081, Caamp.0101s0055
OG0003698	Thhalv10016329m.g	Caamp.0013s0082, Caamp.0101s0056
OG0003699	Thhalv10016207m.g	Caamp.0101s0066, Caamp.0013s0096
OG0003700	Thhalv10016842m.g	Caamp.0101s0069, Caamp.0097s0697
OG0003701	Thhalv10016498m.g	Caamp.0097s0703, Caamp.0101s0074
OG0003702	Thhalv10017900m.g	Caamp.0101s0075, Caamp.0097s0704
OG0003703	Thhalv10016590m.g	Caamp.0097s0710, Caamp.0101s0085
OG0003704	Thhalv10016313m.g	Caamp.0101s0086, Caamp.0097s0712
OG0003705	Thhalv10017447m.g	Caamp.0097s0714, Caamp.0101s0087
OG0003706	Thhalv10016532m.g	Caamp.0097s0717, Caamp.0101s0089
OG0003707	Thhalv10016236m.g	Caamp.0101s0094, Caamp.0097s0723
OG0003708	Thhalv10016327m.g	Caamp.0097s0736, Caamp.0101s0105
OG0003709	Thhalv10017323m.g	Caamp.0097s0743, Caamp.0101s0112
OG0003710	Thhalv10002111m.g	Caamp.0101s0120, Caamp.0080s0012
OG0003711	Thhalv10002649m.g	Caamp.0026s0233, Caamp.0101s0131
OG0003712	Thhalv10002410m.g	Caamp.0101s0134, Caamp.0026s0239
OG0003713	Thhalv10002520m.g	Caamp.0064s0513, Caamp.0101s0137
OG0003714	Thhalv10002483m.g	Caamp.0101s0138, Caamp.0064s0512
OG0003715	Thhalv10002656m.g	Caamp.0048s0008, Caamp.0101s0169
OG0003716	Thhalv10002626m.g	Caamp.0048s0013, Caamp.0101s0173
OG0003717	Thhalv10016509m.g	Caamp.1031s0291, Caamp.0102s0002
OG0003718	Thhalv10016665m.g, Thhalv10017965m.g	Caamp.0102s0028, Caamp.1031s0254
OG0003719	Thhalv10016400m.g	Caamp.0102s0043, Caamp.1031s0241
OG0003720	Thhalv10027610m.g	Caamp.1031s0222
OG0003720	Thhalv10016416m.g	Caamp.0102s0063
OG0003721	Thhalv10003384m.g	Caamp.1031s0242
OG0003721	Thhalv10017517m.g	Caamp.0102s0080, Caamp.1031s0200
OG0003722	Thhalv10016968m.g	Caamp.0102s0121, Caamp.1031s0157
OG0003723	Thhalv10016307m.g	Caamp.1031s0156, Caamp.0102s0123
OG0003724	Thhalv10016987m.g	Caamp.1031s0155, Caamp.0102s0124
OG0003725	Thhalv10017916m.g	Caamp.1031s0139, Caamp.0102s0136
OG0003726	Thhalv10016926m.g	Caamp.0102s0139, Caamp.1031s0136
OG0003727	Thhalv10001711m.g	Caamp.1031s0567, Caamp.0102s0153, Caamp.0076s1406
OG0003728	Thhalv10016709m.g	Caamp.0102s0183, Caamp.1031s0102
OG0003729	Thhalv10016387m.g	Caamp.1031s0100, Caamp.0102s0185
OG0003730	Thhalv10016251m.g	Caamp.0102s0201, Caamp.1031s0085
OG0003731	Thhalv10017727m.g	Caamp.0102s0217, Caamp.1031s0065
OG0003732	Thhalv10017516m.g	Caamp.0102s0230, Caamp.1031s0050
OG0003733	Thhalv10016566m.g	Caamp.0102s0235, Caamp.1031s0045
OG0003734	Thhalv10016460m.g	Caamp.0102s0238, Caamp.1031s0041
OG0003735	Thhalv10016232m.g	Caamp.0102s0245, Caamp.1031s0035
OG0003736	Thhalv10017859m.g	Caamp.1031s0016, Caamp.0102s0266
OG0003737	Thhalv10016206m.g	Caamp.1031s0004, Caamp.0102s0281
OG0003738	Thhalv10017729m.g	Caamp.0102s0293, Caamp.0105s0773
OG0003739	Thhalv10016645m.g	Caamp.0105s0769, Caamp.0102s0296
OG0003740	Thhalv10017427m.g, Thhalv10022483m.g	Caamp.0105s0767, Caamp.0102s0298
OG0003741	Thhalv10017215m.g	Caamp.0102s0313, Caamp.0105s0750
OG0003742	Thhalv10017513m.g	Caamp.0102s0314, Caamp.0105s0749
OG0003743	Thhalv10017031m.g	Caamp.0102s0328, Caamp.0105s0734
OG0003744	Thhalv10017966m.g	Caamp.0102s0330, Caamp.0105s0732
OG0003745	Thhalv10016431m.g	Caamp.0105s0718, Caamp.0102s0345
OG0003746	Thhalv10016198m.g	Caamp.0102s0348, Caamp.0105s0715
OG0003747	Thhalv10016472m.g	Caamp.0105s0707, Caamp.0102s0356
OG0003748	Thhalv10016298m.g	Caamp.0102s0359, Caamp.0105s0704
OG0003749	Thhalv10016734m.g	Caamp.0102s0360, Caamp.0105s0703
OG0003750	Thhalv10016912m.g	Caamp.0105s0694, Caamp.0102s0369
OG0003751	Thhalv10016833m.g	Caamp.0105s0683, Caamp.0102s0377
OG0003752	Thhalv10016173m.g	Caamp.0102s0379, Caamp.0105s0681
OG0003753	Thhalv10027102m.g	Caamp.0105s0669, Caamp.0102s0395, Caamp.0102s0394
OG0003754	Thhalv10016259m.g	Caamp.0102s0399, Caamp.0105s0665, Caamp.0015s0067
OG0003755	Thhalv10016937m.g	Caamp.0105s0664, Caamp.0102s0400
OG0003756	Thhalv10016755m.g	Caamp.0102s0413, Caamp.0105s0651
OG0003757	Thhalv10016176m.g	Caamp.0105s0634, Caamp.0102s0431
OG0003758	Thhalv10016415m.g	Caamp.0102s0432, Caamp.0105s0633
OG0003759	Thhalv10017156m.g	Caamp.0102s0441, Caamp.0105s0624
OG0003760	Thhalv10017772m.g	Caamp.0095s0973, Caamp.0102s0443, Caamp.0105s0622
OG0003761	Thhalv10017124m.g	Caamp.0105s0621, Caamp.0102s0444
OG0003762	Thhalv10016349m.g	Caamp.0102s0448, Caamp.0105s0615
OG0003763	Thhalv10016656m.g	Caamp.0105s0607, Caamp.0102s0458
OG0003764	Thhalv10016258m.g	Caamp.0102s0465, Caamp.0105s0603
OG0003765	Thhalv10017498m.g	Caamp.0105s0598, Caamp.0102s0469
OG0003766	Thhalv10016563m.g	Caamp.0095s0120, Caamp.0102s0473, Caamp.0105s0592
OG0003767	Thhalv10016124m.g	Caamp.0105s0588, Caamp.0102s0484
OG0003768	Thhalv10016906m.g	Caamp.0102s0490, Caamp.0105s0582
OG0003769	Thhalv10016768m.g	Caamp.0102s0495, Caamp.0105s0572
OG0003770	Thhalv10017330m.g	Caamp.0105s0570, Caamp.0102s0499
OG0003771	Thhalv10017361m.g	Caamp.1037s0386, Caamp.0102s0529, Caamp.0105s0540
OG0003772	Thhalv10016146m.g	Caamp.0102s0530, Caamp.0105s0539
OG0003773	Thhalv10016654m.g	Caamp.0102s0531, Caamp.0105s0538
OG0003774	Thhalv10016154m.g	Caamp.0105s0535, Caamp.0102s0533
OG0003775	Thhalv10016297m.g	Caamp.0102s0542, Caamp.0105s0524
OG0003776	Thhalv10016753m.g	Caamp.0102s0550, Caamp.0105s0517
OG0003777	Thhalv10017283m.g	Caamp.0102s0553
OG0003777	Thhalv10012349m.g	Caamp.0105s0513
OG0003778	Thhalv10016130m.g	Caamp.0105s0497, Caamp.0102s0571
OG0003779	Thhalv10016345m.g	Caamp.0102s0572, Caamp.0105s0496
OG0003780	Thhalv10017404m.g	Caamp.0105s0459, Caamp.0102s0601
OG0003781	Thhalv10017387m.g	Caamp.0102s0603, Caamp.0105s0457
OG0003782	Thhalv10016919m.g	Caamp.0102s0606, Caamp.0105s0454
OG0003783	Thhalv10017163m.g	Caamp.0102s0612, Caamp.0105s0450
OG0003784	Thhalv10016256m.g	Caamp.0102s0617, Caamp.0105s0445
OG0003785	Thhalv10016466m.g	Caamp.0102s0626, Caamp.0105s0436
OG0003786	Thhalv10016396m.g	Caamp.0102s0628, Caamp.0105s0434
OG0003787	Thhalv10016784m.g	Caamp.0105s0427, Caamp.0102s0631
OG0003788	Thhalv10017477m.g	Caamp.0105s0421, Caamp.0102s0638
OG0003789	Thhalv10017314m.g	Caamp.0105s0420, Caamp.0102s0639
OG0003790	Thhalv10016429m.g	Caamp.0102s0640, Caamp.0105s0419
OG0003791	Thhalv10005174m.g	Caamp.0105s0415, Caamp.0102s0643
OG0003792	Thhalv10017431m.g	Caamp.0102s0654, Caamp.0105s0404
OG0003793	Thhalv10016587m.g	Caamp.0105s0395, Caamp.0102s0664
OG0003794	Thhalv10016801m.g	Caamp.0105s0394, Caamp.0102s0665
OG0003795	Thhalv10016366m.g	Caamp.0102s0670, Caamp.0105s0389
OG0003796	Thhalv10016779m.g	Caamp.0102s0672, Caamp.0105s0387
OG0003797	Thhalv10016157m.g	Caamp.0105s0384, Caamp.0102s0674
OG0003798	Thhalv10017284m.g	Caamp.0102s0677, Caamp.0105s0381
OG0003799	Thhalv10017223m.g	Caamp.0105s0377, Caamp.0102s0681
OG0003800	Thhalv10016744m.g	Caamp.0102s0694, Caamp.0105s0365
OG0003801	Thhalv10028695m.g	Caamp.0102s0703, Caamp.0028s0240
OG0003802	Thhalv10028629m.g	Caamp.0028s0238, Caamp.0102s0705
OG0003803	Thhalv10028949m.g	Caamp.0028s0234, Caamp.0102s0709
OG0003804	Thhalv10028490m.g	Caamp.0102s0710, Caamp.0028s0233
OG0003805	Thhalv10028643m.g	Caamp.0102s0712, Caamp.0028s0230
OG0003806	Thhalv10028604m.g	Caamp.0028s0226, Caamp.0102s0716
OG0003807	Thhalv10028549m.g	Caamp.0028s0224, Caamp.0102s0718
OG0003808	Thhalv10028744m.g	Caamp.0102s0721, Caamp.0028s0219
OG0003809	Thhalv10028735m.g	Caamp.0102s0728, Caamp.0028s0214
OG0003810	Thhalv10029117m.g	Caamp.0028s0201, Caamp.0102s0738
OG0003811	Thhalv10028797m.g	Caamp.0028s0192, Caamp.0102s0749
OG0003812	Thhalv10028363m.g	Caamp.0102s0752, Caamp.0028s0190
OG0003813	Thhalv10029051m.g	Caamp.0102s0764, Caamp.0028s0182
OG0003814	Thhalv10012343m.g, Thhalv10012233m.g, Thhalv10024065m.g	Caamp.0102s0775, Caamp.0105s0198, Caamp.0003s0689
OG0003815	Thhalv10028398m.g	Caamp.0028s0160, Caamp.0102s0783
OG0003816	Thhalv10028704m.g	Caamp.0102s0784, Caamp.0028s0161
OG0003817	Thhalv10028863m.g	Caamp.0102s0789, Caamp.0028s0166
OG0003818	Thhalv10028850m.g	Caamp.0102s0793, Caamp.0028s0168
OG0003819	Thhalv10028519m.g	Caamp.0102s0802, Caamp.0028s0153
OG0003820	Thhalv10028640m.g	Caamp.0102s0803
OG0003821	Thhalv10001489m.g	Caamp.0018s0293, Caamp.0102s0808
OG0003822	Thhalv10029255m.g, Thhalv10028868m.g	Caamp.0102s0809, Caamp.0028s0151
OG0003823	Thhalv10028481m.g	Caamp.0028s0145, Caamp.0102s0814
OG0003824	Thhalv10028683m.g	Caamp.0028s0138, Caamp.0102s0822
OG0003825	Thhalv10028526m.g	Caamp.0102s0825, Caamp.0028s0135
OG0003826	Thhalv10028495m.g	Caamp.0102s0839, Caamp.0028s0123
OG0003827	Thhalv10028842m.g	Caamp.0102s0842, Caamp.0028s0119
OG0003828	Thhalv10028888m.g	Caamp.0102s0843, Caamp.0028s0118
OG0003829	Thhalv10028384m.g	Caamp.0102s0862, Caamp.0028s0098
OG0003830	Thhalv10028507m.g	Caamp.0102s0877, Caamp.0028s0087
OG0003831	Thhalv10028989m.g	Caamp.0028s0074, Caamp.0102s0890
OG0003832	Thhalv10028584m.g	Caamp.0102s0891, Caamp.0028s0073
OG0003833	Thhalv10028838m.g	Caamp.0102s0905, Caamp.0028s0062
OG0003834	Thhalv10028979m.g	Caamp.1040s1421, Caamp.0102s0911, Caamp.0028s0057
OG0003835	Thhalv10028553m.g	Caamp.0102s0917, Caamp.0028s0048
OG0003836	Thhalv10028861m.g	Caamp.0102s0918, Caamp.0028s0047
OG0003837	Thhalv10006070m.g, Thhalv10006071m.g	Caamp.0102s0921
OG0003838	Thhalv10029063m.g	Caamp.0028s0028, Caamp.0102s0946
OG0003839	Thhalv10029093m.g, Thhalv10028005m.g	Caamp.0102s0949, Caamp.0028s0024
OG0003840	Thhalv10028810m.g	Caamp.0028s0019, Caamp.0102s0953
OG0003841	Thhalv10028555m.g	Caamp.0102s0996, Caamp.0028s0007
OG0003842	Thhalv10028769m.g	Caamp.0028s0004, Caamp.0102s1000
OG0003843	Thhalv10028540m.g	Caamp.0049s0021, Caamp.0102s1023
OG0003844	Thhalv10027396m.g	Caamp.0059s0147, Caamp.1027s0003
OG0003845	Thhalv10005467m.g	Caamp.1027s0004, Caamp.0059s0146
OG0003846	Thhalv10025111m.g	Caamp.1027s0032
OG0003846	Thhalv10025258m.g	Caamp.0105s1047
OG0003847	Thhalv10026520m.g	Caamp.1027s0040
OG0003848	Thhalv10025494m.g	Caamp.0094s0033, Caamp.1027s0078
OG0003848	Thhalv10000210m.g	Caamp.0059s0076
OG0003849	Thhalv10024751m.g	Caamp.1027s0086, Caamp.0026s0583
OG0003850	Thhalv10025958m.g	Caamp.0094s0087, Caamp.1027s0140
OG0003851	Thhalv10024225m.g	Caamp.0094s0094
OG0003851	Thhalv10011916m.g, Thhalv10028355m.g	Caamp.1027s0148
OG0003852	Thhalv10026378m.g	Caamp.1027s0151, Caamp.0094s0097
OG0003853	Thhalv10000378m.g	Caamp.0094s0115, Caamp.1027s0169
OG0003854	Thhalv10025437m.g	Caamp.0094s0181, Caamp.1027s0211, Caamp.0073s0028
OG0003855	Thhalv10025178m.g	Caamp.1027s0220
OG0003855	Thhalv10025180m.g	Caamp.1027s0221
OG0003856	Thhalv10025695m.g	Caamp.0094s0169, Caamp.1027s0223
OG0003857	Thhalv10024286m.g	Caamp.0094s0164, Caamp.1027s0228
OG0003858	Thhalv10027040m.g	Caamp.0094s0190, Caamp.1027s0243
OG0003859	Thhalv10025593m.g	Caamp.1027s0276, Caamp.0094s0223
OG0003860	Thhalv10017910m.g	Caamp.0105s0551
OG0003860	Thhalv10017827m.g, Thhalv10009920m.g	Caamp.1031s0062
OG0003861	Thhalv10016436m.g	Caamp.1031s0149
OG0003862	Thhalv10017880m.g, Thhalv10017950m.g, Thhalv10017514m.g, Thhalv10017958m.g	Caamp.1031s0284
OG0003863	Thhalv10016615m.g	Caamp.0076s1665, Caamp.1031s0308
OG0003864	Thhalv10016454m.g	Caamp.1031s0320, Caamp.0076s1654
OG0003865	Thhalv10016632m.g	Caamp.1031s0381, Caamp.0076s1590
OG0003866	Thhalv10016562m.g	Caamp.1031s0385, Caamp.0076s1585
OG0003867	Thhalv10016812m.g	Caamp.1031s0391, Caamp.0076s1578
OG0003868	Thhalv10016216m.g	Caamp.1031s0398, Caamp.0076s1568
OG0003869	Thhalv10016171m.g	Caamp.0076s1567, Caamp.1031s0399
OG0003870	Thhalv10016315m.g	Caamp.1031s0407, Caamp.0076s1560
OG0003871	Thhalv10017089m.g	Caamp.1031s0413, Caamp.0076s1555
OG0003872	Thhalv10016847m.g	Caamp.0076s1534, Caamp.1031s0432
OG0003874	Thhalv10017158m.g	Caamp.1031s0444, Caamp.0076s1522
OG0003875	Thhalv10016316m.g	Caamp.0076s1518, Caamp.1031s0449
OG0003876	Thhalv10016741m.g	Caamp.0076s1516, Caamp.1031s0451
OG0003877	Thhalv10016582m.g	Caamp.0076s1487, Caamp.1031s0476
OG0003878	Thhalv10017142m.g	Caamp.1031s0502, Caamp.0076s1459
OG0003879	Thhalv10017125m.g	Caamp.1031s0503, Caamp.0076s1458
OG0003880	Thhalv10001772m.g	Caamp.0076s1444
OG0003880	Thhalv10001801m.g	Caamp.0076s1443, Caamp.1031s0516
OG0003881	Thhalv10001777m.g	Caamp.0076s1427, Caamp.1031s0537
OG0003882	Thhalv10001418m.g	Caamp.1031s0572
OG0003883	Thhalv10001750m.g	Caamp.1031s0585, Caamp.0018s0003
OG0003884	Thhalv10001361m.g	Caamp.0018s0010, Caamp.1031s0592
OG0003885	Thhalv10001527m.g	Caamp.0018s0037, Caamp.1031s0617
OG0003886	Thhalv10014438m.g, Thhalv10015472m.g, Thhalv10001552m.g	Caamp.1031s0628, Caamp.0190s1317
OG0003887	Thhalv10001749m.g	Caamp.1031s0635
OG0003887	Thhalv10005838m.g	Caamp.0023s0340, Caamp.0095s0334
OG0003888	Thhalv10001322m.g	Caamp.0018s0069, Caamp.1031s0654
OG0003889	Thhalv10001315m.g	Caamp.1031s0655, Caamp.0018s0070
OG0003890	Thhalv10001300m.g	Caamp.0018s0074, Caamp.1031s0660
OG0003891	Thhalv10001320m.g	Caamp.0018s0092, Caamp.1031s0677
OG0003892	Thhalv10001404m.g	Caamp.0018s0113, Caamp.1031s0693
OG0003893	Thhalv10001760m.g	Caamp.0018s0122, Caamp.1031s0702
OG0003894	Thhalv10005998m.g	Caamp.0023s0406
OG0003894	Thhalv10001463m.g	Caamp.1031s0706, Caamp.0018s0126
OG0003895	Thhalv10001408m.g	Caamp.0018s0130, Caamp.1031s0710
OG0003896	Thhalv10001692m.g	Caamp.1031s0727, Caamp.0018s0148
OG0003897	Thhalv10001280m.g	Caamp.1031s0759, Caamp.0018s0178
OG0003898	Thhalv10001599m.g	Caamp.0018s0192, Caamp.1031s0773
OG0003899	Thhalv10028732m.g, Thhalv10001493m.g	Caamp.1031s0775, Caamp.0018s0194
OG0003900	Thhalv10001562m.g	Caamp.1031s0778, Caamp.0190s1167, Caamp.0018s0197
OG0003901	Thhalv10001596m.g	Caamp.1031s0784, Caamp.0018s0202
OG0003902	Thhalv10001752m.g	Caamp.0018s0207, Caamp.1031s0787
OG0003903	Thhalv10005650m.g	Caamp.0097s1015, Caamp.1031s0800, Caamp.0018s0222
OG0003904	Thhalv10001379m.g	Caamp.0018s0224, Caamp.1031s0802
OG0003905	Thhalv10001774m.g	Caamp.0303s1020, Caamp.0018s0225, Caamp.1031s0803
OG0003906	Thhalv10019782m.g	Caamp.0018s0227
OG0003906	Thhalv10001293m.g	Caamp.1031s0805
OG0003907	Thhalv10001540m.g	Caamp.1031s0813, Caamp.0065s0109, Caamp.0023s0493
OG0003908	Thhalv10028615m.g	Caamp.0018s0237, Caamp.1031s0814, Caamp.0023s0494, Caamp.0065s0110
OG0003909	Thhalv10001550m.g	Caamp.1031s0836, Caamp.0018s0261
OG0003910	Thhalv10001465m.g	Caamp.0018s0276
OG0003911	Thhalv10001321m.g	Caamp.1031s0874, Caamp.0018s0303
OG0003912	Thhalv10001292m.g	Caamp.1031s0888, Caamp.0018s0318
OG0003913	Thhalv10001505m.g	Caamp.0018s0334, Caamp.1031s0905
OG0003914	Thhalv10001585m.g	Caamp.0018s0336, Caamp.1031s0907
OG0003915	Thhalv10001316m.g	Caamp.0018s0343, Caamp.1031s0915
OG0003916	Thhalv10001399m.g	Caamp.1031s0917, Caamp.0018s0346
OG0003917	Thhalv10001691m.g	Caamp.0018s0347, Caamp.1031s0919
OG0003918	Thhalv10006584m.g	Caamp.1033s0008, Caamp.0190s0129
OG0003919	Thhalv10007304m.g	Caamp.1033s0013, Caamp.0190s0133
OG0003920	Thhalv10008129m.g	Caamp.1033s0016, Caamp.0190s0135
OG0003921	Thhalv10007751m.g	Caamp.0190s0152, Caamp.1033s0033
OG0003922	Thhalv10009379m.g	Caamp.0037s0333, Caamp.1033s0052
OG0003923	Thhalv10007200m.g	Caamp.0037s0356, Caamp.1033s0072
OG0003924	Thhalv10007380m.g	Caamp.1033s0079, Caamp.0037s0361
OG0003925	Thhalv10009689m.g	Caamp.0037s0370, Caamp.1033s0085
OG0003926	Thhalv10000448m.g	Caamp.0037s0388, Caamp.1033s0111
OG0003927	Thhalv10006603m.g	Caamp.1033s0116, Caamp.0037s0393
OG0003928	Thhalv10006692m.g	Caamp.1033s0122, Caamp.0037s0400
OG0003929	Thhalv10008564m.g	Caamp.1033s0128, Caamp.0037s0404
OG0003930	Thhalv10008638m.g	Caamp.1033s0155, Caamp.0037s0437
OG0003931	Thhalv10006548m.g	Caamp.1033s0158, Caamp.0037s0440
OG0003932	Thhalv10007807m.g	Caamp.0037s0480, Caamp.1033s0197
OG0003934	Thhalv10008007m.g	Caamp.1033s0202, Caamp.0037s0489
OG0003935	Thhalv10009785m.g	Caamp.1033s0204, Caamp.0037s0490
OG0003936	Thhalv10007045m.g	Caamp.0037s0504, Caamp.1033s0220
OG0003937	Thhalv10009197m.g	Caamp.0037s0526, Caamp.1033s0241
OG0003938	Thhalv10007709m.g	Caamp.1033s0248, Caamp.0037s0533
OG0003939	Thhalv10006921m.g	Caamp.1033s0252, Caamp.0037s0538
OG0003940	Thhalv10008835m.g	Caamp.0037s0551, Caamp.1033s0264
OG0003941	Thhalv10009076m.g	Caamp.0037s0552, Caamp.1036s0471, Caamp.1033s0265
OG0003942	Thhalv10006734m.g	Caamp.0037s0565, Caamp.1033s0277
OG0003943	Thhalv10008841m.g	Caamp.1033s0290, Caamp.0037s0578
OG0003944	Thhalv10006970m.g	Caamp.1033s0293, Caamp.0037s0581
OG0003945	Thhalv10007629m.g	Caamp.1033s0294, Caamp.0037s0582
OG0003946	Thhalv10008576m.g	Caamp.1033s0298, Caamp.0037s0585
OG0003947	Thhalv10007125m.g	Caamp.0037s0591, Caamp.1033s0303
OG0003948	Thhalv10027099m.g, Thhalv10008115m.g	Caamp.0037s0612, Caamp.1033s0325
OG0003949	Thhalv10006778m.g	Caamp.1033s0326, Caamp.0037s0613
OG0003950	Thhalv10007685m.g	Caamp.1033s0333, Caamp.0037s0625
OG0003951	Thhalv10009743m.g	Caamp.1033s0334, Caamp.0037s0626
OG0003952	Thhalv10007625m.g	Caamp.1033s0352, Caamp.0037s0638
OG0003953	Thhalv10008096m.g	Caamp.0037s0641, Caamp.1033s0356, Caamp.0021s0014
OG0003954	Thhalv10009376m.g	Caamp.1033s0358, Caamp.0037s0643
OG0003955	Thhalv10006540m.g	Caamp.1033s0364, Caamp.0037s0650
OG0003956	Thhalv10007532m.g	Caamp.0037s0654
OG0003956	Thhalv10017450m.g	Caamp.1033s0369
OG0003957	Thhalv10009220m.g	Caamp.0002s0287, Caamp.1033s0372, Caamp.0037s0657
OG0003958	Thhalv10009051m.g	Caamp.1033s0374, Caamp.0037s0659
OG0003959	Thhalv10006977m.g	Caamp.1033s0376, Caamp.0037s0661
OG0003960	Thhalv10008563m.g	Caamp.1033s0393, Caamp.0037s0672
OG0003961	Thhalv10008300m.g	Caamp.1033s0403, Caamp.0037s0681
OG0003962	Thhalv10007008m.g	Caamp.0070s0100, Caamp.1033s0434
OG0003963	Thhalv10007043m.g	Caamp.1033s0435, Caamp.0070s0099
OG0003964	Thhalv10006574m.g	Caamp.1033s0438, Caamp.0070s0097
OG0003965	Thhalv10007547m.g	Caamp.0085s0055, Caamp.1033s0440, Caamp.0070s0096
OG0003966	Thhalv10008251m.g	Caamp.1033s0442, Caamp.0070s0094
OG0003967	Thhalv10006616m.g	Caamp.1033s0463, Caamp.0070s0076
OG0003968	Thhalv10008820m.g	Caamp.0070s0069, Caamp.1033s0470
OG0003969	Thhalv10009825m.g	Caamp.1033s0480, Caamp.0070s0060
OG0003970	Thhalv10008031m.g	Caamp.1033s0484, Caamp.0070s0056
OG0003971	Thhalv10007112m.g	Caamp.1033s0485, Caamp.0070s0055
OG0003972	Thhalv10008037m.g	Caamp.0070s0046, Caamp.1033s0494
OG0003973	Thhalv10016782m.g	Caamp.1033s0509, Caamp.0070s0035
OG0003974	Thhalv10006543m.g	Caamp.0070s0025, Caamp.1033s0521
OG0003975	Thhalv10006677m.g	Caamp.1033s0522, Caamp.0070s0024
OG0003976	Thhalv10008609m.g	Caamp.0070s0019, Caamp.1033s0527
OG0003977	Thhalv10009660m.g	Caamp.1033s0556, Caamp.0078s0602
OG0003978	Thhalv10006666m.g	Caamp.1033s0561, Caamp.0078s0596
OG0003979	Thhalv10007505m.g	Caamp.1033s0568, Caamp.0078s0587
OG0003980	Thhalv10009779m.g	Caamp.0078s0586, Caamp.1033s0570
OG0003981	Thhalv10009585m.g	Caamp.1033s0572, Caamp.0078s0584
OG0003983	Thhalv10006884m.g	Caamp.1033s0586, Caamp.0078s0564
OG0003984	Thhalv10008596m.g	Caamp.1033s0596, Caamp.0007s0004
OG0003985	Thhalv10006931m.g	Caamp.0007s0027, Caamp.0007s0249, Caamp.1033s0622
OG0003986	Thhalv10006598m.g	Caamp.0007s0028, Caamp.1033s0623
OG0003987	Thhalv10009093m.g	Caamp.0007s0036, Caamp.1033s0636
OG0003988	Thhalv10008455m.g	Caamp.0007s0042, Caamp.1033s0642
OG0003989	Thhalv10007753m.g	Caamp.0007s0043, Caamp.1033s0643
OG0003990	Thhalv10008899m.g	Caamp.1033s0646, Caamp.0007s0046
OG0003991	Thhalv10007518m.g	Caamp.1033s0659, Caamp.0007s0058
OG0003992	Thhalv10007414m.g	Caamp.1033s0663, Caamp.0007s0062
OG0003993	Thhalv10011235m.g	Caamp.0037s0022, Caamp.1033s0664
OG0003994	Thhalv10011531m.g	Caamp.0046s0022, Caamp.0037s0020, Caamp.1033s0665
OG0003995	Thhalv10006747m.g	Caamp.1033s0666, Caamp.0007s0063
OG0003996	Thhalv10006695m.g	Caamp.1033s0667, Caamp.0007s0069
OG0003997	Thhalv10007010m.g	Caamp.1033s0668, Caamp.0007s0068
OG0003998	Thhalv10009090m.g	Caamp.0007s0066, Caamp.1033s0673
OG0003999	Thhalv10006933m.g	Caamp.1033s0676, Caamp.0007s0064
OG0004000	Thhalv10007064m.g	Caamp.0007s0070, Caamp.1033s0678
OG0004001	Thhalv10007861m.g	Caamp.0007s0073, Caamp.1033s0681
OG0004002	Thhalv10007107m.g	Caamp.0007s0100, Caamp.1033s0710
OG0004003	Thhalv10008077m.g	Caamp.0007s0112, Caamp.1033s0724
OG0004004	Thhalv10008022m.g	Caamp.1033s0730, Caamp.0007s0120
OG0004005	Thhalv10007394m.g	Caamp.0007s0126, Caamp.1033s0737
OG0004006	Thhalv10008439m.g	Caamp.0007s0145, Caamp.1033s0746
OG0004007	Thhalv10007862m.g	Caamp.0007s0146, Caamp.1033s0747
OG0004008	Thhalv10008731m.g	Caamp.1033s0750, Caamp.0007s0150
OG0004009	Thhalv10009358m.g	Caamp.1033s0753, Caamp.0007s0153
OG0004010	Thhalv10006721m.g	Caamp.0007s0163, Caamp.1033s0762
OG0004011	Thhalv10007841m.g	Caamp.0059s0043, Caamp.1033s0764, Caamp.0007s0165
OG0004012	Thhalv10006757m.g	Caamp.1033s0766, Caamp.0007s0167
OG0004013	Thhalv10006719m.g	Caamp.0007s0171, Caamp.1033s0771
OG0004014	Thhalv10007027m.g	Caamp.1033s0775, Caamp.0007s0174
OG0004015	Thhalv10006980m.g	Caamp.1033s0777, Caamp.0007s0175
OG0004016	Thhalv10007385m.g	Caamp.0007s0178, Caamp.1033s0780
OG0004017	Thhalv10007126m.g	Caamp.0007s0181, Caamp.1033s0787
OG0004018	Thhalv10008417m.g	Caamp.1033s0789, Caamp.0007s0182
OG0004019	Thhalv10006775m.g	Caamp.0007s0188, Caamp.1033s0797
OG0004020	Thhalv10006831m.g	Caamp.0007s0198, Caamp.1033s0809
OG0004021	Thhalv10007879m.g	Caamp.1033s0814, Caamp.0007s0202
OG0004022	Thhalv10007794m.g	Caamp.1033s0815, Caamp.0007s0203
OG0004023	Thhalv10008373m.g	Caamp.0007s0210, Caamp.1033s0823
OG0004024	Thhalv10007192m.g	Caamp.1033s0824, Caamp.0007s0211
OG0004025	Thhalv10007797m.g	Caamp.0007s0227, Caamp.1033s0838
OG0004026	Thhalv10017570m.g, Thhalv10017889m.g	Caamp.1033s0839
OG0004027	Thhalv10008423m.g	Caamp.1033s0841, Caamp.0007s0228
OG0004028	Thhalv10009570m.g	Caamp.0007s0229, Caamp.1033s0842
OG0004029	Thhalv10007217m.g	Caamp.0007s0231, Caamp.1033s0844
OG0004030	Thhalv10009227m.g	Caamp.1033s0847, Caamp.0007s0234
OG0004031	Thhalv10008989m.g	Caamp.0007s0240, Caamp.1033s0855
OG0004032	Thhalv10008795m.g	Caamp.1033s0863, Caamp.0007s0247
OG0004033	Thhalv10008194m.g	Caamp.1033s0866, Caamp.0007s0250
OG0004034	Thhalv10009230m.g, Thhalv10009742m.g	Caamp.0007s0266, Caamp.1033s0879
OG0004035	Thhalv10007803m.g	Caamp.1033s0880, Caamp.0007s0267
OG0004036	Thhalv10007021m.g	Caamp.1033s0892, Caamp.0007s0274
OG0004037	Thhalv10007044m.g	Caamp.1033s0896, Caamp.0007s0284
OG0004038	Thhalv10008055m.g	Caamp.1033s0901, Caamp.0007s0288
OG0004039	Thhalv10006552m.g	Caamp.0007s0300, Caamp.1033s0917
OG0004040	Thhalv10006898m.g	Caamp.0007s0314, Caamp.1033s0931
OG0004041	Thhalv10006714m.g	Caamp.0007s0315, Caamp.1033s0932
OG0004042	Thhalv10008704m.g	Caamp.0007s0342, Caamp.1033s0946
OG0004043	Thhalv10008850m.g	Caamp.1033s0947, Caamp.0007s0343
OG0004044	Thhalv10006908m.g	Caamp.0007s0353, Caamp.1033s0961
OG0004045	Thhalv10007608m.g	Caamp.0007s0355, Caamp.1033s0965
OG0004047	Thhalv10007221m.g	Caamp.1033s0971, Caamp.0007s0358
OG0004048	Thhalv10007134m.g	Caamp.0007s0362, Caamp.1033s0974
OG0004049	Thhalv10006561m.g	Caamp.1033s0976, Caamp.0007s0364
OG0004050	Thhalv10007023m.g	Caamp.1033s0978, Caamp.0007s0367
OG0004051	Thhalv10007321m.g	Caamp.1033s0979, Caamp.0007s0368
OG0004052	Thhalv10008956m.g	Caamp.1033s0980, Caamp.0007s0369
OG0004053	Thhalv10007411m.g	Caamp.1033s0982, Caamp.1040s1300, Caamp.0007s0371
OG0004054	Thhalv10007561m.g	Caamp.0007s0373, Caamp.1033s0985
OG0004055	Thhalv10001839m.g	Caamp.1033s0991, Caamp.0007s0385
OG0004056	Thhalv10001820m.g	Caamp.0007s0386, Caamp.1033s0992
OG0004057	Thhalv10001830m.g	Caamp.0007s0388, Caamp.1033s0994
OG0004058	Thhalv10001824m.g	Caamp.1033s0997, Caamp.0007s0391
OG0004059	Thhalv10029197m.g, Thhalv10029484m.g, Thhalv10029356m.g, Thhalv10027031m.g	Caamp.1033s1022, Caamp.0064s0430
OG0004060	Thhalv10001866m.g	Caamp.1033s1037, Caamp.0008s0009
OG0004061	Thhalv10001818m.g	Caamp.0008s0012, Caamp.1033s1040
OG0004062	Thhalv10001827m.g	Caamp.1033s1042, Caamp.0008s0013
OG0004063	Thhalv10001831m.g	Caamp.1033s1057, Caamp.0008s0036
OG0004064	Thhalv10004985m.g	Caamp.0078s0099, Caamp.1035s0014, Caamp.0033s0377
OG0004065	Thhalv10010952m.g	Caamp.1035s0058
OG0004065	Thhalv10004147m.g	Caamp.0033s0335
OG0004066	Thhalv10003933m.g, Thhalv10005306m.g	Caamp.0033s0332, Caamp.1035s0061
OG0004067	Thhalv10003912m.g, Thhalv10019768m.g, Thhalv10005311m.g	Caamp.1035s0152, Caamp.0033s0248
OG0004068	Thhalv10005132m.g	Caamp.0033s0194, Caamp.1035s0216
OG0004069	Thhalv10024248m.g, Thhalv10005618m.g	Caamp.0033s0190, Caamp.1035s0219
OG0004070	Thhalv10003831m.g	Caamp.0033s0181, Caamp.1035s0229
OG0004071	Thhalv10004996m.g	Caamp.0033s0172, Caamp.1035s0235
OG0004072	Thhalv10005155m.g	Caamp.1035s0270, Caamp.1041s0918
OG0004073	Thhalv10003601m.g	Caamp.0026s0379, Caamp.1035s0279, Caamp.0033s0125
OG0004074	Thhalv10004451m.g	Caamp.1037s1621, Caamp.1035s0282, Caamp.0033s0122
OG0004075	Thhalv10003624m.g	Caamp.1035s0292, Caamp.0033s0112
OG0004076	Thhalv10003850m.g	Caamp.1035s0298, Caamp.0033s0107
OG0004077	Thhalv10004594m.g	Caamp.0033s0095, Caamp.1035s0307
OG0004078	Thhalv10010457m.g	Caamp.1035s0309, Caamp.1035s0308, Caamp.0026s0352, Caamp.0005s0338
OG0004079	Thhalv10003972m.g	Caamp.0033s0047, Caamp.1035s0353
OG0004080	Thhalv10003602m.g	Caamp.1035s0360, Caamp.0033s0041
OG0004081	Thhalv10004201m.g	Caamp.1035s0379, Caamp.0033s0021
OG0004082	Thhalv10005552m.g, Thhalv10004488m.g	Caamp.0033s0020, Caamp.1035s0380
OG0004083	Thhalv10003756m.g	Caamp.0033s0004, Caamp.1035s0395
OG0004084	Thhalv10003661m.g	Caamp.1035s0403, Caamp.0120s1012
OG0004085	Thhalv10003623m.g	Caamp.1035s0415, Caamp.0120s1003
OG0004086	Thhalv10005598m.g, Thhalv10005669m.g, Thhalv10005405m.g	Caamp.0120s0997, Caamp.1035s0420
OG0004087	Thhalv10004300m.g, Thhalv10017970m.g, Thhalv10016978m.g	Caamp.0120s0994, Caamp.1035s0423
OG0004088	Thhalv10013223m.g	Caamp.0120s0989, Caamp.1035s0428, Caamp.0105s1415
OG0004089	Thhalv10023241m.g	Caamp.1035s0439
OG0004089	Thhalv10003613m.g	Caamp.0120s0983
OG0004090	Thhalv10005388m.g	Caamp.1035s0442, Caamp.0105s1402, Caamp.1038s0617
OG0004091	Thhalv10004407m.g	Caamp.1035s0465, Caamp.0120s0958
OG0004092	Thhalv10003924m.g	Caamp.1035s0470, Caamp.0120s0955
OG0004093	Thhalv10002491m.g	Caamp.1035s0475, Caamp.0019s0083, Caamp.0019s0105
OG0004094	Thhalv10005205m.g	Caamp.1035s0486, Caamp.0120s0942
OG0004095	Thhalv10003808m.g	Caamp.1035s0491, Caamp.0120s0935
OG0004096	Thhalv10004907m.g	Caamp.0120s0933, Caamp.1035s0492
OG0004097	Thhalv10005527m.g	Caamp.1035s0501, Caamp.0120s0925
OG0004098	Thhalv10004278m.g	Caamp.1035s0507, Caamp.0030s0033, Caamp.0120s0920
OG0004099	Thhalv10004178m.g	Caamp.1035s0509, Caamp.0120s0918, Caamp.0028s0268
OG0004100	Thhalv10003781m.g	Caamp.0120s0792, Caamp.1035s0518
OG0004101	Thhalv10010292m.g	Caamp.0026s0388, Caamp.0005s0380, Caamp.1035s0564
OG0004102	Thhalv10004251m.g	Caamp.1035s0566
OG0004102	Thhalv10010322m.g	Caamp.0005s0376, Caamp.0026s0384
OG0004103	Thhalv10003540m.g, Thhalv10027626m.g	Caamp.1035s0569, Caamp.0120s0857
OG0004104	Thhalv10004704m.g	Caamp.0015s0011, Caamp.1035s0571, Caamp.0120s0859
OG0004105	Thhalv10004083m.g	Caamp.0120s0860, Caamp.1035s0572
OG0004106	Thhalv10003872m.g	Caamp.0120s0861, Caamp.1035s0573
OG0004107	Thhalv10003814m.g	Caamp.1035s0574, Caamp.0120s0862
OG0004108	Thhalv10003687m.g	Caamp.0120s0870, Caamp.1035s0580
OG0004109	Thhalv10005037m.g	Caamp.1035s0586, Caamp.0120s0875
OG0004110	Thhalv10003923m.g, Thhalv10013132m.g	Caamp.0120s0891, Caamp.1035s0604
OG0004111	Thhalv10003519m.g	Caamp.0120s0894, Caamp.1035s0607
OG0004112	Thhalv10003719m.g	Caamp.0120s0902, Caamp.1035s0616
OG0004113	Thhalv10004105m.g	Caamp.0120s0775, Caamp.1035s0640
OG0004114	Thhalv10004788m.g	Caamp.1035s0645, Caamp.0120s0770
OG0004115	Thhalv10004343m.g	Caamp.1035s0646, Caamp.0120s0768
OG0004116	Thhalv10003985m.g	Caamp.1035s0647, Caamp.0120s0767
OG0004117	Thhalv10003586m.g	Caamp.0120s0757, Caamp.1035s0651
OG0004118	Thhalv10004845m.g	Caamp.0120s0750, Caamp.1035s0659
OG0004119	Thhalv10005302m.g	Caamp.0120s0749, Caamp.1035s0660
OG0004119	Thhalv10003974m.g	Caamp.0120s0748
OG0004120	Thhalv10004744m.g	Caamp.1035s0662, Caamp.0120s0746
OG0004121	Thhalv10004116m.g	Caamp.1035s0671
OG0004121	Thhalv10015960m.g	Caamp.1038s0339, Caamp.1041s1095
OG0004122	Thhalv10004973m.g	Caamp.1035s0679, Caamp.0120s0733
OG0004123	Thhalv10004536m.g	Caamp.0120s0703, Caamp.1035s0706
OG0004124	Thhalv10003682m.g	Caamp.1035s0712, Caamp.0120s0697
OG0004125	Thhalv10004736m.g	Caamp.0120s0695, Caamp.1035s0714
OG0004126	Thhalv10004043m.g	Caamp.0120s0676, Caamp.1035s0732
OG0004127	Thhalv10005156m.g	Caamp.0120s0674, Caamp.1035s0734
OG0004128	Thhalv10004316m.g	Caamp.1035s0735
OG0004129	Thhalv10004150m.g	Caamp.0120s0670, Caamp.1035s0738
OG0004130	Thhalv10003582m.g	Caamp.1035s0750, Caamp.0120s0660
OG0004131	Thhalv10005029m.g	Caamp.1035s0751, Caamp.0120s0659
OG0004132	Thhalv10004076m.g	Caamp.1035s0752, Caamp.0120s0658
OG0004133	Thhalv10004808m.g	Caamp.0120s0656, Caamp.1035s0754
OG0004134	Thhalv10003634m.g	Caamp.0120s0647, Caamp.1035s0763
OG0004135	Thhalv10003698m.g	Caamp.0120s0643, Caamp.1035s0767
OG0004136	Thhalv10004695m.g	Caamp.0120s0626, Caamp.1035s0781
OG0004137	Thhalv10004144m.g	Caamp.0120s0625, Caamp.1035s0782
OG0004138	Thhalv10003600m.g	Caamp.0120s0604, Caamp.1035s0800
OG0004139	Thhalv10005192m.g	Caamp.0303s0144, Caamp.1035s0816, Caamp.0120s0588
OG0004140	Thhalv10004455m.g	Caamp.0120s0581, Caamp.1035s0822
OG0004141	Thhalv10005446m.g	Caamp.0120s0572, Caamp.1035s0833
OG0004142	Thhalv10003793m.g	Caamp.0120s0571, Caamp.1035s0835
OG0004143	Thhalv10003510m.g	Caamp.1035s0875, Caamp.0120s0540
OG0004144	Thhalv10003841m.g	Caamp.1035s0886, Caamp.0120s0528
OG0004145	Thhalv10004236m.g	Caamp.1035s0890, Caamp.0120s0524
OG0004146	Thhalv10004925m.g	Caamp.1035s0894, Caamp.0120s0521
OG0004147	Thhalv10005085m.g	Caamp.1035s0900, Caamp.0120s0514
OG0004148	Thhalv10004611m.g	Caamp.0120s0513, Caamp.1035s0901
OG0004149	Thhalv10003783m.g	Caamp.1035s0906, Caamp.0120s0508
OG0004150	Thhalv10004351m.g	Caamp.1035s0908, Caamp.0120s0506
OG0004151	Thhalv10005420m.g	Caamp.1035s0910, Caamp.0009s0020
OG0004152	Thhalv10004562m.g	Caamp.1035s0912
OG0004152	Thhalv10027432m.g	Caamp.1039s0318, Caamp.0003s0036
OG0004153	Thhalv10004588m.g	Caamp.0120s0502, Caamp.1035s0914
OG0004154	Thhalv10004464m.g	Caamp.0120s0501, Caamp.1035s0915
OG0004155	Thhalv10004295m.g	Caamp.1035s0923, Caamp.0120s0492
OG0004156	Thhalv10004957m.g	Caamp.0120s0491, Caamp.1035s0924
OG0004157	Thhalv10005097m.g	Caamp.0120s0484, Caamp.1035s0930
OG0004158	Thhalv10004753m.g	Caamp.0120s0483, Caamp.1035s0931
OG0004159	Thhalv10022243m.g, Thhalv10005377m.g	Caamp.1035s0942, Caamp.0120s0471
OG0004160	Thhalv10004298m.g	Caamp.0120s0469, Caamp.1035s0944
OG0004161	Thhalv10004215m.g	Caamp.1035s0945, Caamp.0120s0468
OG0004162	Thhalv10009372m.g, Thhalv10004918m.g	Caamp.1035s0946, Caamp.0120s0466
OG0004163	Thhalv10003802m.g	Caamp.0120s0453, Caamp.1035s0965
OG0004164	Thhalv10005212m.g	Caamp.0120s0450
OG0004164	Thhalv10012357m.g	Caamp.1035s0968
OG0004166	Thhalv10004024m.g	Caamp.1035s0977, Caamp.0120s0440
OG0004167	Thhalv10004871m.g	Caamp.1035s0978, Caamp.0120s0438
OG0004168	Thhalv10004921m.g	Caamp.1035s0994, Caamp.0120s0426
OG0004169	Thhalv10004230m.g	Caamp.1035s1001, Caamp.0120s0421
OG0004170	Thhalv10005043m.g	Caamp.1035s1008, Caamp.0120s0415
OG0004171	Thhalv10004862m.g	Caamp.1035s1010, Caamp.0120s0413
OG0004172	Thhalv10003897m.g	Caamp.1035s1041, Caamp.0120s0381
OG0004173	Thhalv10003567m.g	Caamp.0120s0375, Caamp.1035s1047
OG0004174	Thhalv10003619m.g	Caamp.0120s0365, Caamp.1035s1056
OG0004175	Thhalv10003696m.g	Caamp.0120s0360, Caamp.1035s1062
OG0004176	Thhalv10005720m.g	Caamp.1035s1064, Caamp.0120s0358
OG0004177	Thhalv10003573m.g	Caamp.1035s1065, Caamp.0120s0357
OG0004178	Thhalv10003817m.g	Caamp.0120s0356, Caamp.1035s1066
OG0004179	Thhalv10004835m.g	Caamp.1035s1067, Caamp.0120s0355
OG0004180	Thhalv10003752m.g	Caamp.1035s1080, Caamp.0120s0342
OG0004181	Thhalv10003633m.g	Caamp.1035s1085, Caamp.0120s0336
OG0004182	Thhalv10004388m.g	Caamp.0120s0334, Caamp.1035s1090
OG0004183	Thhalv10028320m.g, Thhalv10012375m.g, Thhalv10004387m.g	Caamp.1035s1091, Caamp.0120s0333
OG0004184	Thhalv10003599m.g	Caamp.1035s1104, Caamp.0120s0317
OG0004185	Thhalv10003982m.g	Caamp.1035s1107, Caamp.0120s0314
OG0004186	Thhalv10005526m.g	Caamp.0120s0310, Caamp.1035s1111
OG0004187	Thhalv10005391m.g, Thhalv10005534m.g	Caamp.1035s1123, Caamp.0120s0298, Caamp.1035s1122, Caamp.0120s0299
OG0004188	Thhalv10004583m.g	Caamp.0120s0292, Caamp.1035s1128
OG0004189	Thhalv10003529m.g	Caamp.0120s0283, Caamp.1035s1140
OG0004190	Thhalv10003503m.g	Caamp.0120s0277, Caamp.1035s1146
OG0004191	Thhalv10005197m.g	Caamp.0120s0275, Caamp.1035s1148
OG0004192	Thhalv10008631m.g	Caamp.1035s1157
OG0004192	Thhalv10003803m.g	Caamp.0120s0268
OG0004193	Thhalv10004125m.g	Caamp.0120s0264, Caamp.1035s1162
OG0004194	Thhalv10004634m.g	Caamp.0120s0252, Caamp.1035s1171
OG0004195	Thhalv10004089m.g	Caamp.1035s1200, Caamp.0120s0220
OG0004196	Thhalv10004117m.g	Caamp.1035s1218, Caamp.0120s0205
OG0004197	Thhalv10004374m.g	Caamp.1035s1219, Caamp.0120s0204
OG0004198	Thhalv10003626m.g	Caamp.0120s0203, Caamp.1035s1220
OG0004199	Thhalv10005152m.g	Caamp.0120s0187, Caamp.1035s1237
OG0004200	Thhalv10028205m.g	Caamp.1041s0114
OG0004200	Thhalv10003629m.g	Caamp.0120s0186, Caamp.1035s1238
OG0004201	Thhalv10003555m.g	Caamp.1035s1240, Caamp.0120s0184
OG0004202	Thhalv10004822m.g	Caamp.0120s0181, Caamp.1035s1243
OG0004203	Thhalv10003722m.g	Caamp.0120s0173, Caamp.1035s1247
OG0004204	Thhalv10004813m.g	Caamp.0120s0168, Caamp.1035s1252
OG0004205	Thhalv10003679m.g	Caamp.1035s1257, Caamp.0120s0164
OG0004206	Thhalv10004700m.g	Caamp.1035s1263, Caamp.0120s0159
OG0004207	Thhalv10004569m.g	Caamp.0120s0157, Caamp.1035s1266
OG0004208	Thhalv10005144m.g	Caamp.0120s0147, Caamp.1035s1275
OG0004209	Thhalv10004010m.g	Caamp.0120s0146, Caamp.1035s1276
OG0004210	Thhalv10003772m.g	Caamp.0120s0129, Caamp.1035s1292
OG0004211	Thhalv10004059m.g	Caamp.1035s1297, Caamp.0120s0124
OG0004212	Thhalv10003833m.g	Caamp.0120s0112, Caamp.1035s1313
OG0004213	Thhalv10005286m.g	Caamp.1035s1314, Caamp.0120s0111
OG0004214	Thhalv10003883m.g	Caamp.0120s0104, Caamp.1035s1322
OG0004215	Thhalv10003946m.g	Caamp.1035s1327, Caamp.0120s0098
OG0004216	Thhalv10004058m.g	Caamp.1035s1344, Caamp.0120s0090
OG0004216	Thhalv10005677m.g	Caamp.0120s0089
OG0004217	Thhalv10005378m.g	Caamp.1035s1354, Caamp.0120s0078
OG0004218	Thhalv10004020m.g	Caamp.1035s1357, Caamp.0120s0075
OG0004219	Thhalv10005009m.g	Caamp.0120s0062, Caamp.1035s1370
OG0004220	Thhalv10003622m.g	Caamp.0120s0059, Caamp.1035s1373
OG0004221	Thhalv10021564m.g	Caamp.1035s1386, Caamp.1039s0642
OG0004222	Thhalv10019917m.g	Caamp.1039s0639, Caamp.1035s1389
OG0004223	Thhalv10019957m.g	Caamp.1035s1394, Caamp.1039s0635
OG0004224	Thhalv10021156m.g	Caamp.1035s1395, Caamp.1039s0634
OG0004225	Thhalv10008123m.g	Caamp.0188s1081, Caamp.1035s1403
OG0004226	Thhalv10007028m.g	Caamp.1035s1420, Caamp.0188s1061
OG0004227	Thhalv10009111m.g	Caamp.1035s1446, Caamp.0188s1017
OG0004228	Thhalv10009571m.g	Caamp.1035s1447, Caamp.0188s1016
OG0004229	Thhalv10008149m.g	Caamp.1035s1462, Caamp.0188s1000
OG0004230	Thhalv10009985m.g	Caamp.0188s0993, Caamp.1035s1469
OG0004231	Thhalv10006888m.g	Caamp.0188s0967
OG0004231	Thhalv10011297m.g	Caamp.1035s1495
OG0004232	Thhalv10007672m.g	Caamp.1035s1496, Caamp.0188s0966
OG0004233	Thhalv10024204m.g	Caamp.1035s1519, Caamp.0095s0086
OG0004234	Thhalv10024390m.g	Caamp.0095s0085, Caamp.1035s1521
OG0004235	Thhalv10021989m.g, Thhalv10026603m.g	Caamp.1035s1522, Caamp.0095s0083
OG0004236	Thhalv10001796m.g	Caamp.0018s0034
OG0004236	Thhalv10023934m.g, Thhalv10002650m.g	Caamp.1035s1529
OG0004237	Thhalv10024342m.g	Caamp.0095s0071, Caamp.1035s1533
OG0004238	Thhalv10026300m.g	Caamp.1035s1538, Caamp.0095s0067
OG0004239	Thhalv10013548m.g	Caamp.0078s0805, Caamp.1037s0365, Caamp.1036s0010
OG0004240	Thhalv10012457m.g	Caamp.1037s0354, Caamp.1036s0021
OG0004241	Thhalv10015380m.g	Caamp.1036s0026
OG0004242	Thhalv10014906m.g	Caamp.1037s0343
OG0004243	Thhalv10014598m.g	Caamp.1036s0048, Caamp.1037s0331
OG0004244	Thhalv10012737m.g	Caamp.1037s0316, Caamp.1036s0070
OG0004245	Thhalv10014786m.g	Caamp.1036s0099, Caamp.0303s0331, Caamp.1037s0284
OG0004246	Thhalv10014511m.g, Thhalv10015034m.g	Caamp.1036s0101, Caamp.1037s0282
OG0004247	Thhalv10015161m.g	Caamp.1037s0274, Caamp.1036s0108, Caamp.0303s0337
OG0004248	Thhalv10015354m.g	Caamp.1037s0270, Caamp.1036s0113
OG0004249	Thhalv10012538m.g	Caamp.1037s0269, Caamp.1036s0114
OG0004250	Thhalv10012868m.g	Caamp.1037s0268, Caamp.1036s0115
OG0004251	Thhalv10015780m.g	Caamp.1037s0260, Caamp.1036s0123
OG0004252	Thhalv10014045m.g	Caamp.1036s0140, Caamp.1037s0242
OG0004253	Thhalv10013127m.g	Caamp.1037s0240, Caamp.0266s0051, Caamp.1036s0142
OG0004254	Thhalv10014337m.g	Caamp.1037s0219, Caamp.1036s0163
OG0004255	Thhalv10014541m.g	Caamp.1037s0214, Caamp.1036s0166
OG0004256	Thhalv10012644m.g	Caamp.1036s0171, Caamp.1037s0209
OG0004257	Thhalv10012418m.g	Caamp.1037s0207, Caamp.1036s0172
OG0004258	Thhalv10014453m.g	Caamp.1037s0205, Caamp.1036s0176
OG0004259	Thhalv10012783m.g	Caamp.1037s0203, Caamp.1036s0178
OG0004260	Thhalv10012458m.g	Caamp.1036s0179, Caamp.1037s0202
OG0004261	Thhalv10015020m.g	Caamp.1037s0200, Caamp.1036s0181
OG0004262	Thhalv10021755m.g	Caamp.1037s0182, Caamp.1036s0200
OG0004263	Thhalv10015351m.g	Caamp.1036s0202, Caamp.1037s0180
OG0004264	Thhalv10013396m.g	Caamp.1036s0216, Caamp.1041s1562
OG0004265	Thhalv10013713m.g	Caamp.1036s0219, Caamp.1041s1559
OG0004266	Thhalv10009656m.g, Thhalv10013525m.g	Caamp.1036s0231, Caamp.1041s1546
OG0004267	Thhalv10013981m.g	Caamp.1036s0232, Caamp.1041s1545
OG0004268	Thhalv10014096m.g	Caamp.1036s0237, Caamp.1041s1541
OG0004269	Thhalv10007156m.g	Caamp.0006s0545, Caamp.1041s1538, Caamp.1036s0240
OG0004270	Thhalv10012887m.g, Thhalv10012992m.g	Caamp.1036s0242, Caamp.1041s1536
OG0004271	Thhalv10015486m.g	Caamp.1036s0256, Caamp.1041s1523
OG0004272	Thhalv10012544m.g	Caamp.1041s1508, Caamp.1036s0271
OG0004273	Thhalv10012410m.g	Caamp.1041s1507, Caamp.1036s0272
OG0004274	Thhalv10014114m.g	Caamp.1041s1505, Caamp.1036s0275
OG0004275	Thhalv10012417m.g	Caamp.1036s0285, Caamp.1041s1493
OG0004276	Thhalv10018974m.g	Caamp.0303s0804, Caamp.1036s0294
OG0004277	Thhalv10018513m.g	Caamp.1036s0296, Caamp.0303s0807
OG0004278	Thhalv10019429m.g	Caamp.1036s0301, Caamp.0303s0810, Caamp.1036s0300
OG0004279	Thhalv10018840m.g	Caamp.1036s0305, Caamp.0005s0135, Caamp.0303s0814
OG0004280	Thhalv10019290m.g	Caamp.0303s0816, Caamp.1036s0308
OG0004281	Thhalv10018329m.g	Caamp.1036s0309, Caamp.0303s0817
OG0004282	Thhalv10019036m.g	Caamp.0303s0818, Caamp.1036s0322
OG0004283	Thhalv10018269m.g	Caamp.1036s0323, Caamp.0303s0819
OG0004284	Thhalv10019172m.g	Caamp.1036s0324, Caamp.0303s0820
OG0004285	Thhalv10018002m.g	Caamp.0303s0821, Caamp.1036s0325
OG0004286	Thhalv10019285m.g, Thhalv10009602m.g	Caamp.0303s0822, Caamp.1036s0326
OG0004287	Thhalv10018257m.g	Caamp.0303s0826, Caamp.1036s0330
OG0004288	Thhalv10019241m.g	Caamp.1036s0337
OG0004289	Thhalv10018961m.g	Caamp.1036s0347, Caamp.0303s0849
OG0004290	Thhalv10019845m.g	Caamp.0303s0850, Caamp.1036s0348
OG0004291	Thhalv10019146m.g	Caamp.1036s0349, Caamp.0303s0851
OG0004292	Thhalv10018098m.g	Caamp.1036s0356, Caamp.0303s0855
OG0004293	Thhalv10018848m.g	Caamp.0303s0858, Caamp.1036s0359
OG0004294	Thhalv10018193m.g	Caamp.0303s0874, Caamp.1036s0376
OG0004295	Thhalv10018724m.g, Thhalv10018689m.g	Caamp.1036s0392, Caamp.0303s0888
OG0004296	Thhalv10018687m.g	Caamp.1036s0408, Caamp.0303s0903
OG0004297	Thhalv10018027m.g	Caamp.1036s0409, Caamp.0303s0905
OG0004298	Thhalv10018014m.g	Caamp.1036s0410, Caamp.0303s0906
OG0004299	Thhalv10019139m.g	Caamp.0303s0911, Caamp.1036s0416
OG0004300	Thhalv10019805m.g	Caamp.1036s0427, Caamp.0303s0922
OG0004301	Thhalv10018063m.g	Caamp.1036s0440, Caamp.0303s0936
OG0004302	Thhalv10019320m.g	Caamp.0303s0947, Caamp.1036s0455
OG0004303	Thhalv10019759m.g	Caamp.1036s0459, Caamp.0303s0951
OG0004304	Thhalv10019111m.g	Caamp.1036s0477
OG0004304	Thhalv10008719m.g	Caamp.0037s0559
OG0004305	Thhalv10018196m.g	Caamp.0303s0964, Caamp.1036s0478
OG0004306	Thhalv10018316m.g	Caamp.1036s0481, Caamp.0303s0968
OG0004307	Thhalv10018736m.g	Caamp.1036s0486, Caamp.0303s0971
OG0004308	Thhalv10018909m.g	Caamp.0303s0972, Caamp.1036s0487
OG0004309	Thhalv10019012m.g	Caamp.1036s0491, Caamp.0303s0976
OG0004310	Thhalv10011448m.g, Thhalv10011333m.g	Caamp.1036s0501, Caamp.0303s0985
OG0004311	Thhalv10018584m.g	Caamp.1036s0502, Caamp.0303s0986
OG0004312	Thhalv10018124m.g	Caamp.1036s0505, Caamp.0303s0989
OG0004313	Thhalv10018935m.g	Caamp.0303s0990, Caamp.1036s0506
OG0004314	Thhalv10019126m.g	Caamp.0303s0993, Caamp.1036s0510
OG0004315	Thhalv10018638m.g	Caamp.0303s0994, Caamp.1036s0511
OG0004316	Thhalv10018096m.g	Caamp.0303s0999, Caamp.1036s0516
OG0004317	Thhalv10018302m.g	Caamp.1036s0517, Caamp.0303s1000
OG0004318	Thhalv10018526m.g	Caamp.1036s0519, Caamp.0303s1002
OG0004319	Thhalv10018843m.g	Caamp.0303s1003, Caamp.1036s0520
OG0004320	Thhalv10018889m.g	Caamp.1036s0522, Caamp.0303s1005
OG0004321	Thhalv10018123m.g	Caamp.1036s0525, Caamp.0303s1008
OG0004322	Thhalv10019713m.g	Caamp.0303s1009, Caamp.1036s0526
OG0004323	Thhalv10018242m.g	Caamp.0303s1011, Caamp.1036s0528
OG0004324	Thhalv10019276m.g	Caamp.0303s1024, Caamp.1036s0534, Caamp.0021s0013
OG0004325	Thhalv10018758m.g	Caamp.1036s0539, Caamp.0303s1030
OG0004326	Thhalv10027642m.g	Caamp.1036s0583, Caamp.0097s0829
OG0004327	Thhalv10019428m.g, Thhalv10027912m.g	Caamp.1036s0590, Caamp.0097s0838
OG0004328	Thhalv10028547m.g	Caamp.1040s0006, Caamp.1037s0003
OG0004329	Thhalv10028875m.g	Caamp.1040s0007, Caamp.1037s0004
OG0004330	Thhalv10028441m.g	Caamp.1037s0027, Caamp.1040s0032
OG0004331	Thhalv10028357m.g	Caamp.1037s0038, Caamp.1040s0045
OG0004332	Thhalv10029049m.g	Caamp.0094s0142
OG0004332	Thhalv10026679m.g	Caamp.1037s0046, Caamp.1040s0056
OG0004333	Thhalv10028385m.g	Caamp.1040s0083, Caamp.1037s0071
OG0004334	Thhalv10028892m.g	Caamp.1037s0072
OG0004334	Thhalv10029367m.g	Caamp.1040s0084
OG0004335	Thhalv10029019m.g	Caamp.1037s0075
OG0004335	Thhalv10005327m.g	Caamp.1040s0085
OG0004336	Thhalv10028766m.g	Caamp.1037s0079, Caamp.1040s0090
OG0004337	Thhalv10028899m.g	Caamp.1037s0127, Caamp.1040s0136
OG0004337	Thhalv10009820m.g	Caamp.0188s1047
OG0004338	Thhalv10028817m.g	Caamp.1037s0128, Caamp.1040s0137
OG0004339	Thhalv10028510m.g	Caamp.1037s0129, Caamp.1040s0138
OG0004340	Thhalv10028392m.g	Caamp.1040s0146, Caamp.1037s0138
OG0004341	Thhalv10028926m.g, Thhalv10028927m.g	Caamp.1040s0152, Caamp.1037s0144
OG0004342	Thhalv10029076m.g	Caamp.1037s0146, Caamp.1040s0155
OG0004343	Thhalv10021437m.g	Caamp.1037s0213, Caamp.0303s0378, Caamp.0214s0703
OG0004344	Thhalv10012450m.g	Caamp.0105s0791, Caamp.1037s0383
OG0004345	Thhalv10015193m.g	Caamp.1037s0394, Caamp.0064s0844, Caamp.0105s0808
OG0004346	Thhalv10013101m.g	Caamp.0105s0826, Caamp.1037s0411
OG0004347	Thhalv10013760m.g	Caamp.1037s0414
OG0004348	Thhalv10013467m.g	Caamp.1037s0421, Caamp.0105s0836
OG0004349	Thhalv10012649m.g	Caamp.0105s0853, Caamp.0097s0875, Caamp.1037s0441
OG0004350	Thhalv10014599m.g	Caamp.1038s0226, Caamp.0105s0867, Caamp.1037s0454
OG0004351	Thhalv10012770m.g	Caamp.0105s0876, Caamp.1037s0466
OG0004352	Thhalv10012742m.g	Caamp.0105s0885, Caamp.1037s0472
OG0004353	Thhalv10012502m.g	Caamp.1037s0484, Caamp.0105s0897
OG0004354	Thhalv10016025m.g	Caamp.0052s0647
OG0004354	Thhalv10014083m.g	Caamp.1037s0493
OG0004355	Thhalv10014356m.g	Caamp.0052s0621, Caamp.1037s0520
OG0004356	Thhalv10012923m.g	Caamp.1037s0523, Caamp.0052s0618
OG0004357	Thhalv10012540m.g	Caamp.0052s0608, Caamp.1037s0532
OG0004358	Thhalv10015633m.g	Caamp.1037s0535, Caamp.0052s0605
OG0004359	Thhalv10012426m.g	Caamp.0052s0604, Caamp.1037s0536
OG0004360	Thhalv10012979m.g	Caamp.0052s0602, Caamp.1037s0537
OG0004361	Thhalv10012833m.g	Caamp.0052s0601, Caamp.1037s0538
OG0004362	Thhalv10014184m.g	Caamp.0052s0589, Caamp.1037s0549
OG0004363	Thhalv10013806m.g	Caamp.0052s0588, Caamp.1037s0550
OG0004364	Thhalv10012496m.g	Caamp.1037s0558, Caamp.0052s0583
OG0004365	Thhalv10015467m.g	Caamp.0052s0580, Caamp.1037s0562
OG0004366	Thhalv10014909m.g	Caamp.1037s0563, Caamp.0052s0579
OG0004367	Thhalv10012513m.g	Caamp.1037s0570, Caamp.0052s0572
OG0004368	Thhalv10013340m.g	Caamp.0052s0562, Caamp.1037s0579
OG0004369	Thhalv10013239m.g	Caamp.0052s0560, Caamp.1037s0581
OG0004370	Thhalv10013955m.g	Caamp.1037s0582, Caamp.0052s0559
OG0004371	Thhalv10012712m.g	Caamp.1037s0591, Caamp.0052s0549
OG0004372	Thhalv10012624m.g	Caamp.1037s0604
OG0004373	Thhalv10012690m.g	Caamp.1037s0605, Caamp.1040s0252
OG0004374	Thhalv10012587m.g	Caamp.1040s0271, Caamp.1037s0623
OG0004375	Thhalv10012650m.g, Thhalv10027354m.g	Caamp.1040s0273, Caamp.1037s0625
OG0004377	Thhalv10013479m.g	Caamp.1037s0653, Caamp.1040s0301
OG0004378	Thhalv10013371m.g, Thhalv10015841m.g	Caamp.1037s0655
OG0004379	Thhalv10012493m.g	Caamp.1037s0658, Caamp.1040s0304
OG0004380	Thhalv10012428m.g	Caamp.1040s0321, Caamp.1037s0673
OG0004381	Thhalv10015722m.g	Caamp.1040s0339, Caamp.1037s0689, Caamp.1040s0338
OG0004382	Thhalv10014256m.g	Caamp.1040s0347, Caamp.1037s0700
OG0004383	Thhalv10012601m.g	Caamp.1040s0355, Caamp.1037s0709
OG0004384	Thhalv10014299m.g	Caamp.1040s0359, Caamp.1037s0713
OG0004385	Thhalv10013666m.g	Caamp.1040s0369, Caamp.1037s0722
OG0004386	Thhalv10012074m.g, Thhalv10012728m.g	Caamp.1040s0375, Caamp.1037s0730
OG0004387	Thhalv10015113m.g	Caamp.1037s0733, Caamp.1040s0378
OG0004388	Thhalv10012856m.g	Caamp.1037s0769, Caamp.1040s0410
OG0004389	Thhalv10016083m.g	Caamp.1037s0796, Caamp.1040s0436
OG0004390	Thhalv10012986m.g	Caamp.1037s0798, Caamp.1040s0438
OG0004391	Thhalv10014435m.g	Caamp.1037s0825, Caamp.1040s0462
OG0004392	Thhalv10013139m.g	Caamp.1037s0839, Caamp.1040s0495
OG0004393	Thhalv10014880m.g	Caamp.1040s0509, Caamp.1037s0867
OG0004394	Thhalv10013214m.g	Caamp.1040s0515, Caamp.1037s0874
OG0004395	Thhalv10027294m.g, Thhalv10015404m.g	Caamp.1040s0516, Caamp.1037s0875
OG0004396	Thhalv10010556m.g	Caamp.0005s0230
OG0004396	Thhalv10015340m.g, Thhalv10011154m.g	Caamp.1037s0879
OG0004397	Thhalv10013268m.g	Caamp.1040s0524, Caamp.1037s0888
OG0004398	Thhalv10013042m.g	Caamp.1037s0890
OG0004398	Thhalv10010260m.g	Caamp.1040s0526
OG0004399	Thhalv10012970m.g	Caamp.1040s0554, Caamp.1037s0921
OG0004400	Thhalv10012416m.g	Caamp.1037s0923, Caamp.1040s0556
OG0004401	Thhalv10013298m.g	Caamp.1040s0565, Caamp.1037s0932
OG0004402	Thhalv10012479m.g	Caamp.1037s0956, Caamp.1040s0591
OG0004403	Thhalv10014212m.g	Caamp.1037s0959, Caamp.1040s0594
OG0004404	Thhalv10012558m.g	Caamp.1040s0598, Caamp.1037s0963
OG0004405	Thhalv10013185m.g	Caamp.1037s0966, Caamp.1040s0600
OG0004406	Thhalv10013312m.g	Caamp.1037s0987, Caamp.1040s0621
OG0004407	Thhalv10012564m.g	Caamp.1040s0623, Caamp.1037s0988
OG0004408	Thhalv10012677m.g	Caamp.1040s0634, Caamp.1037s1000
OG0004409	Thhalv10015458m.g	Caamp.1037s1013
OG0004410	Thhalv10014276m.g	Caamp.1037s1028, Caamp.1040s0658
OG0004411	Thhalv10013768m.g	Caamp.1037s1032, Caamp.1040s0661
OG0004412	Thhalv10013359m.g	Caamp.1040s0666, Caamp.1037s1034
OG0004413	Thhalv10012549m.g	Caamp.1040s0675, Caamp.1037s1043
OG0004414	Thhalv10012523m.g	Caamp.1037s1047, Caamp.1040s0679
OG0004415	Thhalv10013611m.g	Caamp.1037s1054, Caamp.1040s0686
OG0004416	Thhalv10012732m.g	Caamp.1037s1056, Caamp.1040s0688
OG0004417	Thhalv10013848m.g	Caamp.1037s1068, Caamp.1040s0699
OG0004418	Thhalv10012693m.g	Caamp.1040s0703, Caamp.1037s1071
OG0004419	Thhalv10015576m.g	Caamp.1037s1072, Caamp.1040s0704
OG0004420	Thhalv10012847m.g	Caamp.1040s0705, Caamp.1037s1073
OG0004421	Thhalv10014394m.g	Caamp.1040s0708, Caamp.1037s1076
OG0004422	Thhalv10015325m.g	Caamp.1040s0711, Caamp.1037s1078
OG0004423	Thhalv10015892m.g	Caamp.1040s0723, Caamp.1037s1089
OG0004424	Thhalv10027232m.g	Caamp.1037s1096, Caamp.1040s0729
OG0004425	Thhalv10015278m.g	Caamp.1040s0732, Caamp.1037s1099
OG0004426	Thhalv10013030m.g	Caamp.1040s0733, Caamp.1037s1100
OG0004427	Thhalv10012928m.g	Caamp.1040s0744, Caamp.1037s1109
OG0004428	Thhalv10013331m.g	Caamp.1037s1110, Caamp.1040s0745
OG0004429	Thhalv10013831m.g	Caamp.1040s0746, Caamp.1037s1111
OG0004430	Thhalv10012829m.g	Caamp.1040s0754, Caamp.1037s1119
OG0004431	Thhalv10012702m.g	Caamp.1040s0756, Caamp.1037s1121
OG0004432	Thhalv10012573m.g	Caamp.1040s0757, Caamp.1037s1122
OG0004433	Thhalv10012581m.g	Caamp.1040s0759, Caamp.1037s1124
OG0004434	Thhalv10013539m.g	Caamp.1037s1127, Caamp.0003s0016
OG0004435	Thhalv10014845m.g	Caamp.1037s1129, Caamp.1040s0763, Caamp.1040s0764
OG0004436	Thhalv10014152m.g	Caamp.1040s0768, Caamp.1037s1133
OG0004437	Thhalv10014123m.g	Caamp.1038s0844
OG0004437	Thhalv10013812m.g	Caamp.1040s0775, Caamp.1037s1138
OG0004438	Thhalv10027252m.g	Caamp.0190s0372, Caamp.0003s0009, Caamp.1037s1142
OG0004439	Thhalv10012921m.g	Caamp.1037s1150, Caamp.1040s0786
OG0004440	Thhalv10013345m.g	Caamp.1037s1155, Caamp.1040s0791
OG0004441	Thhalv10012614m.g	Caamp.1037s1159, Caamp.1040s0797
OG0004442	Thhalv10012869m.g	Caamp.1037s1160, Caamp.1040s0798
OG0004443	Thhalv10012421m.g	Caamp.1040s0799, Caamp.1037s1161
OG0004444	Thhalv10012729m.g	Caamp.1037s1173, Caamp.1040s0811
OG0004445	Thhalv10012909m.g	Caamp.1037s1178, Caamp.1040s0817
OG0004446	Thhalv10013232m.g	Caamp.1037s1197, Caamp.1040s0892
OG0004447	Thhalv10012775m.g	Caamp.1037s1202, Caamp.1040s0888
OG0004448	Thhalv10015018m.g	Caamp.1040s0884, Caamp.1037s1205
OG0004449	Thhalv10012904m.g	Caamp.1037s1211, Caamp.1040s0875
OG0004450	Thhalv10025546m.g	Caamp.0190s0332
OG0004450	Thhalv10013473m.g	Caamp.1040s0874, Caamp.1037s1212
OG0004451	Thhalv10015403m.g	Caamp.1037s1214, Caamp.1040s0872
OG0004452	Thhalv10013478m.g	Caamp.1040s0864, Caamp.1037s1224
OG0004453	Thhalv10013612m.g	Caamp.1040s0855, Caamp.1037s1232
OG0004454	Thhalv10015209m.g	Caamp.1040s0854, Caamp.1037s1233
OG0004455	Thhalv10015629m.g	Caamp.1037s1241, Caamp.1040s0834
OG0004456	Thhalv10012748m.g	Caamp.1037s1242, Caamp.1040s0833
OG0004457	Thhalv10013714m.g	Caamp.1037s1249, Caamp.1040s0827
OG0004458	Thhalv10014189m.g	Caamp.1040s0824, Caamp.1037s1252
OG0004459	Thhalv10013640m.g	Caamp.1037s1253, Caamp.1040s0823
OG0004460	Thhalv10014749m.g	Caamp.1040s0914, Caamp.1037s1256
OG0004461	Thhalv10012631m.g	Caamp.1040s0915, Caamp.1037s1257
OG0004462	Thhalv10015006m.g	Caamp.1037s1262, Caamp.1040s0922
OG0004463	Thhalv10013423m.g	Caamp.1037s1278, Caamp.1040s0947
OG0004464	Thhalv10012475m.g	Caamp.1040s0952, Caamp.1037s1281
OG0004465	Thhalv10014406m.g	Caamp.1037s1282, Caamp.1040s0953
OG0004466	Thhalv10012835m.g	Caamp.1040s0955, Caamp.1037s1285
OG0004467	Thhalv10014333m.g	Caamp.1037s1286, Caamp.1040s0957
OG0004468	Thhalv10013518m.g	Caamp.1040s0963, Caamp.1037s1296
OG0004469	Thhalv10013897m.g	Caamp.1040s0965, Caamp.1037s1298
OG0004470	Thhalv10013642m.g	Caamp.1040s0985, Caamp.1037s1317
OG0004471	Thhalv10013275m.g	Caamp.1040s0988, Caamp.1037s1320
OG0004472	Thhalv10013822m.g	Caamp.1040s0993, Caamp.1037s1325
OG0004473	Thhalv10012554m.g	Caamp.1037s1327, Caamp.1040s0995
OG0004474	Thhalv10013862m.g	Caamp.1037s1345, Caamp.1040s1012
OG0004475	Thhalv10015198m.g	Caamp.1040s1013, Caamp.1037s1346
OG0004476	Thhalv10012857m.g	Caamp.1040s1016, Caamp.1037s1349
OG0004478	Thhalv10015239m.g	Caamp.1037s1352
OG0004478	Thhalv10015428m.g, Thhalv10015903m.g	Caamp.1037s1351
OG0004479	Thhalv10014996m.g	Caamp.1037s1357, Caamp.1040s1024
OG0004480	Thhalv10012414m.g	Caamp.1037s1371, Caamp.1040s1032
OG0004481	Thhalv10026934m.g, Thhalv10012484m.g	Caamp.1037s1374, Caamp.1040s1035
OG0004482	Thhalv10014254m.g	Caamp.1040s1039, Caamp.1037s1379
OG0004483	Thhalv10013056m.g	Caamp.1040s1043, Caamp.1037s1382
OG0004484	Thhalv10013877m.g	Caamp.1040s1056, Caamp.1037s1393
OG0004485	Thhalv10012717m.g	Caamp.1037s1397, Caamp.1040s1060
OG0004486	Thhalv10013676m.g	Caamp.1040s1063, Caamp.1037s1399
OG0004487	Thhalv10012801m.g	Caamp.1037s1401, Caamp.1037s1400, Caamp.1040s1065
OG0004488	Thhalv10013929m.g	Caamp.1040s1066, Caamp.1037s1402
OG0004489	Thhalv10012933m.g	Caamp.1037s1408, Caamp.1040s1073
OG0004490	Thhalv10013609m.g	Caamp.1040s1074, Caamp.1037s1409
OG0004491	Thhalv10014570m.g	Caamp.1040s1077, Caamp.1037s1412
OG0004492	Thhalv10013705m.g	Caamp.1040s1079, Caamp.1037s1415
OG0004493	Thhalv10014686m.g	Caamp.1040s1081, Caamp.1037s1417
OG0004494	Thhalv10013079m.g	Caamp.1037s1422, Caamp.1040s1085
OG0004495	Thhalv10012488m.g	Caamp.1037s1423, Caamp.1040s1086
OG0004496	Thhalv10013839m.g	Caamp.1040s1088, Caamp.1037s1427
OG0004497	Thhalv10013872m.g	Caamp.1040s1094, Caamp.1037s1433
OG0004498	Thhalv10015970m.g, Thhalv10016007m.g, Thhalv10015441m.g, Thhalv10015896m.g	Caamp.1037s1438
OG0004499	Thhalv10013193m.g	Caamp.1037s1452, Caamp.1040s1120
OG0004500	Thhalv10014513m.g	Caamp.1037s1456, Caamp.1040s1124
OG0004501	Thhalv10013563m.g	Caamp.1037s1457, Caamp.1040s1125
OG0004502	Thhalv10013260m.g	Caamp.1040s1128, Caamp.1037s1459
OG0004503	Thhalv10014733m.g	Caamp.1040s1129, Caamp.1037s1461
OG0004504	Thhalv10013021m.g	Caamp.1037s1466, Caamp.1040s1135
OG0004505	Thhalv10015677m.g	Caamp.1037s1483, Caamp.1040s1149
OG0004506	Thhalv10014460m.g	Caamp.1037s1490, Caamp.1040s1155
OG0004507	Thhalv10015303m.g	Caamp.1040s1173, Caamp.1037s1511
OG0004508	Thhalv10014510m.g	Caamp.1037s1514, Caamp.1040s1176
OG0004509	Thhalv10013824m.g	Caamp.1037s1518, Caamp.1040s1179
OG0004510	Thhalv10015875m.g	Caamp.1037s1523, Caamp.1040s1183
OG0004511	Thhalv10013415m.g	Caamp.1037s1532, Caamp.1040s1190
OG0004512	Thhalv10012441m.g	Caamp.1040s1191, Caamp.1037s1533
OG0004513	Thhalv10012827m.g	Caamp.1037s1536, Caamp.1040s1195
OG0004514	Thhalv10013637m.g	Caamp.1040s1196, Caamp.1037s1537
OG0004515	Thhalv10012874m.g	Caamp.1040s1201, Caamp.1037s1541
OG0004516	Thhalv10014042m.g	Caamp.1037s1544, Caamp.1040s1204
OG0004517	Thhalv10012823m.g	Caamp.1037s1546, Caamp.1040s1206
OG0004518	Thhalv10013035m.g	Caamp.1040s1212, Caamp.1037s1554
OG0004519	Thhalv10013801m.g	Caamp.1040s1215, Caamp.1037s1556
OG0004520	Thhalv10014540m.g	Caamp.1040s1220, Caamp.1037s1560
OG0004521	Thhalv10015731m.g	Caamp.1040s1224, Caamp.1037s1562
OG0004522	Thhalv10014448m.g	Caamp.1040s1229, Caamp.1037s1567
OG0004523	Thhalv10014342m.g, Thhalv10029279m.g	Caamp.1040s1231, Caamp.1037s1569
OG0004524	Thhalv10013958m.g	Caamp.1040s1234, Caamp.1037s1571
OG0004525	Thhalv10013222m.g	Caamp.1037s1576, Caamp.1040s1238
OG0004526	Thhalv10028723m.g	Caamp.1040s1241, Caamp.1037s1580
OG0004527	Thhalv10014588m.g	Caamp.1037s1581, Caamp.1040s1242
OG0004528	Thhalv10014640m.g	Caamp.1040s1243, Caamp.1037s1582
OG0004529	Thhalv10012996m.g	Caamp.1040s1248, Caamp.1037s1584
OG0004530	Thhalv10012591m.g	Caamp.1040s1247, Caamp.1037s1587
OG0004531	Thhalv10012613m.g	Caamp.1040s1254, Caamp.1037s1588
OG0004532	Thhalv10013077m.g	Caamp.1037s1606, Caamp.1040s1271
OG0004533	Thhalv10014268m.g	Caamp.1037s1612, Caamp.1040s1277
OG0004534	Thhalv10014273m.g	Caamp.1037s1614, Caamp.1040s1278
OG0004535	Thhalv10029187m.g, Thhalv10012707m.g	Caamp.1037s1615, Caamp.1040s1279
OG0004536	Thhalv10015936m.g	Caamp.1040s1280, Caamp.1037s1618
OG0004537	Thhalv10013892m.g	Caamp.1040s1289, Caamp.1037s1629
OG0004538	Thhalv10013164m.g	Caamp.1040s1296, Caamp.1037s1631
OG0004539	Thhalv10015411m.g	Caamp.1037s1633
OG0004539	Thhalv10014412m.g	Caamp.1040s1297
OG0004540	Thhalv10013738m.g	Caamp.1037s1638, Caamp.1040s1303
OG0004541	Thhalv10015176m.g	Caamp.1037s1639, Caamp.1040s1305
OG0004542	Thhalv10012807m.g	Caamp.1037s1644, Caamp.1040s1312
OG0004543	Thhalv10023817m.g, Thhalv10015843m.g	Caamp.1037s1649
OG0004543	Thhalv10015664m.g	Caamp.1040s1331
OG0004544	Thhalv10012863m.g	Caamp.1037s1672, Caamp.1040s1313
OG0004545	Thhalv10012812m.g	Caamp.1040s1339, Caamp.1037s1680
OG0004546	Thhalv10015716m.g	Caamp.1037s1695, Caamp.1040s1352
OG0004547	Thhalv10016001m.g	Caamp.1037s1716, Caamp.1037s1719, Caamp.1040s1360
OG0004549	Thhalv10013681m.g	Caamp.1040s1369, Caamp.1037s1726
OG0004550	Thhalv10012711m.g	Caamp.1037s1760, Caamp.1040s1470
OG0004551	Thhalv10028379m.g	Caamp.1037s1763, Caamp.1040s1480
OG0004552	Thhalv10012932m.g	Caamp.1040s1502, Caamp.1037s1771
OG0004553	Thhalv10012597m.g	Caamp.1038s0011, Caamp.1041s1426, Caamp.1041s1425
OG0004554	Thhalv10015655m.g	Caamp.1038s0012, Caamp.1041s1424
OG0004555	Thhalv10014715m.g	Caamp.1038s0013, Caamp.1041s1423
OG0004556	Thhalv10013689m.g	Caamp.1038s0024, Caamp.1041s1411
OG0004557	Thhalv10013046m.g	Caamp.1038s0034, Caamp.1041s1401
OG0004558	Thhalv10013912m.g	Caamp.1041s1396, Caamp.1038s0038
OG0004558	Thhalv10020980m.g	Caamp.0303s0530
OG0004559	Thhalv10015672m.g	Caamp.1038s0049, Caamp.1041s1384
OG0004560	Thhalv10013549m.g	Caamp.1041s1379, Caamp.1038s0054
OG0004561	Thhalv10021760m.g	Caamp.0214s0852
OG0004561	Thhalv10014999m.g	Caamp.1041s1378, Caamp.1038s0055
OG0004562	Thhalv10012767m.g	Caamp.1038s0060, Caamp.1041s1372
OG0004563	Thhalv10013682m.g	Caamp.1041s1368, Caamp.1038s0065
OG0004564	Thhalv10013213m.g	Caamp.1041s1367, Caamp.1038s0066
OG0004565	Thhalv10014323m.g	Caamp.1038s0068, Caamp.1041s1365
OG0004566	Thhalv10014409m.g	Caamp.1038s0069, Caamp.1041s1364
OG0004567	Thhalv10013936m.g	Caamp.1038s0075, Caamp.1041s1358
OG0004568	Thhalv10013157m.g	Caamp.1038s0078, Caamp.1041s1355
OG0004569	Thhalv10013183m.g	Caamp.1038s0079, Caamp.1041s1354
OG0004570	Thhalv10014659m.g	Caamp.1038s0084, Caamp.1041s1348
OG0004571	Thhalv10012546m.g	Caamp.1038s0086, Caamp.1041s1346
OG0004572	Thhalv10013725m.g	Caamp.1041s1345, Caamp.1038s0087
OG0004573	Thhalv10014262m.g	Caamp.1038s0096, Caamp.1041s1335
OG0004574	Thhalv10014756m.g	Caamp.1038s0106, Caamp.1041s1325
OG0004575	Thhalv10013837m.g	Caamp.1038s0117, Caamp.1041s1314
OG0004576	Thhalv10013692m.g	Caamp.1041s1308, Caamp.1038s0123
OG0004577	Thhalv10015450m.g	Caamp.1041s1307, Caamp.1038s0124
OG0004578	Thhalv10012490m.g	Caamp.1041s1306, Caamp.1038s0125
OG0004579	Thhalv10012885m.g	Caamp.1041s1303, Caamp.1038s0128
OG0004580	Thhalv10012890m.g	Caamp.1041s1295, Caamp.1038s0136
OG0004581	Thhalv10012499m.g	Caamp.1041s1286, Caamp.1038s0146
OG0004582	Thhalv10014512m.g	Caamp.1038s0148, Caamp.1041s1283
OG0004583	Thhalv10013191m.g, Thhalv10028083m.g	Caamp.1038s0156
OG0004584	Thhalv10014724m.g	Caamp.1041s1272, Caamp.1038s0160
OG0004585	Thhalv10013727m.g	Caamp.1038s0177, Caamp.1041s1253
OG0004586	Thhalv10012747m.g	Caamp.1038s0180, Caamp.1041s1248
OG0004587	Thhalv10012662m.g	Caamp.1041s1247, Caamp.1038s0181
OG0004588	Thhalv10015483m.g	Caamp.1038s0183, Caamp.0105s1791
OG0004589	Thhalv10013154m.g	Caamp.1038s0187, Caamp.1041s1239
OG0004590	Thhalv10012818m.g	Caamp.1038s0188, Caamp.1041s1238
OG0004591	Thhalv10013804m.g	Caamp.1041s1235, Caamp.1038s0191
OG0004592	Thhalv10012926m.g	Caamp.1041s1230, Caamp.1038s0194
OG0004593	Thhalv10012476m.g	Caamp.1038s0195, Caamp.1041s1229
OG0004594	Thhalv10012427m.g	Caamp.1041s1225, Caamp.1038s0198
OG0004595	Thhalv10014835m.g	Caamp.1041s1224, Caamp.1038s0199
OG0004596	Thhalv10012698m.g	Caamp.1041s1200, Caamp.1038s0222
OG0004597	Thhalv10028183m.g	Caamp.1038s0225
OG0004597	Thhalv10012987m.g	Caamp.1041s1197
OG0004598	Thhalv10013369m.g	Caamp.1038s0248, Caamp.1041s1181
OG0004599	Thhalv10012636m.g	Caamp.1038s0251, Caamp.1041s1178
OG0004600	Thhalv10014642m.g	Caamp.1041s1169, Caamp.1038s0260
OG0004601	Thhalv10013137m.g	Caamp.1041s1163, Caamp.1038s0267
OG0004602	Thhalv10012440m.g	Caamp.1038s0268, Caamp.1041s1162
OG0004603	Thhalv10013735m.g, Thhalv10015527m.g	Caamp.1038s0272, Caamp.1041s1159
OG0004604	Thhalv10014372m.g	Caamp.1038s0275, Caamp.1041s1156
OG0004605	Thhalv10015703m.g	Caamp.1038s0285, Caamp.1041s1148
OG0004606	Thhalv10014135m.g	Caamp.1041s1143, Caamp.1038s0290
OG0004607	Thhalv10012752m.g	Caamp.1038s0300, Caamp.1041s1134
OG0004608	Thhalv10013015m.g	Caamp.1038s0304, Caamp.1041s1130
OG0004609	Thhalv10012983m.g	Caamp.1041s1124, Caamp.1038s0310
OG0004610	Thhalv10014752m.g	Caamp.1038s0318, Caamp.1041s1116
OG0004611	Thhalv10013399m.g	Caamp.1041s1113, Caamp.1038s0321
OG0004612	Thhalv10013773m.g	Caamp.1038s0326, Caamp.1041s1107
OG0004613	Thhalv10013269m.g	Caamp.1038s0340, Caamp.1041s1094
OG0004614	Thhalv10003434m.g, Thhalv10012994m.g	Caamp.1041s1092, Caamp.1038s0342
OG0004615	Thhalv10014695m.g	Caamp.1041s1090, Caamp.1038s0345
OG0004616	Thhalv10014802m.g	Caamp.1041s1083, Caamp.1038s0351
OG0004617	Thhalv10012606m.g	Caamp.1038s0360, Caamp.1041s1074
OG0004618	Thhalv10012906m.g	Caamp.1038s0367, Caamp.1041s1068
OG0004619	Thhalv10012974m.g	Caamp.1038s0371, Caamp.1041s1061
OG0004620	Thhalv10014028m.g	Caamp.1038s0396, Caamp.1041s1035
OG0004621	Thhalv10012871m.g	Caamp.1041s1025, Caamp.1038s0404
OG0004622	Thhalv10014496m.g	Caamp.1038s0407, Caamp.1041s1024
OG0004623	Thhalv10013890m.g	Caamp.1038s0414, Caamp.1041s1013
OG0004624	Thhalv10012534m.g	Caamp.1041s1012, Caamp.1038s0415
OG0004625	Thhalv10012635m.g	Caamp.1038s0434, Caamp.1041s0993
OG0004626	Thhalv10014221m.g	Caamp.1041s0977
OG0004626	Thhalv10004681m.g	Caamp.1038s0449
OG0004627	Thhalv10015678m.g	Caamp.1038s0488
OG0004628	Thhalv10012814m.g	Caamp.1041s0924, Caamp.1038s0503
OG0004629	Thhalv10012501m.g	Caamp.1038s0509, Caamp.1041s0917
OG0004630	Thhalv10013060m.g	Caamp.1038s0510, Caamp.1041s0916
OG0004631	Thhalv10012615m.g	Caamp.1041s0915, Caamp.1038s0511
OG0004632	Thhalv10012626m.g	Caamp.1041s0246, Caamp.1038s0522
OG0004633	Thhalv10015314m.g	Caamp.1038s0530, Caamp.1041s0254
OG0004634	Thhalv10013181m.g	Caamp.1038s0555, Caamp.1041s0282
OG0004635	Thhalv10012787m.g	Caamp.1038s0575, Caamp.1041s0303
OG0004636	Thhalv10015619m.g, Thhalv10003964m.g	Caamp.0105s1376, Caamp.1038s0590
OG0004637	Thhalv10016030m.g	Caamp.0105s1378, Caamp.1038s0591
OG0004638	Thhalv10013933m.g	Caamp.0105s1409, Caamp.1038s0624
OG0004639	Thhalv10012927m.g	Caamp.0105s1419, Caamp.1038s0630
OG0004640	Thhalv10015436m.g	Caamp.0105s1429, Caamp.1038s0638
OG0004641	Thhalv10015302m.g	Caamp.0105s1449, Caamp.1038s0659
OG0004642	Thhalv10014897m.g	Caamp.1038s0684, Caamp.0105s1471
OG0004643	Thhalv10013916m.g	Caamp.1038s0687
OG0004643	Thhalv10014029m.g	Caamp.1038s0688
OG0004644	Thhalv10015512m.g	Caamp.0105s1475, Caamp.1038s0691
OG0004645	Thhalv10013121m.g	Caamp.1038s0698, Caamp.0105s1485
OG0004646	Thhalv10014439m.g	Caamp.1038s0718, Caamp.0105s1503
OG0004647	Thhalv10012647m.g	Caamp.0105s1504, Caamp.1038s0719
OG0004648	Thhalv10013305m.g	Caamp.0105s1523, Caamp.1038s0739
OG0004649	Thhalv10014658m.g	Caamp.1038s0770, Caamp.0105s1553
OG0004650	Thhalv10015842m.g	Caamp.1038s0776, Caamp.0105s1561
OG0004651	Thhalv10014989m.g	Caamp.1038s0819, Caamp.0105s1608
OG0004652	Thhalv10014464m.g	Caamp.0105s1622, Caamp.1038s0835, Caamp.0066s0022
OG0004653	Thhalv10013430m.g	Caamp.0105s1627, Caamp.1038s0840
OG0004654	Thhalv10012854m.g	Caamp.0105s1634
OG0004654	Thhalv10015751m.g	Caamp.1038s0845
OG0004655	Thhalv10012494m.g	Caamp.0105s1635, Caamp.1038s0847
OG0004656	Thhalv10013468m.g	Caamp.1038s0882, Caamp.0105s1671
OG0004657	Thhalv10012277m.g	Caamp.0105s1672
OG0004657	Thhalv10014252m.g	Caamp.1038s0883
OG0004658	Thhalv10014762m.g	Caamp.1038s0904
OG0004658	Thhalv10009806m.g	Caamp.0105s1691
OG0004659	Thhalv10012447m.g	Caamp.0105s1689, Caamp.1038s0906
OG0004660	Thhalv10014351m.g	Caamp.1038s0919, Caamp.0105s1702
OG0004661	Thhalv10015225m.g	Caamp.0105s1703, Caamp.1038s0920
OG0004662	Thhalv10020357m.g	Caamp.0105s1705, Caamp.1038s0922, Caamp.0078s0858
OG0004663	Thhalv10021512m.g	Caamp.1038s0925, Caamp.0105s1714, Caamp.0214s0117
OG0004664	Thhalv10002980m.g, Thhalv10015708m.g	Caamp.1038s0943, Caamp.0105s1733
OG0004665	Thhalv10012456m.g	Caamp.0105s1817, Caamp.1038s0994
OG0004666	Thhalv10015059m.g	Caamp.0105s1877, Caamp.1038s1004
OG0004667	Thhalv10013267m.g	Caamp.0105s1827, Caamp.1038s1052, Caamp.0105s1828
OG0004668	Thhalv10022901m.g, Thhalv10015468m.g	Caamp.0105s1886, Caamp.1038s1070
OG0004669	Thhalv10014990m.g	Caamp.1038s1082, Caamp.0105s1895, Caamp.0105s1894
OG0004670	Thhalv10013663m.g	Caamp.1038s1085
OG0004670	Thhalv10015964m.g	Caamp.0105s1898
OG0004671	Thhalv10013097m.g, Thhalv10013058m.g, Thhalv10015329m.g	Caamp.0035s0078, Caamp.1038s1101, Caamp.1038s1100
OG0004672	Thhalv10013972m.g	Caamp.1038s1105, Caamp.0105s1913
OG0004674	Thhalv10013008m.g	Caamp.0105s1929, Caamp.1038s1126
OG0004675	Thhalv10012442m.g	Caamp.0105s1935, Caamp.1038s1133
OG0004676	Thhalv10000235m.g	Caamp.1039s0017, Caamp.0059s0104
OG0004677	Thhalv10000246m.g	Caamp.0059s0089, Caamp.0094s0017, Caamp.1039s0034
OG0004678	Thhalv10000089m.g	Caamp.1039s0050, Caamp.0059s0073
OG0004679	Thhalv10000340m.g	Caamp.1039s0052, Caamp.0059s0071
OG0004680	Thhalv10000664m.g, Thhalv10019473m.g, Thhalv10018745m.g	Caamp.1039s0445, Caamp.1039s0092, Caamp.1039s0381
OG0004681	Thhalv10000259m.g	Caamp.1039s0128, Caamp.0059s0001
OG0004682	Thhalv10000426m.g	Caamp.1039s0157, Caamp.0096s0030
OG0004682	Thhalv10025715m.g	Caamp.0094s0144
OG0004684	Thhalv10026614m.g	Caamp.1039s0241, Caamp.0094s0811, Caamp.1041s0399
OG0004685	Thhalv10003338m.g, Thhalv10000479m.g	Caamp.0008s0127, Caamp.1039s0353, Caamp.1039s0352
OG0004686	Thhalv10026255m.g, Thhalv10027154m.g	Caamp.1039s0355, Caamp.0003s0600, Caamp.0054s0048
OG0004687	Thhalv10002970m.g	Caamp.1039s0368
OG0004687	Thhalv10002555m.g	Caamp.0097s0225, Caamp.0005s0165
OG0004688	Thhalv10000449m.g	Caamp.1039s0410
OG0004688	Thhalv10002765m.g	Caamp.0005s0114
OG0004689	Thhalv10005795m.g	Caamp.1039s0456, Caamp.0095s0604
OG0004690	Thhalv10006048m.g	Caamp.1039s0458, Caamp.0095s0601
OG0004691	Thhalv10019927m.g	Caamp.0078s1094, Caamp.1039s0478
OG0004692	Thhalv10021582m.g	Caamp.1039s0479, Caamp.0078s1093
OG0004693	Thhalv10020251m.g	Caamp.0078s1089, Caamp.1039s0483
OG0004694	Thhalv10021188m.g	Caamp.1039s0492, Caamp.0078s1080
OG0004695	Thhalv10021018m.g	Caamp.1039s0496, Caamp.0078s1076
OG0004696	Thhalv10021347m.g	Caamp.0078s1075, Caamp.1039s0497
OG0004697	Thhalv10020621m.g	Caamp.0078s1072, Caamp.1039s0500
OG0004698	Thhalv10021233m.g	Caamp.0078s1071, Caamp.0078s1070, Caamp.1039s0501
OG0004699	Thhalv10021066m.g	Caamp.0078s1060, Caamp.1039s0511
OG0004700	Thhalv10022429m.g	Caamp.0078s1057, Caamp.1039s0513
OG0004701	Thhalv10021938m.g	Caamp.1039s0517, Caamp.0078s1053
OG0004702	Thhalv10020358m.g	Caamp.0078s1050, Caamp.1039s0520
OG0004703	Thhalv10020110m.g	Caamp.1039s0543, Caamp.0078s1140
OG0004704	Thhalv10021508m.g	Caamp.1039s0546, Caamp.0078s1144
OG0004705	Thhalv10021414m.g, Thhalv10009961m.g	Caamp.1039s0568, Caamp.0078s1161
OG0004706	Thhalv10020572m.g	Caamp.1039s0577, Caamp.0078s1175
OG0004707	Thhalv10020172m.g	Caamp.1039s0586, Caamp.0078s1182
OG0004708	Thhalv10020376m.g	Caamp.1039s0601, Caamp.0078s1197
OG0004709	Thhalv10020092m.g	Caamp.0037s0107, Caamp.0078s1206, Caamp.1039s0608
OG0004710	Thhalv10020939m.g	Caamp.0078s1222
OG0004710	Thhalv10011970m.g	Caamp.1039s0623
OG0004711	Thhalv10020161m.g	Caamp.1039s0627, Caamp.0078s1225
OG0004712	Thhalv10020264m.g	Caamp.1039s0631, Caamp.0078s1228
OG0004713	Thhalv10011748m.g	Caamp.0037s0149, Caamp.0040s0182, Caamp.1039s0656
OG0004714	Thhalv10020162m.g	Caamp.1039s0659, Caamp.0076s1311
OG0004715	Thhalv10020041m.g	Caamp.1039s0695, Caamp.0076s1346
OG0004716	Thhalv10021040m.g	Caamp.1039s0699, Caamp.0076s1352
OG0004717	Thhalv10020396m.g	Caamp.1039s0701, Caamp.0076s1353
OG0004718	Thhalv10020603m.g	Caamp.0076s1372, Caamp.1039s0719
OG0004719	Thhalv10020211m.g	Caamp.0076s1375, Caamp.1039s0722
OG0004720	Thhalv10021100m.g	Caamp.0076s1377, Caamp.1039s0724
OG0004721	Thhalv10020417m.g	Caamp.1039s0729, Caamp.0076s1382
OG0004722	Thhalv10020057m.g	Caamp.1039s0747, Caamp.0105s0012
OG0004723	Thhalv10022353m.g	Caamp.0105s0035, Caamp.1039s0769
OG0004724	Thhalv10012270m.g	Caamp.0037s0235, Caamp.0040s0265
OG0004724	Thhalv10021811m.g	Caamp.1039s0770
OG0004725	Thhalv10020202m.g	Caamp.0105s0042, Caamp.1039s0777
OG0004726	Thhalv10019944m.g	Caamp.0105s0074, Caamp.1039s0811
OG0004727	Thhalv10022302m.g	Caamp.0105s0078, Caamp.1039s0815
OG0004728	Thhalv10021580m.g	Caamp.1039s0817, Caamp.0105s0081
OG0004729	Thhalv10020608m.g	Caamp.1039s0822, Caamp.0051s0086
OG0004730	Thhalv10020190m.g	Caamp.0051s0092, Caamp.1039s0828
OG0004731	Thhalv10021916m.g	Caamp.0051s0098, Caamp.1039s0835
OG0004732	Thhalv10020028m.g	Caamp.0051s0114, Caamp.1039s0850
OG0004733	Thhalv10021714m.g	Caamp.0051s0121, Caamp.1039s0857
OG0004734	Thhalv10021321m.g	Caamp.0051s0131, Caamp.1039s0868
OG0004735	Thhalv10020557m.g	Caamp.0051s0134, Caamp.1039s0871
OG0004736	Thhalv10020102m.g	Caamp.1039s0874, Caamp.0051s0138
OG0004737	Thhalv10021661m.g	Caamp.1039s0875, Caamp.0051s0139
OG0004738	Thhalv10020220m.g	Caamp.1039s0880, Caamp.0051s0146
OG0004739	Thhalv10021421m.g	Caamp.0051s0148, Caamp.1039s0882
OG0004740	Thhalv10021041m.g	Caamp.0051s0151, Caamp.1039s0885
OG0004741	Thhalv10020025m.g	Caamp.0051s0155, Caamp.1039s0888
OG0004742	Thhalv10020213m.g	Caamp.1039s0890, Caamp.0051s0157
OG0004743	Thhalv10020385m.g	Caamp.0051s0160, Caamp.1039s0896
OG0004744	Thhalv10021204m.g	Caamp.1039s0920, Caamp.0051s0185
OG0004745	Thhalv10019984m.g	Caamp.0051s0188, Caamp.1039s0923
OG0004746	Thhalv10021841m.g	Caamp.1039s0931, Caamp.0051s0195
OG0004747	Thhalv10019874m.g	Caamp.0051s0199, Caamp.1039s0934
OG0004748	Thhalv10021142m.g	Caamp.0051s0208, Caamp.1039s0943
OG0004749	Thhalv10021921m.g	Caamp.0051s0216, Caamp.1039s0950
OG0004750	Thhalv10019937m.g	Caamp.0051s0230, Caamp.1039s0965
OG0004751	Thhalv10019940m.g	Caamp.0051s0232, Caamp.1039s0966
OG0004752	Thhalv10020262m.g	Caamp.0051s0241, Caamp.1039s0975
OG0004753	Thhalv10020058m.g	Caamp.0051s0245, Caamp.1039s0980
OG0004754	Thhalv10019973m.g	Caamp.0051s0247, Caamp.1039s0982
OG0004755	Thhalv10020361m.g	Caamp.0051s0251, Caamp.1039s0987
OG0004756	Thhalv10022042m.g	Caamp.1039s0990, Caamp.0051s0254
OG0004757	Thhalv10020306m.g	Caamp.1039s0994, Caamp.0051s0258
OG0004758	Thhalv10020535m.g, Thhalv10020536m.g	Caamp.0051s0262, Caamp.1039s0997
OG0004759	Thhalv10019896m.g	Caamp.1039s1001, Caamp.0051s0265
OG0004760	Thhalv10021001m.g, Thhalv10012396m.g	Caamp.0051s0272, Caamp.1039s1008
OG0004761	Thhalv10020240m.g	Caamp.1039s1012, Caamp.0051s0276
OG0004762	Thhalv10019915m.g	Caamp.0051s0283, Caamp.1039s1019
OG0004763	Thhalv10021077m.g	Caamp.0051s0290, Caamp.1039s1025
OG0004764	Thhalv10020034m.g	Caamp.0051s0291, Caamp.1039s1026
OG0004765	Thhalv10020192m.g	Caamp.0051s0298, Caamp.1039s1035
OG0004766	Thhalv10021558m.g	Caamp.1039s1043, Caamp.0051s0304
OG0004767	Thhalv10021947m.g	Caamp.1039s1044, Caamp.0051s0305
OG0004768	Thhalv10020375m.g	Caamp.1039s1047, Caamp.0051s0308
OG0004769	Thhalv10021331m.g	Caamp.1039s1049, Caamp.0051s0310
OG0004770	Thhalv10020391m.g, Thhalv10011403m.g	Caamp.1039s1063, Caamp.0051s0325
OG0004771	Thhalv10020300m.g	Caamp.1039s1065, Caamp.0051s0327
OG0004772	Thhalv10020206m.g	Caamp.0051s0336, Caamp.1039s1076
OG0004773	Thhalv10021820m.g	Caamp.0051s0337, Caamp.1039s1077
OG0004774	Thhalv10020129m.g	Caamp.1039s1079, Caamp.0051s0339
OG0004775	Thhalv10021046m.g, Thhalv10021290m.g	Caamp.1039s1091, Caamp.0051s0352
OG0004776	Thhalv10019870m.g	Caamp.1039s1096, Caamp.0051s0357
OG0004777	Thhalv10020944m.g	Caamp.0051s0359, Caamp.1039s1097
OG0004778	Thhalv10020089m.g	Caamp.0051s0366, Caamp.1039s1105
OG0004779	Thhalv10019879m.g	Caamp.0051s0367, Caamp.1039s1106
OG0004780	Thhalv10020157m.g	Caamp.0051s0385, Caamp.1039s1121
OG0004781	Thhalv10007664m.g, Thhalv10007931m.g, Thhalv10009969m.g	Caamp.1039s1126, Caamp.0051s0387
OG0004782	Thhalv10020962m.g	Caamp.0053s0006, Caamp.1039s1147
OG0004783	Thhalv10020106m.g	Caamp.1039s1160, Caamp.0053s0015
OG0004784	Thhalv10019988m.g	Caamp.0053s0016, Caamp.1039s1161
OG0004785	Thhalv10020832m.g	Caamp.0053s0017, Caamp.1039s1162
OG0004786	Thhalv10021039m.g	Caamp.0006s0294
OG0004786	Thhalv10024147m.g	Caamp.1039s1171, Caamp.0053s0027
OG0004787	Thhalv10023509m.g	Caamp.0053s0030
OG0004787	Thhalv10020435m.g	Caamp.1039s1174
OG0004788	Thhalv10022300m.g	Caamp.0053s0033, Caamp.1039s1177
OG0004789	Thhalv10021059m.g	Caamp.1039s1180, Caamp.0053s0036
OG0004790	Thhalv10020463m.g	Caamp.0053s0046, Caamp.1039s1189
OG0004791	Thhalv10019945m.g	Caamp.1039s1194, Caamp.0053s0051
OG0004792	Thhalv10020662m.g	Caamp.0053s0057, Caamp.1039s1205
OG0004793	Thhalv10020002m.g	Caamp.0053s0061, Caamp.1039s1209
OG0004794	Thhalv10021403m.g	Caamp.1039s1227, Caamp.0053s0078
OG0004795	Thhalv10020069m.g	Caamp.1039s1246, Caamp.0053s0093
OG0004796	Thhalv10020666m.g	Caamp.1039s1247, Caamp.0053s0094
OG0004797	Thhalv10020966m.g	Caamp.1039s1248, Caamp.0053s0096, Caamp.0190s0199
OG0004798	Thhalv10019934m.g	Caamp.1039s1252, Caamp.0053s0100
OG0004799	Thhalv10020971m.g	Caamp.0053s0102, Caamp.1039s1254
OG0004800	Thhalv10020214m.g	Caamp.1039s1259, Caamp.0053s0105
OG0004801	Thhalv10021129m.g	Caamp.0053s0108, Caamp.1039s1262
OG0004802	Thhalv10020828m.g	Caamp.0053s0110, Caamp.1039s1264
OG0004803	Thhalv10020382m.g	Caamp.1039s1265, Caamp.0053s0112
OG0004804	Thhalv10009421m.g, Thhalv10020469m.g	Caamp.1039s1274, Caamp.0053s0128
OG0004805	Thhalv10020461m.g	Caamp.0053s0127, Caamp.1039s1275
OG0004806	Thhalv10021240m.g	Caamp.0053s0120, Caamp.1039s1280
OG0004807	Thhalv10022277m.g	Caamp.1039s1281, Caamp.0053s0118
OG0004808	Thhalv10021932m.g	Caamp.1039s1283, Caamp.0053s0116
OG0004809	Thhalv10020527m.g	Caamp.0053s0146, Caamp.1039s1299
OG0004810	Thhalv10019924m.g	Caamp.0053s0149, Caamp.1039s1302
OG0004811	Thhalv10020246m.g	Caamp.1039s1303, Caamp.0053s0150
OG0004812	Thhalv10019941m.g	Caamp.1039s1318, Caamp.0053s0161
OG0004813	Thhalv10021237m.g	Caamp.1039s1319, Caamp.0053s0162, Caamp.0053s0125
OG0004814	Thhalv10020897m.g	Caamp.1039s1333, Caamp.0053s0172
OG0004815	Thhalv10020132m.g	Caamp.0053s0175, Caamp.1039s1337
OG0004816	Thhalv10020310m.g	Caamp.0053s0176, Caamp.1039s1338
OG0004817	Thhalv10021505m.g	Caamp.0053s0184, Caamp.1039s1346
OG0004818	Thhalv10022122m.g	Caamp.1039s1347, Caamp.0053s0185
OG0004819	Thhalv10021966m.g	Caamp.0015s0106, Caamp.1041s1834, Caamp.1039s1359
OG0004820	Thhalv10020575m.g	Caamp.1039s1366, Caamp.1041s1838
OG0004821	Thhalv10021568m.g	Caamp.1041s1843, Caamp.1039s1370
OG0004822	Thhalv10020053m.g	Caamp.1041s1844, Caamp.1039s1371
OG0004823	Thhalv10020807m.g	Caamp.1039s1372, Caamp.1041s1846
OG0004824	Thhalv10019888m.g	Caamp.1041s1865, Caamp.1039s1391
OG0004825	Thhalv10020450m.g	Caamp.1039s1397, Caamp.0076s1143
OG0004826	Thhalv10021707m.g	Caamp.1039s1404, Caamp.0076s1147
OG0004827	Thhalv10021345m.g	Caamp.0076s1148, Caamp.1039s1405
OG0004828	Thhalv10020335m.g	Caamp.0076s1150, Caamp.1039s1407
OG0004829	Thhalv10021660m.g	Caamp.0076s1156, Caamp.1039s1414
OG0004830	Thhalv10021245m.g	Caamp.1039s1418, Caamp.0076s1162
OG0004831	Thhalv10020174m.g	Caamp.1039s1425, Caamp.0076s1169
OG0004832	Thhalv10019883m.g	Caamp.1039s1426, Caamp.0076s1170
OG0004833	Thhalv10021495m.g	Caamp.0076s1176, Caamp.1039s1431
OG0004834	Thhalv10021396m.g	Caamp.0076s1177, Caamp.1039s1432
OG0004835	Thhalv10021068m.g	Caamp.1039s1433, Caamp.0076s1178
OG0004836	Thhalv10021692m.g	Caamp.1039s1437, Caamp.0076s1181
OG0004837	Thhalv10020381m.g	Caamp.0076s1182, Caamp.1039s1438
OG0004838	Thhalv10020340m.g	Caamp.0076s1185, Caamp.1039s1442
OG0004839	Thhalv10021428m.g	Caamp.1039s1452, Caamp.0076s1194
OG0004840	Thhalv10020751m.g	Caamp.0076s1199, Caamp.1039s1456
OG0004841	Thhalv10021164m.g	Caamp.1039s1457, Caamp.0076s1200
OG0004842	Thhalv10020114m.g	Caamp.0076s1207, Caamp.1039s1462
OG0004843	Thhalv10021654m.g	Caamp.0076s1210, Caamp.1039s1464
OG0004844	Thhalv10022128m.g, Thhalv10021631m.g	Caamp.0076s1211, Caamp.1039s1465
OG0004845	Thhalv10021496m.g	Caamp.1039s1466, Caamp.0076s1212
OG0004846	Thhalv10021177m.g	Caamp.0076s1215, Caamp.1039s1469
OG0004847	Thhalv10022110m.g	Caamp.0076s1219, Caamp.1039s1473
OG0004848	Thhalv10020434m.g	Caamp.1039s1480, Caamp.0076s1226
OG0004849	Thhalv10020765m.g	Caamp.1039s1483, Caamp.0076s1229
OG0004850	Thhalv10020141m.g	Caamp.1039s1488, Caamp.0076s1237
OG0004851	Thhalv10020107m.g	Caamp.0076s1238, Caamp.1039s1489
OG0004852	Thhalv10021585m.g	Caamp.0076s1242, Caamp.1039s1495
OG0004853	Thhalv10020399m.g	Caamp.0076s1246, Caamp.1039s1497
OG0004854	Thhalv10020644m.g	Caamp.0076s1247, Caamp.1039s1498, Caamp.0064s0570
OG0004855	Thhalv10019912m.g	Caamp.1039s1503, Caamp.0076s1250
OG0004856	Thhalv10020003m.g	Caamp.0076s1251, Caamp.1039s1504
OG0004857	Thhalv10002371m.g	Caamp.1039s1515, Caamp.0076s1262
OG0004858	Thhalv10002616m.g	Caamp.0076s1265, Caamp.1039s1518
OG0004859	Thhalv10002448m.g	Caamp.0076s1271, Caamp.1039s1522
OG0004860	Thhalv10002394m.g	Caamp.1039s1523, Caamp.0076s1272
OG0004861	Thhalv10002521m.g	Caamp.0076s1277, Caamp.1039s1530
OG0004862	Thhalv10002398m.g	Caamp.0076s1279, Caamp.1039s1534
OG0004863	Thhalv10002381m.g	Caamp.1039s1542, Caamp.0076s1286
OG0004864	Thhalv10002447m.g	Caamp.1039s1547, Caamp.0076s1290
OG0004865	Thhalv10002400m.g	Caamp.1039s1549, Caamp.0076s1293
OG0004866	Thhalv10002599m.g	Caamp.0076s1296, Caamp.1039s1552
OG0004867	Thhalv10002990m.g	Caamp.0026s0001
OG0004867	Thhalv10002558m.g	Caamp.1039s1553
OG0004868	Thhalv10024857m.g	Caamp.0026s0008, Caamp.1039s1559
OG0004869	Thhalv10002609m.g	Caamp.0026s0011, Caamp.1039s1564
OG0004870	Thhalv10002420m.g	Caamp.0026s0019, Caamp.1039s1573
OG0004871	Thhalv10002451m.g	Caamp.1039s1577, Caamp.0026s0021
OG0004872	Thhalv10002645m.g	Caamp.0026s0022, Caamp.1039s1578
OG0004873	Thhalv10002460m.g	Caamp.0026s0023, Caamp.1039s1579
OG0004874	Thhalv10002634m.g	Caamp.1039s1582, Caamp.0026s0026
OG0004875	Thhalv10002594m.g	Caamp.1039s1590, Caamp.0026s0032
OG0004876	Thhalv10002445m.g	Caamp.1039s1595, Caamp.0026s0036
OG0004877	Thhalv10002708m.g	Caamp.1039s1597, Caamp.0026s0037
OG0004878	Thhalv10002889m.g, Thhalv10002760m.g, Thhalv10003025m.g	Caamp.1039s1604
OG0004879	Thhalv10002434m.g	Caamp.1039s1608, Caamp.0026s0049
OG0004880	Thhalv10002655m.g	Caamp.1039s1609, Caamp.0026s0053
OG0004881	Thhalv10002641m.g	Caamp.0026s0061, Caamp.1039s1614
OG0004882	Thhalv10003110m.g	Caamp.0026s0065, Caamp.1039s1617
OG0004883	Thhalv10002428m.g	Caamp.0026s0066, Caamp.1039s1618
OG0004884	Thhalv10002596m.g	Caamp.0026s0071, Caamp.1039s1623
OG0004885	Thhalv10002691m.g	Caamp.1039s1624, Caamp.0026s0072
OG0004886	Thhalv10002955m.g	Caamp.0026s0084, Caamp.1039s1635
OG0004887	Thhalv10002991m.g	Caamp.0026s0092, Caamp.1039s1642
OG0004888	Thhalv10002587m.g	Caamp.0026s0094, Caamp.1039s1644
OG0004889	Thhalv10002465m.g	Caamp.1039s1647, Caamp.0026s0097
OG0004890	Thhalv10002500m.g	Caamp.1039s1648, Caamp.0026s0099
OG0004891	Thhalv10002383m.g	Caamp.0026s0130, Caamp.1039s1669
OG0004892	Thhalv10002382m.g	Caamp.0026s0143, Caamp.1039s1683
OG0004893	Thhalv10002694m.g	Caamp.1039s1684, Caamp.0026s0144
OG0004894	Thhalv10002409m.g	Caamp.0026s0152, Caamp.1039s1689
OG0004895	Thhalv10002646m.g	Caamp.0026s0161, Caamp.1039s1700
OG0004897	Thhalv10024224m.g	Caamp.1040s0183, Caamp.0105s1069
OG0004898	Thhalv10028413m.g	Caamp.1040s0192, Caamp.1041s1577
OG0004899	Thhalv10028424m.g, Thhalv10015339m.g	Caamp.1041s1591, Caamp.1040s0205
OG0004900	Thhalv10028957m.g	Caamp.1041s1604, Caamp.1040s0219
OG0004901	Thhalv10028696m.g	Caamp.1041s0496, Caamp.1041s1626, Caamp.1040s0242
OG0004902	Thhalv10012291m.g, Thhalv10015154m.g	Caamp.1040s0483, Caamp.1040s0481, Caamp.1040s0482, Caamp.0040s0146
OG0004903	Thhalv10015242m.g	Caamp.1040s0792
OG0004904	Thhalv10008713m.g	Caamp.1040s1194, Caamp.0007s0383, Caamp.0007s0269
OG0004907	Thhalv10017679m.g	Caamp.0066s0023, Caamp.1040s1441, Caamp.0066s0021, Caamp.0045s0020
OG0004908	Thhalv10023674m.g	Caamp.0266s0009
OG0004908	Thhalv10028166m.g	Caamp.0044s0037
OG0004909	Thhalv10027948m.g	Caamp.1041s0054, Caamp.0044s0042
OG0004911	Thhalv10027818m.g	Caamp.1041s0065, Caamp.0044s0049
OG0004912	Thhalv10027900m.g	Caamp.0044s0052, Caamp.1041s0068
OG0004913	Thhalv10028195m.g	Caamp.0068s0027, Caamp.1041s0093
OG0004914	Thhalv10027824m.g	Caamp.0044s0111, Caamp.1041s0125
OG0004915	Thhalv10027617m.g	Caamp.1041s0148, Caamp.0044s0128
OG0004916	Thhalv10028206m.g	Caamp.1041s0158, Caamp.0044s0138
OG0004917	Thhalv10027999m.g	Caamp.1041s0162, Caamp.1041s0160, Caamp.0044s0140
OG0004918	Thhalv10027903m.g	Caamp.1041s0170, Caamp.0044s0147
OG0004919	Thhalv10027934m.g	Caamp.0011s0008, Caamp.1041s0186
OG0004920	Thhalv10027808m.g	Caamp.1041s0194, Caamp.0044s0176, Caamp.0044s0062
OG0004921	Thhalv10028252m.g, Thhalv10028082m.g	Caamp.0037s0137, Caamp.0037s0138, Caamp.0046s0148, Caamp.1041s0206, Caamp.1041s0205
OG0004922	Thhalv10027686m.g	Caamp.0044s0189, Caamp.1041s0209
OG0004923	Thhalv10027648m.g	Caamp.1041s0222, Caamp.0044s0202
OG0004924	Thhalv10027860m.g	Caamp.0044s0205, Caamp.1041s0225
OG0004925	Thhalv10027886m.g	Caamp.1041s0231, Caamp.0044s0213
OG0004926	Thhalv10027992m.g	Caamp.0097s0979, Caamp.1041s0239, Caamp.0044s0220
OG0004927	Thhalv10004581m.g	Caamp.1041s0241, Caamp.0033s0176
OG0004928	Thhalv10025366m.g	Caamp.0094s0724, Caamp.1041s0318
OG0004929	Thhalv10024605m.g	Caamp.1041s0333, Caamp.0094s0737
OG0004930	Thhalv10024645m.g	Caamp.1041s0336, Caamp.0094s0741
OG0004931	Thhalv10024189m.g	Caamp.1041s0339, Caamp.0094s0744
OG0004932	Thhalv10025966m.g	Caamp.1041s0340, Caamp.0094s0745
OG0004933	Thhalv10025047m.g	Caamp.1041s0341, Caamp.0094s0746
OG0004934	Thhalv10025215m.g	Caamp.0094s0754, Caamp.1041s0348
OG0004935	Thhalv10025727m.g	Caamp.1041s0355, Caamp.0094s0767
OG0004936	Thhalv10025538m.g	Caamp.1041s0363, Caamp.0094s0774
OG0004937	Thhalv10024256m.g	Caamp.0094s0778, Caamp.1041s0368
OG0004938	Thhalv10000058m.g	Caamp.0094s0785, Caamp.1041s0376
OG0004939	Thhalv10026723m.g	Caamp.1041s0379, Caamp.0094s0790
OG0004940	Thhalv10024667m.g	Caamp.0094s0796, Caamp.1041s0385
OG0004941	Thhalv10026339m.g	Caamp.0094s0797, Caamp.1041s0386
OG0004942	Thhalv10024520m.g	Caamp.1041s0388, Caamp.0094s0799
OG0004943	Thhalv10026393m.g	Caamp.1041s0394, Caamp.0094s0806
OG0004944	Thhalv10025004m.g	Caamp.0094s0807, Caamp.1041s0395
OG0004945	Thhalv10024345m.g	Caamp.1041s0410, Caamp.0094s0822
OG0004946	Thhalv10024546m.g	Caamp.0094s0836, Caamp.1041s0427
OG0004947	Thhalv10024549m.g	Caamp.1041s0428, Caamp.0094s0837
OG0004948	Thhalv10025377m.g, Thhalv10015505m.g	Caamp.1041s0438, Caamp.0094s0851
OG0004949	Thhalv10025381m.g	Caamp.0094s0860, Caamp.1041s0445
OG0004950	Thhalv10024489m.g	Caamp.0094s0866, Caamp.1041s0454
OG0004951	Thhalv10027483m.g	Caamp.1041s0469, Caamp.0094s0879
OG0004952	Thhalv10026646m.g	Caamp.0094s0892, Caamp.1041s0482
OG0004953	Thhalv10025901m.g	Caamp.1041s0501, Caamp.0094s0913
OG0004954	Thhalv10024212m.g	Caamp.0094s0916, Caamp.1041s0503
OG0004955	Thhalv10024870m.g	Caamp.1041s0505, Caamp.0094s0919
OG0004956	Thhalv10025999m.g	Caamp.1041s0514, Caamp.1041s0515
OG0004957	Thhalv10024980m.g	Caamp.1041s0518, Caamp.0094s0930
OG0004958	Thhalv10024316m.g	Caamp.1041s0533, Caamp.0094s0944
OG0004959	Thhalv10001985m.g, Thhalv10026925m.g	Caamp.1041s0535, Caamp.0094s0946
OG0004960	Thhalv10024533m.g	Caamp.0094s0953, Caamp.1041s0541
OG0004961	Thhalv10024708m.g	Caamp.1041s0542, Caamp.0094s0954
OG0004962	Thhalv10025603m.g	Caamp.0094s0955, Caamp.1041s0543
OG0004963	Thhalv10027582m.g	Caamp.0094s0968, Caamp.1041s0554
OG0004964	Thhalv10024350m.g	Caamp.0094s0972, Caamp.1041s0557
OG0004965	Thhalv10025272m.g	Caamp.0094s0976, Caamp.1041s0561
OG0004966	Thhalv10024513m.g	Caamp.0094s0986, Caamp.1041s0574
OG0004967	Thhalv10025606m.g	Caamp.1041s0582, Caamp.0094s0993
OG0004968	Thhalv10024311m.g	Caamp.0094s0997, Caamp.1041s0587
OG0004969	Thhalv10027404m.g	Caamp.1041s0588, Caamp.0094s0998
OG0004970	Thhalv10026313m.g	Caamp.0094s1018, Caamp.1041s0613
OG0004971	Thhalv10024196m.g	Caamp.0094s1036, Caamp.1041s0633
OG0004972	Thhalv10011484m.g	Caamp.1041s0649, Caamp.0064s0855
OG0004973	Thhalv10011379m.g	Caamp.1041s0652, Caamp.0064s0852
OG0004974	Thhalv10011737m.g	Caamp.1041s0664, Caamp.0064s0837
OG0004975	Thhalv10011376m.g	Caamp.0064s0815, Caamp.1041s0682
OG0004976	Thhalv10011174m.g	Caamp.1041s0688
OG0004976	Thhalv10012207m.g	Caamp.0064s0813
OG0004977	Thhalv10011738m.g	Caamp.0064s0798, Caamp.1041s0707
OG0004978	Thhalv10011257m.g	Caamp.0064s0796, Caamp.0064s0773, Caamp.1041s0710
OG0004979	Thhalv10012185m.g	Caamp.1041s0715, Caamp.0064s0791
OG0004980	Thhalv10011356m.g	Caamp.0064s0788, Caamp.1041s0718
OG0004981	Thhalv10012271m.g	Caamp.1041s0719, Caamp.0064s0787
OG0004982	Thhalv10011327m.g	Caamp.0064s0771, Caamp.1041s0732
OG0004983	Thhalv10011237m.g	Caamp.1041s0735, Caamp.0064s0769
OG0004984	Thhalv10011902m.g	Caamp.0064s0748, Caamp.1041s0756
OG0004985	Thhalv10011633m.g	Caamp.0064s0730, Caamp.1041s0768
OG0004986	Thhalv10012016m.g	Caamp.1041s0769, Caamp.0064s0729
OG0004987	Thhalv10011186m.g	Caamp.0064s0727, Caamp.1041s0772
OG0004988	Thhalv10011650m.g	Caamp.1041s1873, Caamp.0064s0724, Caamp.1041s0775
OG0004989	Thhalv10011990m.g	Caamp.0064s0720, Caamp.1041s0778
OG0004990	Thhalv10011335m.g	Caamp.0064s0717, Caamp.1041s0782
OG0004991	Thhalv10011318m.g	Caamp.0064s0716, Caamp.1041s0784
OG0004992	Thhalv10011486m.g	Caamp.1041s0791, Caamp.0064s0707
OG0004993	Thhalv10011406m.g	Caamp.0064s0703, Caamp.1041s0794
OG0004994	Thhalv10011671m.g	Caamp.1041s0801, Caamp.0064s0689
OG0004995	Thhalv10011410m.g	Caamp.0064s0683, Caamp.1041s0807
OG0004996	Thhalv10011300m.g	Caamp.1041s0818, Caamp.0064s0668
OG0004997	Thhalv10027811m.g	Caamp.0097s0435, Caamp.1041s0823
OG0004998	Thhalv10027717m.g, Thhalv10017711m.g	Caamp.0097s0430, Caamp.1041s0828
OG0004999	Thhalv10027714m.g	Caamp.0044s0289, Caamp.1041s0840
OG0005000	Thhalv10027687m.g	Caamp.0044s0285, Caamp.1041s0843
OG0005001	Thhalv10028147m.g	Caamp.1041s0849, Caamp.0044s0278
OG0005002	Thhalv10023884m.g	Caamp.0054s0036, Caamp.0054s0035, Caamp.1041s0860
OG0005003	Thhalv10027993m.g	Caamp.1041s0886, Caamp.0044s0244
OG0005004	Thhalv10015931m.g	Caamp.1041s1250
OG0005005	Thhalv10012160m.g	Caamp.1041s1427
OG0005006	Thhalv10012487m.g	Caamp.1041s1438, Caamp.0076s0014
OG0005007	Thhalv10013974m.g	Caamp.1041s1440, Caamp.0076s0016
OG0005008	Thhalv10014354m.g	Caamp.1041s1450, Caamp.0076s0025
OG0005009	Thhalv10013146m.g	Caamp.1041s1454, Caamp.0076s0029
OG0005010	Thhalv10015159m.g	Caamp.1041s1469, Caamp.0076s0043
OG0005011	Thhalv10013173m.g	Caamp.0076s0044, Caamp.1041s1470
OG0005012	Thhalv10015231m.g	Caamp.0214s0796, Caamp.0076s0048, Caamp.1041s1475
OG0005013	Thhalv10014185m.g	Caamp.1041s1476, Caamp.0076s0050
OG0005014	Thhalv10012542m.g	Caamp.1041s1480, Caamp.0076s0054
OG0005015	Thhalv10014230m.g	Caamp.0076s0057, Caamp.1041s1483
OG0005016	Thhalv10029278m.g, Thhalv10029301m.g	Caamp.1041s1628
OG0005017	Thhalv10028780m.g	Caamp.0052s0539, Caamp.1041s1634
OG0005018	Thhalv10028417m.g, Thhalv10009980m.g	Caamp.1041s1656, Caamp.0052s0517
OG0005019	Thhalv10026909m.g, Thhalv10028409m.g	Caamp.1041s1657, Caamp.0052s0516
OG0005020	Thhalv10009938m.g	Caamp.0052s0505
OG0005020	Thhalv10029130m.g	Caamp.1041s1672
OG0005021	Thhalv10028999m.g	Caamp.1041s1675, Caamp.0052s0503
OG0005022	Thhalv10028941m.g	Caamp.1041s1679, Caamp.0052s0499
OG0005023	Thhalv10028869m.g, Thhalv10026827m.g	Caamp.0052s0497, Caamp.1041s1681
OG0005024	Thhalv10028836m.g	Caamp.1041s1682, Caamp.0052s0496
OG0005025	Thhalv10028477m.g	Caamp.1041s1685, Caamp.0052s0492
OG0005026	Thhalv10028530m.g	Caamp.1041s1686, Caamp.0052s0490, Caamp.0052s0491
OG0005027	Thhalv10028812m.g	Caamp.1041s1689, Caamp.0052s0486
OG0005028	Thhalv10029201m.g	Caamp.1041s1699, Caamp.0052s0475
OG0005029	Thhalv10028589m.g	Caamp.1041s1708, Caamp.0052s0469
OG0005030	Thhalv10028963m.g, Thhalv10029386m.g	Caamp.1041s1718, Caamp.0052s0422, Caamp.0052s0460
OG0005031	Thhalv10028442m.g	Caamp.1041s1722, Caamp.0052s0456
OG0005032	Thhalv10029512m.g	Caamp.0052s0450, Caamp.1041s1729
OG0005033	Thhalv10024771m.g	Caamp.0052s0445, Caamp.1041s1733
OG0005034	Thhalv10029012m.g	Caamp.0052s0444, Caamp.1041s1734
OG0005035	Thhalv10029507m.g	Caamp.1041s1745, Caamp.0052s0431
OG0005036	Thhalv10028426m.g	Caamp.1041s1747, Caamp.0052s0429
OG0005037	Thhalv10028445m.g	Caamp.1041s1750, Caamp.0052s0424
OG0005038	Thhalv10029169m.g	Caamp.0052s0414, Caamp.1041s1757
OG0005039	Thhalv10029134m.g	Caamp.0052s0406, Caamp.1041s1760
OG0005040	Thhalv10028503m.g	Caamp.0052s0396, Caamp.1041s1768
OG0005041	Thhalv10028587m.g	Caamp.0052s0393, Caamp.1041s1771
OG0005042	Thhalv10028396m.g	Caamp.0052s0389, Caamp.1041s1774
OG0005043	Thhalv10028901m.g	Caamp.1041s1798, Caamp.0003s0398, Caamp.0190s0768
OG0005044	Thhalv10024809m.g, Thhalv10024629m.g	Caamp.0002s0220, Caamp.1041s1809
OG0005045	Thhalv10029313m.g	Caamp.0052s0361, Caamp.1041s1820
OG0005046	Thhalv10028639m.g	Caamp.1041s1821, Caamp.0052s0360
OG0005047	Thhalv10028533m.g	Caamp.1041s1832, Caamp.0052s0348
OG0005048	Thhalv10011353m.g, Thhalv10011985m.g	Caamp.0190s0212, Caamp.1041s1870
OG0005049	Thhalv10011291m.g	Caamp.0190s0224, Caamp.1041s1880
OG0005050	Thhalv10011653m.g	Caamp.0190s0232, Caamp.1041s1890
OG0005051	Thhalv10011431m.g	Caamp.1041s1893, Caamp.0190s0235
OG0005052	Thhalv10011278m.g	Caamp.0190s0184, Caamp.1041s1895
OG0005053	Thhalv10011358m.g	Caamp.1041s1901, Caamp.0190s0176
OG0005054	Thhalv10012056m.g, Thhalv10012259m.g	Caamp.0190s0172, Caamp.1041s1906
OG0005055	Thhalv10011420m.g	Caamp.0190s0167, Caamp.1041s1910
OG0005056	Thhalv10011475m.g	Caamp.1041s1914, Caamp.0190s0163
OG0005057	Thhalv10011307m.g	Caamp.0190s0160, Caamp.1041s1917
OG0005058	Thhalv10011713m.g	Caamp.0037s0310, Caamp.1041s1925
OG0005059	Thhalv10011412m.g	Caamp.1041s1929, Caamp.0037s0307
OG0005061	Thhalv10011231m.g	Caamp.1041s1940, Caamp.0037s0298
OG0005062	Thhalv10011325m.g	Caamp.1041s1942, Caamp.0037s0297
OG0005063	Thhalv10011404m.g	Caamp.1041s1951, Caamp.0037s0289
OG0005064	Thhalv10011635m.g	Caamp.0037s0285, Caamp.1041s1956
OG0005065	Thhalv10011636m.g	Caamp.1041s1959, Caamp.0037s0282
OG0005066	Thhalv10011504m.g	Caamp.0037s0276, Caamp.1041s1963
OG0005067	Thhalv10011385m.g, Thhalv10011384m.g	Caamp.1041s1964, Caamp.0037s0275
OG0005068	Thhalv10005443m.g, Thhalv10003662m.g	Caamp.1041s1976
OG0005069	Thhalv10015359m.g, Thhalv10003724m.g	Caamp.0033s0402, Caamp.1041s1980
OG0005070	Thhalv10003684m.g	Caamp.1041s1991, Caamp.0033s0416
OG0005071	Thhalv10003807m.g	Caamp.0033s0446, Caamp.1041s2019
OG0005071	Thhalv10003103m.g	Caamp.0026s0120
OG0005072	Thhalv10017927m.g	Caamp.0066s0090, Caamp.0105s0091
OG0005073	Thhalv10016445m.g	Caamp.0066s0083, Caamp.0105s0099
OG0005074	Thhalv10016263m.g	Caamp.0066s0106, Caamp.0105s0102
OG0005075	Thhalv10016516m.g	Caamp.0105s0108, Caamp.0066s0110
OG0005076	Thhalv10016728m.g	Caamp.0066s0112, Caamp.0105s0109
OG0005077	Thhalv10016861m.g	Caamp.0105s0110, Caamp.0066s0113
OG0005078	Thhalv10017804m.g	Caamp.0105s0111, Caamp.0066s0114
OG0005079	Thhalv10016488m.g	Caamp.0105s0112
OG0005079	Thhalv10007393m.g	Caamp.0056s0281
OG0005080	Thhalv10016398m.g	Caamp.0066s0117, Caamp.0105s0115
OG0005081	Thhalv10016711m.g	Caamp.0105s0116, Caamp.0066s0118
OG0005082	Thhalv10016853m.g	Caamp.0105s0117, Caamp.0066s0119
OG0005083	Thhalv10017069m.g	Caamp.0013s0332, Caamp.0105s0119
OG0005084	Thhalv10016766m.g	Caamp.0013s0327, Caamp.0105s0122
OG0005085	Thhalv10016548m.g	Caamp.0105s0132, Caamp.0013s0312
OG0005086	Thhalv10017010m.g, Thhalv10017625m.g	Caamp.0013s0309, Caamp.0105s0136
OG0005087	Thhalv10016964m.g	Caamp.0105s0137, Caamp.0013s0308
OG0005088	Thhalv10017317m.g	Caamp.0013s0307, Caamp.0105s0138
OG0005089	Thhalv10016433m.g	Caamp.0013s0273, Caamp.0105s0165
OG0005090	Thhalv10017136m.g	Caamp.0105s0168, Caamp.0013s0271
OG0005091	Thhalv10016683m.g	Caamp.0105s0169, Caamp.0013s0270
OG0005092	Thhalv10017830m.g, Thhalv10017908m.g	Caamp.0105s0171, Caamp.0013s0268
OG0005093	Thhalv10001961m.g	Caamp.0013s0265, Caamp.0105s0175, Caamp.0034s0139, Caamp.0080s0016
OG0005094	Thhalv10016331m.g	Caamp.0013s0260, Caamp.0105s0180
OG0005095	Thhalv10016459m.g	Caamp.0013s0255, Caamp.0105s0187
OG0005096	Thhalv10017169m.g	Caamp.0013s0250, Caamp.0105s0192
OG0005097	Thhalv10016430m.g	Caamp.0013s0237, Caamp.0105s0205
OG0005098	Thhalv10017319m.g	Caamp.0105s0211, Caamp.0013s0284, Caamp.0013s0231
OG0005099	Thhalv10016172m.g	Caamp.0105s0217, Caamp.0013s0222
OG0005100	Thhalv10017819m.g	Caamp.0105s0221, Caamp.0013s0218
OG0005101	Thhalv10016596m.g	Caamp.0013s0209, Caamp.0105s0229
OG0005102	Thhalv10016361m.g	Caamp.0013s0205, Caamp.0105s0231
OG0005103	Thhalv10016160m.g	Caamp.0013s0204, Caamp.0105s0232
OG0005104	Thhalv10017392m.g	Caamp.0105s0246, Caamp.0045s0010
OG0005105	Thhalv10017107m.g	Caamp.0105s0260, Caamp.0045s0028
OG0005107	Thhalv10016443m.g	Caamp.0045s0032, Caamp.0105s0264
OG0005108	Thhalv10017335m.g	Caamp.0045s0040, Caamp.0105s0271
OG0005109	Thhalv10002923m.g	Caamp.0045s0045
OG0005109	Thhalv10017634m.g	Caamp.0105s0276
OG0005110	Thhalv10016512m.g	Caamp.0105s0283
OG0005111	Thhalv10016359m.g	Caamp.0105s0300, Caamp.0013s0180
OG0005112	Thhalv10016354m.g	Caamp.0105s0324, Caamp.0159s0009
OG0005113	Thhalv10016402m.g	Caamp.0105s0326, Caamp.0159s0008
OG0005114	Thhalv10016293m.g	Caamp.0159s0006, Caamp.0105s0328
OG0005115	Thhalv10016169m.g	Caamp.0105s0343, Caamp.0066s0139
OG0005116	Thhalv10016163m.g	Caamp.0105s0347, Caamp.0066s0134
OG0005117	Thhalv10016425m.g, Thhalv10016427m.g	Caamp.0105s0350, Caamp.0066s0126
OG0005118	Thhalv10029243m.g, Thhalv10017015m.g	Caamp.0066s0123, Caamp.0105s0354
OG0005119	Thhalv10017143m.g	Caamp.0013s0334, Caamp.0105s0361
OG0005120	Thhalv10028219m.g, Thhalv10023139m.g, Thhalv10026977m.g, Thhalv10001423m.g, Thhalv10026771m.g	Caamp.0105s0695
OG0005121	Thhalv10024786m.g	Caamp.0105s0915, Caamp.0094s0248
OG0005122	Thhalv10026710m.g	Caamp.0105s0927, Caamp.0094s0262
OG0005123	Thhalv10025501m.g	Caamp.0097s0586, Caamp.0105s0934
OG0005124	Thhalv10025683m.g	Caamp.0094s0274
OG0005124	Thhalv10000286m.g	Caamp.0105s0937
OG0005125	Thhalv10027489m.g	Caamp.0094s0305, Caamp.0105s0966
OG0005126	Thhalv10024905m.g	Caamp.0095s1127, Caamp.0105s0972, Caamp.0094s0314
OG0005127	Thhalv10026286m.g	Caamp.0105s1010, Caamp.0129s0027, Caamp.0094s0354
OG0005128	Thhalv10025639m.g	Caamp.0059s0149, Caamp.0105s1018, Caamp.0094s0362
OG0005129	Thhalv10024319m.g	Caamp.0094s0376, Caamp.0105s1034
OG0005130	Thhalv10027575m.g	Caamp.0105s1054, Caamp.0094s0390
OG0005131	Thhalv10026474m.g	Caamp.0094s0391, Caamp.0105s1055
OG0005132	Thhalv10025156m.g	Caamp.0094s0406, Caamp.0105s1070
OG0005133	Thhalv10024275m.g	Caamp.0105s1075, Caamp.0094s0411
OG0005134	Thhalv10026183m.g	Caamp.0094s0428, Caamp.0105s1091
OG0005135	Thhalv10024321m.g	Caamp.0105s1110, Caamp.0094s0447
OG0005136	Thhalv10025124m.g	Caamp.0094s0485, Caamp.0105s1118
OG0005137	Thhalv10022846m.g	Caamp.0105s1124
OG0005137	Thhalv10026241m.g	Caamp.0094s0479
OG0005138	Thhalv10025183m.g	Caamp.0105s1140, Caamp.0094s0465
OG0005139	Thhalv10024683m.g	Caamp.0105s1151, Caamp.0094s0458
OG0005140	Thhalv10024753m.g	Caamp.0094s0453, Caamp.0105s1158
OG0005141	Thhalv10026462m.g	Caamp.0105s1161, Caamp.0094s0450
OG0005142	Thhalv10025131m.g	Caamp.0094s0496, Caamp.0105s1166
OG0005143	Thhalv10024609m.g	Caamp.0094s0510, Caamp.0105s1177
OG0005144	Thhalv10024388m.g	Caamp.0094s0535, Caamp.0105s1196
OG0005145	Thhalv10025967m.g	Caamp.0105s1205, Caamp.0094s0546
OG0005146	Thhalv10024198m.g	Caamp.0105s1222, Caamp.0094s0563
OG0005147	Thhalv10025320m.g	Caamp.0094s0568, Caamp.0105s1229
OG0005148	Thhalv10024217m.g	Caamp.0094s0587, Caamp.0105s1249
OG0005149	Thhalv10024486m.g	Caamp.0105s1257, Caamp.0094s0597
OG0005150	Thhalv10024276m.g	Caamp.0094s0618, Caamp.0105s1276
OG0005151	Thhalv10024206m.g	Caamp.0105s1278, Caamp.0094s0620
OG0005152	Thhalv10009797m.g, Thhalv10026845m.g	Caamp.0105s1325, Caamp.0094s0668, Caamp.0005s0317
OG0005153	Thhalv10025159m.g	Caamp.0094s0683, Caamp.0105s1339
OG0005154	Thhalv10024180m.g	Caamp.0105s1368, Caamp.0094s0712
OG0005155	Thhalv10024589m.g	Caamp.0094s0715, Caamp.0105s1371
OG0005156	Thhalv10024723m.g	Caamp.0190s0759, Caamp.0105s1527, Caamp.0003s0389
OG0005157	Thhalv10014870m.g	Caamp.0105s1804, Caamp.0105s1795, Caamp.0105s1779, Caamp.0105s1756
OG0005158	Thhalv10023667m.g	Caamp.0097s0655
OG0005158	Thhalv10023665m.g	Caamp.0105s1848
OG0005159	Thhalv10023626m.g	Caamp.0007s0417, Caamp.0011s0002
OG0005160	Thhalv10023533m.g	Caamp.0007s0422, Caamp.0011s0010
OG0005162	Thhalv10023409m.g	Caamp.0007s0462, Caamp.0011s0044
OG0005163	Thhalv10023310m.g	Caamp.0011s0055, Caamp.0007s0469
OG0005164	Thhalv10024122m.g	Caamp.0011s0061, Caamp.0007s0472
OG0005165	Thhalv10023729m.g	Caamp.0007s0473, Caamp.0011s0066
OG0005166	Thhalv10023436m.g	Caamp.0007s0483, Caamp.0011s0080
OG0005167	Thhalv10023712m.g	Caamp.0011s0085, Caamp.0007s0486
OG0005168	Thhalv10023988m.g	Caamp.0007s0498, Caamp.0011s0091
OG0005169	Thhalv10023726m.g	Caamp.0011s0095, Caamp.0007s0501
OG0005170	Thhalv10024163m.g	Caamp.0011s0098, Caamp.0011s0099, Caamp.0007s0508
OG0005171	Thhalv10024094m.g	Caamp.0007s0519, Caamp.0011s0104
OG0005172	Thhalv10023272m.g	Caamp.0011s0106, Caamp.0007s0521
OG0005173	Thhalv10023440m.g	Caamp.0007s0527, Caamp.0011s0109
OG0005174	Thhalv10023309m.g	Caamp.0011s0113, Caamp.0007s0533
OG0005175	Thhalv10023243m.g	Caamp.0011s0144, Caamp.0067s0007, Caamp.0038s0014
OG0005176	Thhalv10023619m.g	Caamp.0011s0149, Caamp.0038s0009
OG0005177	Thhalv10023577m.g	Caamp.0011s0152, Caamp.0011s0151, Caamp.0038s0008
OG0005179	Thhalv10023378m.g	Caamp.0020s0044, Caamp.0011s0167
OG0005180	Thhalv10023311m.g	Caamp.0020s0053, Caamp.0011s0177
OG0005181	Thhalv10023702m.g	Caamp.0011s0193, Caamp.0020s0071
OG0005182	Thhalv10010500m.g	Caamp.0078s0523, Caamp.0095s0920, Caamp.0011s0197
OG0005183	Thhalv10023164m.g, Thhalv10024000m.g	Caamp.0110s0025, Caamp.0637s0001
OG0005184	Thhalv10015951m.g	Caamp.0061s0064, Caamp.0110s0061
OG0005187	Thhalv10024262m.g	Caamp.0115s0001, Caamp.0042s0032
OG0005189	Thhalv10004530m.g	Caamp.0118s0017, Caamp.0097s1069
OG0005190	Thhalv10026195m.g	Caamp.0012s0081, Caamp.0020s0005
OG0005191	Thhalv10025411m.g	Caamp.0012s0088, Caamp.0020s0006
OG0005192	Thhalv10004375m.g	Caamp.0076s1078, Caamp.0076s1079, Caamp.0120s0005
OG0005193	Thhalv10005140m.g	Caamp.0120s0010, Caamp.0076s1086
OG0005194	Thhalv10004874m.g	Caamp.0120s0011, Caamp.0077s0093, Caamp.0076s1087
OG0005195	Thhalv10005505m.g, Thhalv10005341m.g, Thhalv10005390m.g, Thhalv10005382m.g	Caamp.0076s1113, Caamp.0120s0030
OG0005196	Thhalv10012940m.g	Caamp.0120s0044, Caamp.0076s1131
OG0005197	Thhalv10004524m.g	Caamp.0076s1136, Caamp.0120s0049
OG0005198	Thhalv10005426m.g	Caamp.0064s0193, Caamp.0120s0713
OG0005199	Thhalv10015508m.g, Thhalv10015761m.g, Thhalv10015605m.g, Thhalv10016006m.g, Thhalv10005418m.g, Thhalv10005421m.g	Caamp.0120s0850
OG0005201	Thhalv10003786m.g	Caamp.0097s0956, Caamp.0129s0011
OG0005202	Thhalv10004211m.g	Caamp.0129s0021, Caamp.0097s0954
OG0005203	Thhalv10004946m.g	Caamp.0097s0952, Caamp.0129s0024
OG0005204	Thhalv10004280m.g	Caamp.0097s0949, Caamp.0129s0025
OG0005205	Thhalv10003827m.g	Caamp.0129s0041, Caamp.0097s0944
OG0005206	Thhalv10003738m.g	Caamp.0129s0049, Caamp.0097s0930, Caamp.0097s0929, Caamp.0097s0928
OG0005207	Thhalv10005699m.g	Caamp.0097s0927, Caamp.0129s0052
OG0005208	Thhalv10003636m.g	Caamp.0129s0055, Caamp.0097s0912
OG0005209	Thhalv10005419m.g	Caamp.0129s0057, Caamp.0097s0915
OG0005210	Thhalv10016261m.g	Caamp.0051s0009, Caamp.0013s0006
OG0005211	Thhalv10016796m.g	Caamp.0051s0005, Caamp.0013s0010
OG0005212	Thhalv10002647m.g	Caamp.0013s0100, Caamp.0026s0169
OG0005213	Thhalv10002438m.g	Caamp.0013s0103, Caamp.0026s0171
OG0005214	Thhalv10003521m.g	Caamp.0026s0192, Caamp.0013s0129
OG0005215	Thhalv10002393m.g	Caamp.0026s0194, Caamp.0013s0130
OG0005216	Thhalv10025902m.g	Caamp.0013s0151, Caamp.0095s0089
OG0005217	Thhalv10024512m.g	Caamp.0013s0152, Caamp.0095s0090
OG0005218	Thhalv10025122m.g	Caamp.0095s0096, Caamp.0013s0158
OG0005219	Thhalv10026565m.g	Caamp.0013s0162, Caamp.0095s0100
OG0005220	Thhalv10008269m.g	Caamp.0139s0012, Caamp.0046s0392, Caamp.0024s0085
OG0005221	Thhalv10003133m.g	Caamp.0058s0068, Caamp.0014s0051
OG0005222	Thhalv10003132m.g	Caamp.0014s0052, Caamp.0058s0069
OG0005223	Thhalv10024079m.g	Caamp.0007s0412, Caamp.0015s0002
OG0005224	Thhalv10023913m.g	Caamp.0015s0013, Caamp.0007s0406, Caamp.0303s0109, Caamp.0214s0456
OG0005225	Thhalv10024168m.g	Caamp.0054s0097, Caamp.0015s0019
OG0005226	Thhalv10023999m.g	Caamp.0015s0040, Caamp.0054s0054
OG0005227	Thhalv10023326m.g	Caamp.0054s0078, Caamp.0015s0062
OG0005228	Thhalv10023236m.g	Caamp.0015s0063, Caamp.0054s0079
OG0005229	Thhalv10023225m.g	Caamp.0015s0074, Caamp.0054s0090
OG0005230	Thhalv10023381m.g	Caamp.0015s0084, Caamp.0054s0034
OG0005231	Thhalv10023517m.g	Caamp.0054s0029, Caamp.0015s0089
OG0005232	Thhalv10023264m.g	Caamp.0054s0028, Caamp.0015s0090
OG0005233	Thhalv10023265m.g	Caamp.0054s0025, Caamp.0015s0092
OG0005234	Thhalv10023242m.g	Caamp.0015s0095, Caamp.0054s0021
OG0005235	Thhalv10023282m.g	Caamp.0015s0115
OG0005237	Thhalv10023361m.g	Caamp.0015s0152, Caamp.0303s1347
OG0005238	Thhalv10023316m.g	Caamp.0015s0154, Caamp.0303s1348
OG0005239	Thhalv10023624m.g	Caamp.0303s1377, Caamp.0015s0173
OG0005240	Thhalv10023660m.g	Caamp.0015s0186, Caamp.0015s0189, Caamp.0303s1309
OG0005241	Thhalv10023227m.g	Caamp.0303s1305, Caamp.0015s0195
OG0005242	Thhalv10023604m.g	Caamp.0303s1280, Caamp.0015s0222
OG0005243	Thhalv10024123m.g	Caamp.0303s1270, Caamp.0015s0234
OG0005244	Thhalv10023612m.g	Caamp.0015s0235, Caamp.0303s1269
OG0005245	Thhalv10023397m.g	Caamp.0015s0308, Caamp.0303s1200
OG0005246	Thhalv10022385m.g, Thhalv10023606m.g, Thhalv10029515m.g	Caamp.0015s0312, Caamp.0303s1196
OG0005247	Thhalv10023664m.g	Caamp.0303s1191, Caamp.0015s0317
OG0005248	Thhalv10023680m.g	Caamp.0303s1185, Caamp.0015s0323
OG0005249	Thhalv10023313m.g	Caamp.0015s0343, Caamp.0303s1157
OG0005250	Thhalv10023782m.g	Caamp.0303s1139, Caamp.0015s0357, Caamp.0071s0130
OG0005251	Thhalv10018427m.g	Caamp.0016s0002, Caamp.0002s0113
OG0005252	Thhalv10019852m.g	Caamp.0016s0003, Caamp.0002s0112
OG0005253	Thhalv10018597m.g	Caamp.0016s0010, Caamp.0002s0100
OG0005254	Thhalv10019820m.g	Caamp.0016s0023, Caamp.0002s0081
OG0005255	Thhalv10018066m.g	Caamp.0002s0078, Caamp.0016s0032
OG0005256	Thhalv10027981m.g	Caamp.0002s0074, Caamp.0016s0038
OG0005257	Thhalv10018216m.g	Caamp.0002s0071, Caamp.0016s0042
OG0005258	Thhalv10019176m.g	Caamp.0002s0070, Caamp.0016s0043
OG0005259	Thhalv10018139m.g	Caamp.0016s0044, Caamp.0002s0069
OG0005260	Thhalv10019364m.g	Caamp.0002s0067, Caamp.0016s0046
OG0005261	Thhalv10019572m.g	Caamp.0002s0063, Caamp.0016s0052
OG0005263	Thhalv10018184m.g	Caamp.0016s0062
OG0005264	Thhalv10018127m.g	Caamp.0002s0051, Caamp.0016s0068
OG0005266	Thhalv10019314m.g, Thhalv10009290m.g	Caamp.0016s0082, Caamp.0002s0037
OG0005267	Thhalv10019959m.g	Caamp.0214s0589, Caamp.0303s0257, Caamp.0016s0093, Caamp.0002s0009
OG0005268	Thhalv10022484m.g	Caamp.0016s0099, Caamp.0002s0006
OG0005269	Thhalv10022467m.g	Caamp.0016s0118, Caamp.0019s0096
OG0005270	Thhalv10018768m.g	Caamp.0019s0087, Caamp.0016s0132
OG0005271	Thhalv10002339m.g	Caamp.0017s0015, Caamp.0039s0004
OG0005272	Thhalv10000977m.g, Thhalv10016855m.g	Caamp.0017s0053, Caamp.0039s0034
OG0005273	Thhalv10002341m.g	Caamp.0039s0035, Caamp.0017s0059
OG0005274	Thhalv10022503m.g	Caamp.0035s0185, Caamp.0017s0092
OG0005275	Thhalv10024087m.g	Caamp.0018s0078
OG0005276	Thhalv10020611m.g	Caamp.0188s0006, Caamp.0214s0875
OG0005277	Thhalv10019305m.g	Caamp.0052s0072, Caamp.0188s0035
OG0005278	Thhalv10006555m.g	Caamp.0052s0084, Caamp.0188s0048
OG0005279	Thhalv10006592m.g	Caamp.0188s0050, Caamp.0052s0086
OG0005280	Thhalv10008167m.g	Caamp.0188s0052, Caamp.0052s0088
OG0005281	Thhalv10007026m.g	Caamp.0052s0093, Caamp.0188s0056
OG0005282	Thhalv10007596m.g	Caamp.0052s0094, Caamp.0188s0057
OG0005283	Thhalv10006727m.g	Caamp.0052s0096, Caamp.0188s0059
OG0005284	Thhalv10007714m.g	Caamp.0052s0104, Caamp.0188s0067
OG0005285	Thhalv10008725m.g	Caamp.0052s0175, Caamp.0188s0126
OG0005286	Thhalv10008323m.g	Caamp.0052s0186, Caamp.0188s0135
OG0005287	Thhalv10008831m.g	Caamp.0071s0156, Caamp.0188s0137
OG0005288	Thhalv10007972m.g	Caamp.0071s0164, Caamp.0188s0145
OG0005289	Thhalv10007823m.g	Caamp.0071s0176, Caamp.0188s0157
OG0005290	Thhalv10023249m.g, Thhalv10007557m.g	Caamp.0188s0162
OG0005291	Thhalv10007497m.g	Caamp.0188s0166, Caamp.0071s0183
OG0005292	Thhalv10008726m.g	Caamp.0188s0188, Caamp.0071s0210
OG0005293	Thhalv10023085m.g, Thhalv10008741m.g	Caamp.0188s0190, Caamp.0071s0212
OG0005294	Thhalv10008060m.g	Caamp.0188s0197, Caamp.0071s0223
OG0005295	Thhalv10008721m.g	Caamp.0188s0198, Caamp.0071s0225
OG0005296	Thhalv10008545m.g	Caamp.0071s0226, Caamp.0188s0199
OG0005297	Thhalv10006631m.g	Caamp.0188s0204, Caamp.0071s0231
OG0005298	Thhalv10007480m.g	Caamp.0071s0234, Caamp.0188s0208
OG0005299	Thhalv10006883m.g	Caamp.0071s0236, Caamp.0188s0210
OG0005300	Thhalv10007819m.g	Caamp.0188s0212, Caamp.0071s0238
OG0005301	Thhalv10007161m.g	Caamp.0071s0252, Caamp.0188s0225
OG0005302	Thhalv10008698m.g	Caamp.0071s0259, Caamp.0188s0232
OG0005304	Thhalv10008352m.g	Caamp.0188s0235, Caamp.0071s0264
OG0005305	Thhalv10006699m.g	Caamp.0188s0252, Caamp.0071s0284
OG0005306	Thhalv10008990m.g	Caamp.0188s0255, Caamp.0071s0287
OG0005307	Thhalv10006765m.g	Caamp.0052s0324, Caamp.0188s0257
OG0005308	Thhalv10008376m.g	Caamp.0188s0271, Caamp.0052s0311
OG0005309	Thhalv10009851m.g	Caamp.0188s0275, Caamp.0052s0308
OG0005310	Thhalv10000634m.g, Thhalv10007996m.g	Caamp.0052s0305, Caamp.0188s0278
OG0005311	Thhalv10006565m.g	Caamp.0052s0298, Caamp.0188s0283
OG0005312	Thhalv10008819m.g	Caamp.0188s0300, Caamp.0052s0281
OG0005313	Thhalv10008855m.g	Caamp.0188s0309, Caamp.0052s0273
OG0005314	Thhalv10008651m.g	Caamp.0052s0270, Caamp.0188s0312
OG0005315	Thhalv10006652m.g	Caamp.0188s0324, Caamp.0052s0258
OG0005316	Thhalv10008265m.g	Caamp.0052s0256, Caamp.0188s0325
OG0005317	Thhalv10007760m.g	Caamp.0052s0244, Caamp.0188s0333
OG0005318	Thhalv10006875m.g	Caamp.0052s0236, Caamp.0188s0341
OG0005319	Thhalv10006682m.g	Caamp.0188s0346, Caamp.0052s0231
OG0005320	Thhalv10006640m.g	Caamp.0188s0352, Caamp.0052s0226
OG0005321	Thhalv10006696m.g	Caamp.0052s0217, Caamp.0188s0359
OG0005322	Thhalv10008665m.g, Thhalv10005017m.g	Caamp.0052s0215, Caamp.0188s0361
OG0005323	Thhalv10007038m.g	Caamp.0052s0207, Caamp.0188s0370
OG0005324	Thhalv10007485m.g, Thhalv10002208m.g	Caamp.0188s0371, Caamp.0052s0206
OG0005325	Thhalv10007333m.g	Caamp.0052s0188, Caamp.0188s0376
OG0005326	Thhalv10009487m.g	Caamp.0188s0377
OG0005327	Thhalv10007981m.g	Caamp.0188s0381, Caamp.0052s0192
OG0005328	Thhalv10009442m.g	Caamp.0052s0204, Caamp.0188s0392
OG0005329	Thhalv10007542m.g	Caamp.0071s0140, Caamp.0188s0410
OG0005330	Thhalv10007575m.g	Caamp.0071s0111, Caamp.0188s0436
OG0005331	Thhalv10007279m.g	Caamp.0071s0107, Caamp.0188s0440
OG0005332	Thhalv10008230m.g	Caamp.0188s0443, Caamp.0071s0104
OG0005333	Thhalv10006816m.g	Caamp.0188s0456, Caamp.0071s0097
OG0005334	Thhalv10007191m.g	Caamp.0188s0458, Caamp.0071s0095
OG0005335	Thhalv10008511m.g	Caamp.0071s0094, Caamp.0188s0459
OG0005336	Thhalv10021020m.g	Caamp.0214s0415, Caamp.0303s0071
OG0005336	Thhalv10007975m.g	Caamp.0188s0463
OG0005337	Thhalv10007980m.g	Caamp.0071s0088, Caamp.0188s0465
OG0005338	Thhalv10008348m.g	Caamp.0071s0063, Caamp.0188s0485
OG0005339	Thhalv10008475m.g	Caamp.0071s0048, Caamp.0188s0499
OG0005340	Thhalv10007373m.g	Caamp.0071s0047, Caamp.0188s0500
OG0005341	Thhalv10007774m.g	Caamp.0188s0502, Caamp.0071s0046
OG0005342	Thhalv10008133m.g, Thhalv10028057m.g, Thhalv10028024m.g	Caamp.0188s0505, Caamp.0071s0039
OG0005343	Thhalv10008408m.g	Caamp.0071s0035, Caamp.0188s0509
OG0005344	Thhalv10007019m.g	Caamp.0071s0033, Caamp.0188s0511
OG0005345	Thhalv10006678m.g	Caamp.0188s0515, Caamp.0071s0030
OG0005346	Thhalv10007646m.g	Caamp.0071s0023, Caamp.0188s0521
OG0005347	Thhalv10007616m.g, Thhalv10009320m.g, Thhalv10007501m.g, Thhalv10007743m.g	Caamp.0188s0545
OG0005348	Thhalv10007067m.g	Caamp.0188s0558, Caamp.0040s0020
OG0005349	Thhalv10016290m.g	Caamp.0188s0585, Caamp.0188s0584
OG0005350	Thhalv10007113m.g	Caamp.0188s0594, Caamp.0040s0052
OG0005351	Thhalv10006891m.g	Caamp.0040s0055, Caamp.0188s0597
OG0005352	Thhalv10009755m.g	Caamp.0040s0059
OG0005352	Thhalv10011681m.g	Caamp.0188s0601
OG0005353	Thhalv10007298m.g	Caamp.0040s0060, Caamp.0188s0602
OG0005354	Thhalv10007726m.g	Caamp.0040s0090, Caamp.0188s0627
OG0005355	Thhalv10008971m.g	Caamp.0040s0099, Caamp.0188s0636
OG0005356	Thhalv10006665m.g	Caamp.0188s0638, Caamp.0040s0101
OG0005357	Thhalv10007225m.g	Caamp.0040s0105, Caamp.0188s0643
OG0005358	Thhalv10008048m.g	Caamp.0188s0646, Caamp.0040s0108
OG0005359	Thhalv10007967m.g	Caamp.0040s0109, Caamp.0188s0647
OG0005360	Thhalv10009002m.g	Caamp.0040s0111, Caamp.0188s0648
OG0005361	Thhalv10009024m.g	Caamp.0188s0651, Caamp.0040s0113
OG0005361	Thhalv10019295m.g	Caamp.0006s0770
OG0005362	Thhalv10009177m.g	Caamp.0040s0120, Caamp.0188s0658
OG0005363	Thhalv10008539m.g	Caamp.0188s0660, Caamp.0040s0122
OG0005364	Thhalv10006564m.g	Caamp.0040s0129, Caamp.0188s0668
OG0005365	Thhalv10007623m.g	Caamp.0040s0134, Caamp.0188s0672
OG0005366	Thhalv10006918m.g	Caamp.0188s0674, Caamp.0040s0138
OG0005367	Thhalv10008533m.g	Caamp.0040s0155, Caamp.0188s0687
OG0005368	Thhalv10009652m.g	Caamp.0188s0690, Caamp.0040s0158
OG0005369	Thhalv10006624m.g	Caamp.0188s0724, Caamp.0046s0161
OG0005370	Thhalv10007467m.g	Caamp.0188s0725, Caamp.0046s0162
OG0005371	Thhalv10008448m.g	Caamp.0188s0736, Caamp.0046s0174
OG0005372	Thhalv10006803m.g	Caamp.0188s0793, Caamp.0056s0132
OG0005373	Thhalv10018646m.g	Caamp.0188s0810, Caamp.0056s0119
OG0005374	Thhalv10006716m.g	Caamp.0188s0822, Caamp.0056s0111
OG0005375	Thhalv10007758m.g	Caamp.0056s0108, Caamp.0188s0823
OG0005376	Thhalv10007017m.g	Caamp.0056s0102, Caamp.0188s0828
OG0005377	Thhalv10008052m.g	Caamp.0056s0100, Caamp.0005s0208, Caamp.0188s0829
OG0005378	Thhalv10006811m.g, Thhalv10009939m.g	Caamp.0188s0833, Caamp.0056s0095
OG0005379	Thhalv10010013m.g	Caamp.0056s0083, Caamp.0188s0844
OG0005381	Thhalv10006644m.g	Caamp.0056s0050, Caamp.0188s0875
OG0005382	Thhalv10029242m.g, Thhalv10007316m.g	Caamp.0188s0877, Caamp.0056s0048
OG0005383	Thhalv10007902m.g	Caamp.0188s1121, Caamp.0275s0059
OG0005384	Thhalv10006753m.g	Caamp.0275s0032, Caamp.0188s1140
OG0005385	Thhalv10006576m.g	Caamp.0188s1141, Caamp.0275s0031
OG0005386	Thhalv10004433m.g	Caamp.0275s0005, Caamp.0188s1162
OG0005387	Thhalv10008694m.g	Caamp.0275s0003, Caamp.0275s0004, Caamp.0188s1163
OG0005388	Thhalv10006257m.g	Caamp.0065s0049, Caamp.0019s0021, Caamp.0019s0052, Caamp.0023s0431
OG0005389	Thhalv10002490m.g	Caamp.0019s0065, Caamp.0019s0108
OG0005390	Thhalv10022469m.g	Caamp.0019s0086, Caamp.0019s0100
OG0005391	Thhalv10022665m.g	Caamp.0095s1271, Caamp.0093s0018, Caamp.0019s0127
OG0005392	Thhalv10007122m.g	Caamp.0046s0483, Caamp.0190s0008
OG0005393	Thhalv10008566m.g	Caamp.0046s0489, Caamp.0190s0017
OG0005394	Thhalv10008163m.g	Caamp.0190s0019, Caamp.0046s0491
OG0005395	Thhalv10010046m.g	Caamp.0046s0492, Caamp.0190s0020
OG0005396	Thhalv10009574m.g	Caamp.0190s0021, Caamp.0046s0493
OG0005397	Thhalv10008313m.g, Thhalv10008706m.g	Caamp.0190s0031, Caamp.0046s0504
OG0005398	Thhalv10007137m.g	Caamp.0190s0040, Caamp.0046s0513
OG0005399	Thhalv10009917m.g, Thhalv10008824m.g	Caamp.0190s0053, Caamp.0046s0525
OG0005400	Thhalv10006674m.g	Caamp.0046s0528, Caamp.0190s0056
OG0005401	Thhalv10007995m.g	Caamp.0046s0535, Caamp.0190s0062
OG0005402	Thhalv10006916m.g	Caamp.0046s0536, Caamp.0190s0063
OG0005403	Thhalv10006656m.g	Caamp.0046s0550, Caamp.0190s0078
OG0005404	Thhalv10008443m.g	Caamp.0046s0551, Caamp.0190s0079
OG0005405	Thhalv10008635m.g	Caamp.0046s0577, Caamp.0190s0105
OG0005406	Thhalv10011195m.g	Caamp.0190s0190, Caamp.0064s0868
OG0005407	Thhalv10011243m.g	Caamp.0190s0191, Caamp.0064s0872
OG0005408	Thhalv10011819m.g	Caamp.0190s0192, Caamp.0064s0873
OG0005409	Thhalv10011488m.g	Caamp.0190s0193, Caamp.0064s0874
OG0005410	Thhalv10011463m.g	Caamp.0064s0889, Caamp.0190s0208
OG0005411	Thhalv10011777m.g	Caamp.0190s0226
OG0005412	Thhalv10025423m.g	Caamp.0190s0247, Caamp.0005s0052, Caamp.0094s1059
OG0005413	Thhalv10026171m.g	Caamp.0190s0257, Caamp.0094s1069
OG0005414	Thhalv10025109m.g	Caamp.0094s1081, Caamp.0190s0273
OG0005415	Thhalv10024236m.g	Caamp.0094s1082, Caamp.0190s0274
OG0005416	Thhalv10024656m.g	Caamp.0094s1102, Caamp.0190s0289
OG0005417	Thhalv10024701m.g	Caamp.0190s0298, Caamp.0094s1109
OG0005418	Thhalv10024503m.g	Caamp.0190s0309, Caamp.0094s1118
OG0005419	Thhalv10025144m.g, Thhalv10015348m.g	Caamp.0190s0326, Caamp.0094s1134
OG0005420	Thhalv10025139m.g	Caamp.0094s1152, Caamp.0190s0345
OG0005421	Thhalv10024810m.g	Caamp.0094s1165, Caamp.0190s0359
OG0005422	Thhalv10024474m.g	Caamp.0094s1166, Caamp.0190s0360
OG0005423	Thhalv10025213m.g	Caamp.0190s0361, Caamp.0094s1167
OG0005424	Thhalv10027581m.g	Caamp.0190s0373, Caamp.0003s0010
OG0005425	Thhalv10026168m.g	Caamp.0003s0014, Caamp.0190s0376
OG0005426	Thhalv10011146m.g, Thhalv10026838m.g, Thhalv10011088m.g, Thhalv10011128m.g	Caamp.0003s0015, Caamp.0190s0377
OG0005427	Thhalv10024990m.g, Thhalv10010857m.g	Caamp.0003s0017, Caamp.0190s0379
OG0005428	Thhalv10026784m.g	Caamp.0190s0383, Caamp.0003s0021
OG0005429	Thhalv10026011m.g	Caamp.0003s0023, Caamp.0190s0385
OG0005430	Thhalv10026040m.g, Thhalv10025833m.g	Caamp.0003s0025, Caamp.0190s0387
OG0005431	Thhalv10025461m.g	Caamp.0190s0401, Caamp.0003s0039
OG0005432	Thhalv10025915m.g	Caamp.0190s0403, Caamp.0003s0041
OG0005433	Thhalv10024869m.g	Caamp.0003s0092, Caamp.0190s0457
OG0005434	Thhalv10025027m.g	Caamp.0190s0463, Caamp.0003s0098
OG0005435	Thhalv10024860m.g	Caamp.0190s0467, Caamp.0003s0102
OG0005436	Thhalv10025104m.g	Caamp.0190s0492, Caamp.0003s0119
OG0005437	Thhalv10026551m.g	Caamp.0003s0121, Caamp.0190s0495
OG0005438	Thhalv10025619m.g	Caamp.0190s0510, Caamp.0003s0159
OG0005439	Thhalv10026218m.g	Caamp.0190s0516, Caamp.0003s0152
OG0005440	Thhalv10025975m.g	Caamp.0003s0143, Caamp.0190s0524
OG0005441	Thhalv10024553m.g	Caamp.0003s0134, Caamp.0190s0528
OG0005442	Thhalv10026103m.g	Caamp.0003s0171, Caamp.0190s0545
OG0005443	Thhalv10024556m.g	Caamp.0003s0170, Caamp.0190s0546
OG0005444	Thhalv10025809m.g	Caamp.0190s0549, Caamp.0003s0168
OG0005445	Thhalv10024557m.g	Caamp.0003s0177, Caamp.0190s0556
OG0005446	Thhalv10026163m.g	Caamp.0190s0559, Caamp.0003s0180
OG0005447	Thhalv10025973m.g	Caamp.0190s0561, Caamp.0003s0184
OG0005448	Thhalv10024695m.g	Caamp.0003s0185, Caamp.0190s0562
OG0005449	Thhalv10024255m.g	Caamp.0003s0186, Caamp.0190s0563
OG0005450	Thhalv10024336m.g	Caamp.0190s0565, Caamp.0003s0188
OG0005451	Thhalv10024307m.g	Caamp.0190s0567, Caamp.0003s0190
OG0005452	Thhalv10025760m.g	Caamp.0190s0574, Caamp.0003s0196
OG0005453	Thhalv10026224m.g	Caamp.0190s0577, Caamp.0003s0199
OG0005454	Thhalv10025795m.g	Caamp.0003s0200, Caamp.0190s0578
OG0005455	Thhalv10027403m.g	Caamp.0190s0596, Caamp.0003s0211
OG0005456	Thhalv10024416m.g	Caamp.0003s0212, Caamp.0190s0597
OG0005457	Thhalv10003366m.g, Thhalv10024681m.g	Caamp.0190s0599
OG0005458	Thhalv10025430m.g	Caamp.0003s0217, Caamp.0190s0602
OG0005459	Thhalv10025425m.g	Caamp.0190s0603, Caamp.0003s0218
OG0005460	Thhalv10024414m.g	Caamp.0003s0223, Caamp.0190s0608
OG0005461	Thhalv10026976m.g	Caamp.0003s0226, Caamp.0003s0225, Caamp.0190s0611
OG0005462	Thhalv10025371m.g	Caamp.0190s0613, Caamp.0003s0228
OG0005463	Thhalv10025581m.g	Caamp.0003s0236, Caamp.0190s0620
OG0005464	Thhalv10024328m.g	Caamp.0190s0625, Caamp.0003s0240
OG0005465	Thhalv10026391m.g	Caamp.0190s0626, Caamp.0003s0243
OG0005466	Thhalv10024674m.g	Caamp.0190s0651, Caamp.0003s0267
OG0005467	Thhalv10025959m.g	Caamp.0190s0661, Caamp.0003s0278
OG0005468	Thhalv10026041m.g	Caamp.0190s0662, Caamp.0003s0279
OG0005469	Thhalv10027042m.g	Caamp.0190s0672, Caamp.0003s0291
OG0005470	Thhalv10024902m.g	Caamp.0190s0674, Caamp.0003s0293
OG0005471	Thhalv10027372m.g, Thhalv10027137m.g	Caamp.0190s0690, Caamp.0003s0319
OG0005472	Thhalv10025012m.g	Caamp.0003s0324, Caamp.0190s0694
OG0005473	Thhalv10029518m.g, Thhalv10024187m.g	Caamp.0003s0332, Caamp.0190s0700
OG0005474	Thhalv10027413m.g	Caamp.0190s0702
OG0005475	Thhalv10025739m.g	Caamp.0003s0342, Caamp.0190s0707
OG0005476	Thhalv10024955m.g	Caamp.0003s0344, Caamp.0190s0709
OG0005477	Thhalv10025199m.g	Caamp.0190s0716, Caamp.0003s0354
OG0005478	Thhalv10025220m.g	Caamp.0190s0746, Caamp.0003s0374
OG0005479	Thhalv10024514m.g	Caamp.0003s0379, Caamp.0190s0750
OG0005480	Thhalv10027459m.g	Caamp.0190s0760
OG0005480	Thhalv10026048m.g	Caamp.0003s0391
OG0005481	Thhalv10025202m.g	Caamp.0190s0767, Caamp.0003s0396
OG0005482	Thhalv10026221m.g	Caamp.0190s0771, Caamp.0003s0401
OG0005483	Thhalv10025698m.g	Caamp.0190s0777, Caamp.0003s0405
OG0005484	Thhalv10024563m.g	Caamp.0190s0781, Caamp.0003s0409
OG0005485	Thhalv10026864m.g	Caamp.0003s0414, Caamp.0190s0789
OG0005487	Thhalv10024235m.g	Caamp.0003s0432, Caamp.0190s0813
OG0005488	Thhalv10024251m.g	Caamp.0003s0443, Caamp.0190s0823
OG0005489	Thhalv10024324m.g	Caamp.0003s0448, Caamp.0190s0828
OG0005490	Thhalv10024772m.g	Caamp.0003s0449, Caamp.0190s0829, Caamp.0097s0661
OG0005491	Thhalv10025469m.g	Caamp.0003s0462, Caamp.0190s0848
OG0005492	Thhalv10025357m.g	Caamp.0190s0854, Caamp.0003s0468
OG0005493	Thhalv10027186m.g	Caamp.0190s0858, Caamp.0003s0470
OG0005494	Thhalv10026413m.g	Caamp.0190s0862, Caamp.0003s0472
OG0005495	Thhalv10024394m.g	Caamp.0003s0473, Caamp.0190s0863
OG0005496	Thhalv10027367m.g	Caamp.0003s0481, Caamp.0190s0870
OG0005497	Thhalv10027342m.g	Caamp.0190s0890, Caamp.0003s0499
OG0005498	Thhalv10026322m.g	Caamp.0190s0893, Caamp.0003s0502
OG0005499	Thhalv10024326m.g, Thhalv10024347m.g	Caamp.0190s0895, Caamp.0003s0506
OG0005500	Thhalv10026120m.g	Caamp.0003s0510, Caamp.0190s0899
OG0005501	Thhalv10025334m.g	Caamp.0190s0912, Caamp.0003s0519
OG0005502	Thhalv10024338m.g	Caamp.0190s0917, Caamp.0003s0525
OG0005503	Thhalv10026533m.g	Caamp.0003s0526, Caamp.0190s0919
OG0005504	Thhalv10024310m.g	Caamp.0003s0538, Caamp.0190s0929
OG0005505	Thhalv10024965m.g	Caamp.0003s0543, Caamp.0190s0933
OG0005506	Thhalv10025370m.g, Thhalv10024702m.g	Caamp.0003s0550, Caamp.0190s0940
OG0005507	Thhalv10026093m.g	Caamp.0003s0559, Caamp.0190s0950
OG0005508	Thhalv10000928m.g	Caamp.0076s0615
OG0005508	Thhalv10025491m.g	Caamp.0190s0953
OG0005509	Thhalv10027346m.g	Caamp.0003s0565, Caamp.0190s0958
OG0005510	Thhalv10024879m.g	Caamp.0003s0566, Caamp.0190s0959
OG0005511	Thhalv10001196m.g	Caamp.0007s0331
OG0005511	Thhalv10026213m.g	Caamp.0003s0567
OG0005512	Thhalv10025664m.g	Caamp.0190s0964, Caamp.0003s0571
OG0005513	Thhalv10024740m.g	Caamp.0003s0578, Caamp.0190s0969
OG0005514	Thhalv10025776m.g	Caamp.0003s0587, Caamp.0190s0981
OG0005515	Thhalv10012486m.g, Thhalv10010076m.g, Thhalv10027412m.g	Caamp.0190s0982
OG0005516	Thhalv10025996m.g	Caamp.0003s0597, Caamp.0190s0996
OG0005517	Thhalv10024528m.g	Caamp.0190s0997, Caamp.0003s0598
OG0005518	Thhalv10025059m.g	Caamp.0190s0999, Caamp.0003s0602
OG0005519	Thhalv10026367m.g	Caamp.0003s0605, Caamp.0190s1004
OG0005520	Thhalv10024821m.g	Caamp.0190s1006, Caamp.0003s0607
OG0005521	Thhalv10025843m.g	Caamp.0003s0613, Caamp.0190s1012
OG0005522	Thhalv10027028m.g	Caamp.0190s1017, Caamp.0003s0617
OG0005523	Thhalv10026226m.g	Caamp.0190s1018, Caamp.0003s0618
OG0005524	Thhalv10024250m.g	Caamp.0003s0621, Caamp.0190s1024
OG0005525	Thhalv10026338m.g	Caamp.0003s0628, Caamp.0190s1029
OG0005526	Thhalv10024971m.g	Caamp.0003s0636, Caamp.0190s1038, Caamp.0190s1037
OG0005527	Thhalv10027385m.g	Caamp.0003s0641, Caamp.0190s1042
OG0005528	Thhalv10024266m.g	Caamp.0190s1043
OG0005529	Thhalv10024314m.g	Caamp.0003s0650, Caamp.0190s1049
OG0005530	Thhalv10026824m.g	Caamp.0003s0651, Caamp.0190s1050
OG0005531	Thhalv10025024m.g	Caamp.0003s0656, Caamp.0190s1056
OG0005532	Thhalv10027091m.g	Caamp.0003s0666, Caamp.0190s1066
OG0005533	Thhalv10024567m.g	Caamp.0190s1085, Caamp.0003s0682
OG0005534	Thhalv10025077m.g	Caamp.0003s0686, Caamp.0190s1089
OG0005535	Thhalv10027030m.g	Caamp.0003s0718, Caamp.0190s1116
OG0005536	Thhalv10025806m.g	Caamp.0003s0719, Caamp.0190s1117
OG0005537	Thhalv10025197m.g	Caamp.0190s1118, Caamp.0003s0720
OG0005538	Thhalv10024919m.g	Caamp.0003s0733, Caamp.0190s1131
OG0005539	Thhalv10024638m.g	Caamp.0003s0734, Caamp.0190s1132
OG0005540	Thhalv10022637m.g	Caamp.0026s0810, Caamp.0190s1139
OG0005541	Thhalv10022988m.g	Caamp.0026s0806, Caamp.0190s1142
OG0005542	Thhalv10023147m.g	Caamp.0190s1160, Caamp.0026s0782
OG0005543	Thhalv10022850m.g	Caamp.0026s0746, Caamp.0190s1222
OG0005544	Thhalv10022776m.g	Caamp.0190s1227, Caamp.0026s0738
OG0005545	Thhalv10022704m.g	Caamp.0190s1250, Caamp.0026s0729
OG0005546	Thhalv10022638m.g	Caamp.0026s0714, Caamp.0190s1261
OG0005547	Thhalv10023083m.g	Caamp.0026s0710, Caamp.0190s1266
OG0005548	Thhalv10022862m.g	Caamp.0026s0707, Caamp.0190s1269
OG0005549	Thhalv10022556m.g	Caamp.0190s1286, Caamp.0026s0691
OG0005550	Thhalv10022654m.g	Caamp.0190s1287, Caamp.0026s0690
OG0005551	Thhalv10022836m.g	Caamp.0026s0676, Caamp.0190s1298
OG0005552	Thhalv10001877m.g, Thhalv10016136m.g	Caamp.0190s1299, Caamp.0026s0672
OG0005553	Thhalv10022826m.g	Caamp.0190s1310, Caamp.0026s0663
OG0005554	Thhalv10022734m.g	Caamp.0190s1312, Caamp.0026s0661
OG0005555	Thhalv10022323m.g, Thhalv10022525m.g	Caamp.0026s0660, Caamp.0190s1313
OG0005556	Thhalv10026999m.g	Caamp.0094s0398, Caamp.0190s1318
OG0005557	Thhalv10022903m.g	Caamp.0190s1320, Caamp.0026s0654
OG0005558	Thhalv10025286m.g, Thhalv10022705m.g	Caamp.0190s1332, Caamp.0026s0640
OG0005559	Thhalv10022729m.g	Caamp.0190s1339, Caamp.0026s0624
OG0005560	Thhalv10022800m.g	Caamp.0190s1353, Caamp.0026s0611
OG0005561	Thhalv10022536m.g	Caamp.0026s0601, Caamp.0190s1363
OG0005562	Thhalv10022610m.g	Caamp.0190s1371, Caamp.0026s0594
OG0005563	Thhalv10022738m.g	Caamp.0026s0592, Caamp.0190s1373
OG0005564	Thhalv10022628m.g	Caamp.0190s1375, Caamp.0026s0590
OG0005565	Thhalv10008362m.g, Thhalv10019005m.g	Caamp.0002s0103
OG0005566	Thhalv10018970m.g	Caamp.0006s0607, Caamp.0002s0114
OG0005567	Thhalv10019041m.g	Caamp.0002s0127, Caamp.0002s0128, Caamp.0006s0600
OG0005568	Thhalv10018694m.g	Caamp.0002s0131, Caamp.0006s0597
OG0005569	Thhalv10018801m.g	Caamp.0002s0149, Caamp.0006s0582
OG0005570	Thhalv10018500m.g, Thhalv10018475m.g	Caamp.0006s0581, Caamp.0002s0150
OG0005571	Thhalv10028297m.g	Caamp.0002s0165
OG0005572	Thhalv10019248m.g	Caamp.0002s0167, Caamp.0303s0702, Caamp.0097s0445
OG0005573	Thhalv10018132m.g	Caamp.0303s0694, Caamp.0002s0175
OG0005574	Thhalv10027361m.g	Caamp.0002s0185, Caamp.0002s0207, Caamp.0002s0187, Caamp.0303s0652
OG0005575	Thhalv10018757m.g	Caamp.0002s0188, Caamp.0303s0683
OG0005576	Thhalv10018034m.g	Caamp.0002s0196, Caamp.0303s0678
OG0005577	Thhalv10018457m.g	Caamp.0303s0674, Caamp.0002s0200
OG0005578	Thhalv10019599m.g, Thhalv10019163m.g, Thhalv10018300m.g	Caamp.0303s0672, Caamp.0002s0202
OG0005579	Thhalv10018053m.g	Caamp.0303s0669, Caamp.0002s0209
OG0005580	Thhalv10018528m.g	Caamp.0002s0210, Caamp.0303s0668
OG0005581	Thhalv10018922m.g	Caamp.0002s0213, Caamp.0303s0665
OG0005582	Thhalv10019308m.g	Caamp.0002s0214, Caamp.0303s0663
OG0005583	Thhalv10019531m.g, Thhalv10019423m.g	Caamp.0303s0656, Caamp.0002s0223
OG0005584	Thhalv10018729m.g	Caamp.0303s0654, Caamp.0002s0226
OG0005585	Thhalv10018091m.g	Caamp.0303s0645, Caamp.0002s0236
OG0005586	Thhalv10018174m.g	Caamp.0002s0239, Caamp.0303s0643
OG0005587	Thhalv10018804m.g	Caamp.0303s0642, Caamp.0002s0240
OG0005588	Thhalv10019642m.g	Caamp.0303s0640, Caamp.0002s0243
OG0005589	Thhalv10018246m.g	Caamp.0002s0249, Caamp.0303s0633
OG0005590	Thhalv10018396m.g	Caamp.0303s0630, Caamp.0002s0252
OG0005591	Thhalv10019165m.g	Caamp.0303s0626, Caamp.0002s0262
OG0005592	Thhalv10018362m.g	Caamp.0002s0266, Caamp.0303s0622
OG0005593	Thhalv10018280m.g	Caamp.0303s0615, Caamp.0002s0279
OG0005594	Thhalv10018653m.g	Caamp.0303s0614, Caamp.0002s0280
OG0005595	Thhalv10018283m.g	Caamp.0002s0289, Caamp.0303s0608
OG0005596	Thhalv10018968m.g	Caamp.0303s0605, Caamp.0002s0293
OG0005597	Thhalv10018723m.g	Caamp.0303s0603, Caamp.0002s0295
OG0005598	Thhalv10018534m.g	Caamp.0002s0299, Caamp.0303s0598
OG0005599	Thhalv10018815m.g	Caamp.0002s0304, Caamp.0303s0594
OG0005600	Thhalv10018953m.g	Caamp.0002s0312, Caamp.0303s0586
OG0005601	Thhalv10019637m.g, Thhalv10019164m.g	Caamp.0002s0323
OG0005602	Thhalv10019265m.g	Caamp.0303s0581, Caamp.0303s0577, Caamp.0002s0328
OG0005603	Thhalv10018235m.g	Caamp.0002s0335, Caamp.0064s0523
OG0005604	Thhalv10019181m.g	Caamp.0002s0344, Caamp.0064s0533
OG0005605	Thhalv10019494m.g	Caamp.0002s0347, Caamp.0064s0535
OG0005606	Thhalv10018090m.g	Caamp.0002s0354, Caamp.0064s0541
OG0005607	Thhalv10018310m.g	Caamp.0002s0355, Caamp.0064s0542
OG0005608	Thhalv10018143m.g	Caamp.0002s0374, Caamp.0064s0558
OG0005609	Thhalv10004311m.g	Caamp.0021s0005, Caamp.0008s0060
OG0005610	Thhalv10005115m.g	Caamp.0008s0101, Caamp.0021s0053
OG0005611	Thhalv10020614m.g	Caamp.0214s0020, Caamp.0078s0960
OG0005612	Thhalv10020755m.g	Caamp.0214s0030, Caamp.0078s0949
OG0005613	Thhalv10021383m.g	Caamp.0214s0034, Caamp.0078s0946
OG0005614	Thhalv10021461m.g	Caamp.0214s0051, Caamp.0078s0931
OG0005615	Thhalv10021678m.g	Caamp.0078s0930, Caamp.0214s0052
OG0005616	Thhalv10021942m.g	Caamp.0078s0920, Caamp.0214s0057
OG0005617	Thhalv10020207m.g	Caamp.0078s0919, Caamp.0214s0058
OG0005618	Thhalv10020697m.g	Caamp.0214s0064
OG0005618	Thhalv10015457m.g	Caamp.0078s0914
OG0005619	Thhalv10019905m.g	Caamp.0078s0906, Caamp.0214s0073
OG0005620	Thhalv10020478m.g, Thhalv10016037m.g	Caamp.0214s0085, Caamp.0078s0890
OG0005621	Thhalv10020131m.g	Caamp.0078s0886, Caamp.0214s0088
OG0005622	Thhalv10019960m.g	Caamp.0078s0873, Caamp.0214s0101
OG0005623	Thhalv10020293m.g	Caamp.0214s0102, Caamp.0078s0872
OG0005624	Thhalv10020822m.g	Caamp.0214s0104, Caamp.0078s0870
OG0005625	Thhalv10020581m.g	Caamp.0078s0867, Caamp.0214s0107
OG0005626	Thhalv10020593m.g	Caamp.0214s0139, Caamp.0078s0837
OG0005627	Thhalv10021874m.g	Caamp.0078s0822, Caamp.0214s0154
OG0005628	Thhalv10015666m.g, Thhalv10020687m.g	Caamp.0078s0815, Caamp.0214s0162
OG0005629	Thhalv10020325m.g	Caamp.0078s0803, Caamp.0214s0170
OG0005630	Thhalv10020118m.g	Caamp.0078s0795, Caamp.0214s0177
OG0005631	Thhalv10020978m.g	Caamp.0078s0787, Caamp.0214s0182
OG0005632	Thhalv10021963m.g	Caamp.0078s0778, Caamp.0214s0195
OG0005633	Thhalv10022535m.g	Caamp.0078s0742, Caamp.0078s1194, Caamp.0214s0231
OG0005634	Thhalv10020426m.g	Caamp.0078s0738, Caamp.0214s0235
OG0005635	Thhalv10020278m.g	Caamp.0214s0241, Caamp.0078s0732
OG0005636	Thhalv10020404m.g	Caamp.0214s0242, Caamp.0078s0731
OG0005637	Thhalv10020349m.g	Caamp.0214s0244, Caamp.0078s0729
OG0005638	Thhalv10021979m.g	Caamp.0078s0723, Caamp.0214s0248
OG0005639	Thhalv10021662m.g	Caamp.0078s0659, Caamp.0078s0660, Caamp.0214s0308
OG0005640	Thhalv10019975m.g	Caamp.0214s0342, Caamp.0078s0622
OG0005641	Thhalv10022174m.g	Caamp.0303s0008, Caamp.0214s0355
OG0005642	Thhalv10020042m.g	Caamp.0303s0030, Caamp.0214s0376
OG0005643	Thhalv10021784m.g	Caamp.0303s0059, Caamp.0214s0400
OG0005644	Thhalv10019892m.g	Caamp.0214s0413, Caamp.0303s0069
OG0005645	Thhalv10021055m.g	Caamp.0214s0414, Caamp.0303s0070
OG0005646	Thhalv10020449m.g	Caamp.0214s0451, Caamp.0303s0104
OG0005647	Thhalv10022144m.g	Caamp.0214s0494
OG0005647	Thhalv10020753m.g	Caamp.0303s0154
OG0005648	Thhalv10017976m.g	Caamp.0094s1097, Caamp.0214s0504, Caamp.0214s0510
OG0005649	Thhalv10021928m.g	Caamp.0214s0518
OG0005650	Thhalv10022286m.g	Caamp.0303s0215, Caamp.0214s0555
OG0005651	Thhalv10022180m.g	Caamp.0303s0234, Caamp.0214s0571, Caamp.0004s0095
OG0005652	Thhalv10020864m.g	Caamp.0303s0238
OG0005652	Thhalv10004344m.g	Caamp.0214s0575
OG0005653	Thhalv10020124m.g	Caamp.0214s0577, Caamp.0303s0240
OG0005654	Thhalv10023103m.g, Thhalv10023060m.g, Thhalv10023016m.g	Caamp.0214s0594, Caamp.0214s0595, Caamp.0037s0351
OG0005655	Thhalv10022139m.g, Thhalv10022790m.g	Caamp.0214s0596
OG0005656	Thhalv10022233m.g	Caamp.0303s0264, Caamp.0214s0598, Caamp.0214s0599
OG0005657	Thhalv10020081m.g	Caamp.0044s0043, Caamp.0022s0076, Caamp.0214s0608
OG0005658	Thhalv10021320m.g	Caamp.0303s0284, Caamp.0303s0283, Caamp.0214s0616
OG0005659	Thhalv10022176m.g	Caamp.0303s0326, Caamp.0214s0655
OG0005660	Thhalv10022182m.g	Caamp.0214s0665
OG0005660	Thhalv10012139m.g	Caamp.0064s0752
OG0005661	Thhalv10022999m.g, Thhalv10022370m.g	Caamp.0214s0679
OG0005661	Thhalv10021118m.g, Thhalv10023070m.g	Caamp.0303s0352
OG0005662	Thhalv10020126m.g	Caamp.0303s0361, Caamp.0214s0687
OG0005663	Thhalv10022247m.g	Caamp.0214s0699
OG0005663	Thhalv10029451m.g	Caamp.0026s0658
OG0005664	Thhalv10020044m.g	Caamp.0303s0385, Caamp.0214s0710
OG0005665	Thhalv10021545m.g	Caamp.0214s0721, Caamp.0303s0395
OG0005666	Thhalv10020416m.g	Caamp.0303s0440, Caamp.0214s0761
OG0005667	Thhalv10011322m.g	Caamp.0004s0089, Caamp.0214s0766
OG0005668	Thhalv10019869m.g	Caamp.0214s0767, Caamp.0303s0446
OG0005669	Thhalv10020091m.g	Caamp.0214s0802, Caamp.0303s0484
OG0005670	Thhalv10022440m.g	Caamp.0303s0502, Caamp.0214s0822
OG0005671	Thhalv10026042m.g	Caamp.0022s0016, Caamp.0097s0489
OG0005672	Thhalv10024504m.g	Caamp.0097s0492, Caamp.0022s0021
OG0005673	Thhalv10024989m.g	Caamp.0097s0511, Caamp.0022s0042
OG0005674	Thhalv10024386m.g	Caamp.0022s0043, Caamp.0097s0513
OG0005675	Thhalv10027487m.g	Caamp.0097s0517, Caamp.0022s0047
OG0005676	Thhalv10026983m.g	Caamp.0022s0056
OG0005677	Thhalv10026084m.g	Caamp.0022s0060, Caamp.0022s0059, Caamp.0097s0526
OG0005678	Thhalv10024261m.g	Caamp.0097s0538, Caamp.0022s0074
OG0005679	Thhalv10026366m.g	Caamp.0022s0080, Caamp.0097s0547
OG0005680	Thhalv10024624m.g	Caamp.0022s0091, Caamp.0097s0560
OG0005681	Thhalv10025526m.g	Caamp.0022s0093, Caamp.0097s0565
OG0005682	Thhalv10025735m.g	Caamp.0097s0569, Caamp.0022s0099, Caamp.0022s0101
OG0005683	Thhalv10026335m.g, Thhalv10026318m.g	Caamp.0097s0574, Caamp.0022s0104
OG0005684	Thhalv10025125m.g	Caamp.0097s0575, Caamp.0022s0105
OG0005685	Thhalv10024477m.g	Caamp.0022s0115, Caamp.0097s0592
OG0005686	Thhalv10026385m.g	Caamp.0097s0593, Caamp.0022s0116
OG0005687	Thhalv10026031m.g	Caamp.0097s0594, Caamp.0022s0117
OG0005688	Thhalv10024373m.g	Caamp.0097s0596, Caamp.0022s0121
OG0005689	Thhalv10026530m.g	Caamp.0097s0600, Caamp.0022s0125
OG0005690	Thhalv10026933m.g	Caamp.0097s0608, Caamp.0022s0133
OG0005691	Thhalv10024385m.g	Caamp.0022s0146, Caamp.0097s0616
OG0005692	Thhalv10024359m.g	Caamp.0022s0149, Caamp.0097s0649
OG0005693	Thhalv10027273m.g	Caamp.0022s0166, Caamp.0097s0624, Caamp.0097s0630, Caamp.0097s0628
OG0005694	Thhalv10025539m.g	Caamp.0097s0623, Caamp.0022s0167
OG0005695	Thhalv10024466m.g	Caamp.0097s0620, Caamp.0022s0170
OG0005696	Thhalv10024465m.g	Caamp.0097s0653, Caamp.0022s0174
OG0005697	Thhalv10024229m.g	Caamp.0097s0654, Caamp.0022s0175
OG0005698	Thhalv10026557m.g	Caamp.0097s0665, Caamp.0022s0181
OG0005699	Thhalv10025920m.g	Caamp.0022s0185, Caamp.0097s0668
OG0005700	Thhalv10026595m.g	Caamp.0022s0196, Caamp.0097s0679
OG0005701	Thhalv10025872m.g	Caamp.0097s0680, Caamp.0022s0197
OG0005702	Thhalv10025102m.g	Caamp.0097s0690, Caamp.0022s0204
OG0005703	Thhalv10025676m.g	Caamp.0061s0001, Caamp.0022s0213
OG0005704	Thhalv10024181m.g	Caamp.0061s0006, Caamp.0022s0218
OG0005705	Thhalv10015955m.g	Caamp.0078s0992
OG0005705	Thhalv10021920m.g	Caamp.0023s0008
OG0005706	Thhalv10020090m.g	Caamp.0023s0009, Caamp.0078s0994
OG0005707	Thhalv10020165m.g	Caamp.0078s1003, Caamp.0023s0018
OG0005708	Thhalv10021945m.g, Thhalv10027229m.g, Thhalv10022157m.g	Caamp.0023s0023, Caamp.0078s1007
OG0005709	Thhalv10020560m.g	Caamp.0078s1011, Caamp.0023s0026
OG0005710	Thhalv10019877m.g	Caamp.0078s1021, Caamp.0023s0035
OG0005711	Thhalv10020305m.g	Caamp.0023s0037, Caamp.0078s1023
OG0005712	Thhalv10020623m.g	Caamp.0078s1028, Caamp.0023s0041
OG0005713	Thhalv10020910m.g	Caamp.0023s0050, Caamp.0078s1039
OG0005714	Thhalv10021577m.g	Caamp.0078s1111, Caamp.0023s0068
OG0005715	Thhalv10021314m.g	Caamp.0023s0069, Caamp.0078s1110
OG0005716	Thhalv10005930m.g	Caamp.0095s0586, Caamp.0023s0082
OG0005717	Thhalv10006333m.g	Caamp.0095s0540, Caamp.0023s0122
OG0005718	Thhalv10006251m.g	Caamp.0023s0127
OG0005718	Thhalv10017656m.g	Caamp.0095s0535
OG0005719	Thhalv10006028m.g	Caamp.0095s0514, Caamp.0023s0152
OG0005720	Thhalv10005738m.g	Caamp.0095s0513, Caamp.0023s0153
OG0005721	Thhalv10005849m.g	Caamp.0095s0452, Caamp.0023s0216
OG0005722	Thhalv10005818m.g	Caamp.0023s0222, Caamp.0095s0444
OG0005723	Thhalv10006181m.g	Caamp.0023s0235, Caamp.0095s0431
OG0005724	Thhalv10005950m.g	Caamp.0095s0430, Caamp.0023s0238
OG0005725	Thhalv10005907m.g	Caamp.0023s0250, Caamp.0095s0419
OG0005726	Thhalv10005960m.g	Caamp.0095s0402, Caamp.0023s0266
OG0005727	Thhalv10006183m.g	Caamp.0095s0393, Caamp.0023s0272
OG0005728	Thhalv10005962m.g	Caamp.0095s0390, Caamp.0023s0275
OG0005729	Thhalv10005739m.g	Caamp.0023s0304, Caamp.0095s0364
OG0005730	Thhalv10005829m.g	Caamp.0023s0305, Caamp.0095s0363
OG0005731	Thhalv10006256m.g	Caamp.0023s0309, Caamp.0076s1404, Caamp.0095s0360
OG0005732	Thhalv10005802m.g	Caamp.0023s0311, Caamp.0095s0358
OG0005734	Thhalv10005736m.g	Caamp.0023s0344, Caamp.0095s0330
OG0005735	Thhalv10006506m.g	Caamp.0023s0381, Caamp.0065s0008
OG0005736	Thhalv10005735m.g	Caamp.0023s0402, Caamp.0065s0024
OG0005737	Thhalv10005756m.g	Caamp.0065s0070, Caamp.0023s0456
OG0005738	Thhalv10005749m.g	Caamp.0023s0478, Caamp.0065s0092
OG0005739	Thhalv10005839m.g	Caamp.0023s0505, Caamp.0065s0120
OG0005740	Thhalv10005791m.g	Caamp.0023s0529, Caamp.0065s0139
OG0005741	Thhalv10005852m.g	Caamp.0023s0585, Caamp.0065s0202
OG0005742	Thhalv10006277m.g	Caamp.0023s0589, Caamp.0065s0207
OG0005743	Thhalv10006074m.g	Caamp.0065s0226, Caamp.0023s0614
OG0005744	Thhalv10006334m.g	Caamp.0065s0237, Caamp.0023s0627
OG0005745	Thhalv10006361m.g	Caamp.0065s0245, Caamp.0023s0637
OG0005746	Thhalv10006150m.g	Caamp.0023s0639, Caamp.0042s0002, Caamp.0065s0247
OG0005747	Thhalv10007764m.g	Caamp.0046s0461, Caamp.0024s0014
OG0005748	Thhalv10007873m.g	Caamp.0024s0022, Caamp.0046s0454, Caamp.0024s0024
OG0005749	Thhalv10009139m.g	Caamp.0046s0434, Caamp.0024s0040
OG0005750	Thhalv10006936m.g	Caamp.0046s0433, Caamp.0024s0041
OG0005751	Thhalv10008999m.g	Caamp.0046s0421, Caamp.0024s0054
OG0005752	Thhalv10008172m.g	Caamp.0024s0057, Caamp.0046s0418
OG0005753	Thhalv10007353m.g	Caamp.0024s0065
OG0005754	Thhalv10007357m.g	Caamp.0046s0410, Caamp.0024s0066
OG0005755	Thhalv10007076m.g	Caamp.0046s0396, Caamp.0024s0081
OG0005756	Thhalv10008346m.g	Caamp.0024s0086, Caamp.0046s0391
OG0005757	Thhalv10007293m.g, Thhalv10015860m.g	Caamp.0046s0384, Caamp.0024s0095
OG0005758	Thhalv10007493m.g	Caamp.0046s0363, Caamp.0024s0113
OG0005759	Thhalv10007020m.g	Caamp.0046s0335, Caamp.0024s0138
OG0005760	Thhalv10008687m.g	Caamp.0024s0163, Caamp.0046s0309
OG0005761	Thhalv10011836m.g	Caamp.0024s0165
OG0005761	Thhalv10007969m.g	Caamp.0046s0307
OG0005762	Thhalv10008480m.g	Caamp.0046s0296, Caamp.0024s0181
OG0005763	Thhalv10006758m.g	Caamp.0024s0193, Caamp.0046s0285
OG0005764	Thhalv10007978m.g	Caamp.0040s0253, Caamp.0024s0196, Caamp.0046s0282
OG0005765	Thhalv10006957m.g	Caamp.0046s0274, Caamp.0024s0203
OG0005766	Thhalv10007746m.g	Caamp.0046s0261, Caamp.0024s0218
OG0005767	Thhalv10006648m.g	Caamp.0046s0260, Caamp.0024s0220
OG0005768	Thhalv10009429m.g	Caamp.0024s0222
OG0005769	Thhalv10009625m.g, Thhalv10015054m.g, Thhalv10014520m.g	Caamp.0046s0255, Caamp.0024s0229
OG0005770	Thhalv10006681m.g	Caamp.0046s0250, Caamp.0024s0234
OG0005771	Thhalv10006705m.g	Caamp.0024s0235, Caamp.0046s0249
OG0005772	Thhalv10009905m.g	Caamp.0046s0235, Caamp.0024s0246
OG0005773	Thhalv10007523m.g	Caamp.0046s0232, Caamp.0024s0249
OG0005774	Thhalv10000123m.g	Caamp.0046s0222
OG0005774	Thhalv10027523m.g, Thhalv10000884m.g	Caamp.0024s0258
OG0005775	Thhalv10007699m.g	Caamp.0056s0155, Caamp.0024s0275
OG0005776	Thhalv10009713m.g	Caamp.0056s0158, Caamp.0024s0278
OG0005777	Thhalv10006774m.g	Caamp.0056s0176, Caamp.0024s0292
OG0005778	Thhalv10009984m.g	Caamp.0024s0296, Caamp.0056s0179
OG0005779	Thhalv10006704m.g	Caamp.0024s0324, Caamp.0056s0209
OG0005780	Thhalv10006783m.g	Caamp.0024s0364, Caamp.0056s0247
OG0005781	Thhalv10007634m.g	Caamp.0056s0263, Caamp.0024s0378
OG0005782	Thhalv10006743m.g	Caamp.0056s0264, Caamp.0024s0379
OG0005783	Thhalv10007468m.g	Caamp.0056s0267, Caamp.0024s0383
OG0005784	Thhalv10029292m.g	Caamp.0024s0389
OG0005785	Thhalv10008030m.g	Caamp.0024s0402, Caamp.0056s0287
OG0005786	Thhalv10006671m.g	Caamp.0024s0406
OG0005787	Thhalv10008013m.g	Caamp.0056s0296, Caamp.0024s0410
OG0005788	Thhalv10007909m.g	Caamp.0024s0424, Caamp.0056s0309
OG0005789	Thhalv10006689m.g	Caamp.0024s0435, Caamp.0056s0316
OG0005790	Thhalv10008508m.g	Caamp.0056s0317, Caamp.0024s0437
OG0005791	Thhalv10007705m.g	Caamp.0056s0336, Caamp.0024s0453
OG0005792	Thhalv10009168m.g	Caamp.0303s0675, Caamp.0024s0459, Caamp.0056s0344
OG0005793	Thhalv10007858m.g	Caamp.0024s0486, Caamp.0052s0002
OG0005794	Thhalv10008787m.g	Caamp.0024s0505, Caamp.0052s0025
OG0005795	Thhalv10015430m.g	Caamp.0303s0054, Caamp.0026s0054, Caamp.0026s0055, Caamp.0026s0051, Caamp.0026s0176
OG0005797	Thhalv10022890m.g	Caamp.0026s0797
OG0005797	Thhalv10022888m.g	Caamp.0026s0219
OG0005798	Thhalv10022706m.g	Caamp.0303s1099, Caamp.0026s0800, Caamp.0026s0220
OG0005799	Thhalv10010128m.g	Caamp.0005s0223, Caamp.0026s0250
OG0005800	Thhalv10010235m.g	Caamp.0026s0258, Caamp.0005s0238
OG0005801	Thhalv10010228m.g	Caamp.0026s0262, Caamp.0005s0243
OG0005802	Thhalv10010980m.g	Caamp.0005s0244, Caamp.0026s0263
OG0005803	Thhalv10010285m.g	Caamp.0005s0245, Caamp.0026s0264
OG0005804	Thhalv10010252m.g	Caamp.0005s0248, Caamp.0026s0267
OG0005805	Thhalv10010677m.g	Caamp.0026s0271, Caamp.0005s0252
OG0005806	Thhalv10010423m.g	Caamp.0026s0282, Caamp.0005s0263
OG0005807	Thhalv10010670m.g	Caamp.0005s0266, Caamp.0026s0285
OG0005808	Thhalv10010812m.g	Caamp.0026s0286, Caamp.0005s0267
OG0005809	Thhalv10010853m.g, Thhalv10005150m.g	Caamp.0026s0303, Caamp.0005s0286
OG0005810	Thhalv10010180m.g	Caamp.0005s0298, Caamp.0026s0309
OG0005811	Thhalv10010506m.g	Caamp.0005s0307, Caamp.0026s0317
OG0005812	Thhalv10010862m.g	Caamp.0026s0321, Caamp.0005s0311
OG0005813	Thhalv10010430m.g	Caamp.0005s0313, Caamp.0026s0323
OG0005814	Thhalv10010559m.g, Thhalv10010553m.g	Caamp.0026s0337, Caamp.0005s0322
OG0005815	Thhalv10010185m.g	Caamp.0005s0337, Caamp.0026s0350
OG0005816	Thhalv10010777m.g	Caamp.0026s0369, Caamp.0005s0359
OG0005817	Thhalv10010541m.g	Caamp.0026s0378, Caamp.0005s0369
OG0005818	Thhalv10005477m.g	Caamp.0005s0373
OG0005818	Thhalv10010585m.g	Caamp.0026s0382
OG0005819	Thhalv10010352m.g	Caamp.0026s0383, Caamp.0005s0375
OG0005820	Thhalv10010269m.g	Caamp.0005s0392, Caamp.0026s0401
OG0005821	Thhalv10010297m.g	Caamp.0005s0394, Caamp.0026s0402
OG0005822	Thhalv10010849m.g	Caamp.0026s0412, Caamp.0078s0004
OG0005823	Thhalv10010311m.g	Caamp.0026s0416, Caamp.0078s0008
OG0005824	Thhalv10010392m.g	Caamp.0078s0012, Caamp.0026s0421
OG0005825	Thhalv10010332m.g	Caamp.0026s0430, Caamp.0078s0020
OG0005826	Thhalv10010470m.g	Caamp.0078s0031, Caamp.0026s0437
OG0005827	Thhalv10010218m.g	Caamp.0078s0049, Caamp.0026s0453
OG0005828	Thhalv10010126m.g	Caamp.0026s0459, Caamp.0078s0055
OG0005829	Thhalv10010409m.g	Caamp.0078s0057, Caamp.0026s0462
OG0005830	Thhalv10010947m.g	Caamp.0078s0063, Caamp.0026s0470
OG0005831	Thhalv10010875m.g	Caamp.0026s0472, Caamp.0078s0065
OG0005832	Thhalv10010387m.g	Caamp.0026s0474, Caamp.0078s0067
OG0005833	Thhalv10010374m.g	Caamp.0026s0475, Caamp.0078s0068
OG0005834	Thhalv10010347m.g	Caamp.0026s0481, Caamp.0078s0072
OG0005835	Thhalv10010406m.g	Caamp.0078s0086, Caamp.0026s0495
OG0005836	Thhalv10010509m.g	Caamp.0078s0102, Caamp.0026s0509
OG0005837	Thhalv10010624m.g	Caamp.0026s0525, Caamp.0078s0124
OG0005838	Thhalv10010353m.g	Caamp.0078s0135, Caamp.0026s0536
OG0005839	Thhalv10010593m.g	Caamp.0078s0140, Caamp.0026s0540
OG0005840	Thhalv10010596m.g	Caamp.0078s0141, Caamp.0026s0541
OG0005841	Thhalv10010783m.g	Caamp.0026s0543, Caamp.0078s0147
OG0005842	Thhalv10010733m.g	Caamp.0078s0152, Caamp.0026s0547
OG0005843	Thhalv10022986m.g	Caamp.0026s0553
OG0005844	Thhalv10022779m.g	Caamp.0026s0557, Caamp.0093s0191
OG0005845	Thhalv10022674m.g	Caamp.0093s0195
OG0005845	Thhalv10022570m.g	Caamp.0026s0560
OG0005846	Thhalv10022564m.g, Thhalv10023126m.g	Caamp.0093s0198, Caamp.0026s0563
OG0005847	Thhalv10022558m.g	Caamp.0026s0574, Caamp.0093s0202
OG0005848	Thhalv10022728m.g	Caamp.0026s0579, Caamp.0093s0211
OG0005849	Thhalv10022553m.g	Caamp.0093s0214, Caamp.0026s0581
OG0005850	Thhalv10022709m.g	Caamp.0026s0582
OG0005851	Thhalv10022681m.g	Caamp.0026s0678
OG0005852	Thhalv10022673m.g	Caamp.0026s0679
OG0005853	Thhalv10011668m.g	Caamp.0026s0791, Caamp.0046s0024
OG0005854	Thhalv10022863m.g	Caamp.0095s0261, Caamp.0026s0823
OG0005855	Thhalv10022877m.g	Caamp.0026s0830, Caamp.0095s0280
OG0005856	Thhalv10022623m.g, Thhalv10001944m.g	Caamp.0026s0832, Caamp.0029s0022
OG0005857	Thhalv10024097m.g	Caamp.0303s1090, Caamp.0266s0021
OG0005858	Thhalv10023589m.g	Caamp.0303s1062, Caamp.0266s0052
OG0005859	Thhalv10011324m.g	Caamp.0004s0146, Caamp.0027s0013
OG0005860	Thhalv10011634m.g	Caamp.0027s0015, Caamp.0004s0144
OG0005861	Thhalv10011430m.g	Caamp.0027s0016, Caamp.0004s0143
OG0005862	Thhalv10011234m.g	Caamp.0027s0030, Caamp.0004s0128
OG0005863	Thhalv10011449m.g	Caamp.0027s0041, Caamp.0004s0111
OG0005864	Thhalv10011377m.g	Caamp.0004s0091, Caamp.0027s0053
OG0005865	Thhalv10011214m.g	Caamp.0004s0076, Caamp.0027s0072
OG0005866	Thhalv10011265m.g	Caamp.0027s0086, Caamp.0004s0056
OG0005867	Thhalv10011314m.g	Caamp.0004s0039, Caamp.0027s0093
OG0005868	Thhalv10011395m.g	Caamp.0004s0037, Caamp.0027s0097
OG0005869	Thhalv10011723m.g	Caamp.0004s0017, Caamp.0027s0115
OG0005870	Thhalv10028910m.g	Caamp.0028s0244, Caamp.0071s0299
OG0005871	Thhalv10028912m.g	Caamp.0071s0293, Caamp.0028s0250
OG0005872	Thhalv10028714m.g	Caamp.0028s0258, Caamp.0052s0331
OG0005873	Thhalv10029018m.g	Caamp.0052s0341, Caamp.0028s0271
OG0005874	Thhalv10029144m.g	Caamp.0028s0278, Caamp.0052s0345
OG0005875	Thhalv10025380m.g	Caamp.0003s0162
OG0005876	Thhalv10024794m.g	Caamp.0003s0675
OG0005876	Thhalv10023013m.g	Caamp.0003s0674
OG0005877	Thhalv10025249m.g	Caamp.0003s0739, Caamp.0095s0255
OG0005878	Thhalv10026016m.g	Caamp.0003s0740, Caamp.0095s0254
OG0005879	Thhalv10025323m.g	Caamp.0003s0746
OG0005879	Thhalv10014377m.g	Caamp.0095s0248
OG0005880	Thhalv10026310m.g	Caamp.0003s0748, Caamp.0095s0246
OG0005881	Thhalv10025287m.g	Caamp.0095s0243, Caamp.0003s0751
OG0005882	Thhalv10025214m.g	Caamp.0095s0242, Caamp.0003s0752
OG0005883	Thhalv10026921m.g	Caamp.0095s0238, Caamp.0003s0756
OG0005884	Thhalv10024381m.g	Caamp.0003s0757, Caamp.0095s0236
OG0005885	Thhalv10026045m.g	Caamp.0003s0769, Caamp.0095s0223
OG0005886	Thhalv10024864m.g	Caamp.0003s0771, Caamp.0095s0221
OG0005887	Thhalv10024940m.g	Caamp.0095s0215, Caamp.0003s0776
OG0005888	Thhalv10024874m.g	Caamp.0095s0213, Caamp.0003s0778
OG0005889	Thhalv10025654m.g	Caamp.0003s0779, Caamp.0095s0212
OG0005890	Thhalv10024957m.g, Thhalv10000864m.g	Caamp.0095s0198, Caamp.0003s0793
OG0005891	Thhalv10024408m.g	Caamp.0003s0797, Caamp.0095s0196
OG0005892	Thhalv10025351m.g	Caamp.0003s0801, Caamp.0095s0191
OG0005893	Thhalv10024231m.g	Caamp.0003s0804, Caamp.0095s0188
OG0005894	Thhalv10024799m.g	Caamp.0003s0805, Caamp.0095s0187
OG0005895	Thhalv10025596m.g, Thhalv10025435m.g	Caamp.0003s0809, Caamp.0095s0183
OG0005896	Thhalv10020234m.g	Caamp.0303s0164
OG0005897	Thhalv10018867m.g	Caamp.0303s0714, Caamp.0076s0149
OG0005898	Thhalv10018075m.g	Caamp.0303s0717, Caamp.0076s0146
OG0005899	Thhalv10018429m.g	Caamp.0076s0144, Caamp.0303s0720
OG0005900	Thhalv10018354m.g	Caamp.0076s0143, Caamp.0303s0721
OG0005901	Thhalv10018523m.g	Caamp.0303s0729, Caamp.0076s0138
OG0005902	Thhalv10018307m.g	Caamp.0303s0730, Caamp.0076s0137
OG0005903	Thhalv10018309m.g	Caamp.0303s0733, Caamp.0076s0134
OG0005904	Thhalv10018853m.g	Caamp.0303s0744, Caamp.0076s0122
OG0005905	Thhalv10018458m.g	Caamp.0303s0753, Caamp.0076s0116
OG0005906	Thhalv10018490m.g	Caamp.0076s0107, Caamp.0303s0761
OG0005907	Thhalv10018428m.g	Caamp.0076s0100, Caamp.0303s0768
OG0005908	Thhalv10018239m.g	Caamp.0076s0099, Caamp.0303s0769
OG0005909	Thhalv10018610m.g	Caamp.0076s0097, Caamp.0303s0771
OG0005910	Thhalv10018408m.g	Caamp.0303s0788, Caamp.0004s0139, Caamp.0076s0075
OG0005911	Thhalv10018623m.g	Caamp.0076s0073, Caamp.0004s0137, Caamp.0303s0790
OG0005912	Thhalv10019503m.g	Caamp.0303s0795, Caamp.0076s0069
OG0005913	Thhalv10018004m.g	Caamp.0076s0063, Caamp.0303s0801
OG0005914	Thhalv10023687m.g	Caamp.0303s1086
OG0005915	Thhalv10023831m.g	Caamp.0303s1091
OG0005916	Thhalv10023731m.g	Caamp.0303s1165
OG0005918	Thhalv10028433m.g	Caamp.0050s0028, Caamp.0032s0001
OG0005919	Thhalv10028436m.g	Caamp.0032s0021, Caamp.0049s0004
OG0005920	Thhalv10028745m.g	Caamp.0083s0010, Caamp.0032s0030
OG0005921	Thhalv10004411m.g, Thhalv10005275m.g, Thhalv10005666m.g, Thhalv10029429m.g, Thhalv10028181m.g	Caamp.0033s0063
OG0005922	Thhalv10005934m.g, Thhalv10000121m.g	Caamp.0033s0246, Caamp.0033s0147, Caamp.0033s0149
OG0005923	Thhalv10004465m.g	Caamp.0436s0020, Caamp.0033s0466
OG0005924	Thhalv10004714m.g	Caamp.0436s0031, Caamp.0033s0480
OG0005925	Thhalv10004534m.g	Caamp.0436s0033, Caamp.0033s0482
OG0005926	Thhalv10003539m.g	Caamp.0436s0042, Caamp.0033s0489
OG0005927	Thhalv10003527m.g	Caamp.0436s0044, Caamp.0033s0491
OG0005928	Thhalv10002000m.g	Caamp.0034s0005, Caamp.0035s0200, Caamp.0057s0014, Caamp.0041s0014
OG0005929	Thhalv10001880m.g	Caamp.0060s0013, Caamp.0034s0046
OG0005930	Thhalv10001988m.g	Caamp.0060s0027, Caamp.0034s0067
OG0005931	Thhalv10001905m.g	Caamp.0034s0085
OG0005932	Thhalv10008270m.g	Caamp.0052s0056
OG0005932	Thhalv10017719m.g	Caamp.0034s0104
OG0005933	Thhalv10017865m.g	Caamp.0080s0041, Caamp.0034s0116
OG0005934	Thhalv10001989m.g	Caamp.0034s0119, Caamp.0080s0036
OG0005935	Thhalv10002094m.g	Caamp.0080s0033, Caamp.0034s0124
OG0005936	Thhalv10001965m.g	Caamp.0034s0125, Caamp.0080s0032
OG0005937	Thhalv10002035m.g	Caamp.0034s0127, Caamp.0080s0030
OG0005938	Thhalv10001928m.g	Caamp.0080s0020, Caamp.0034s0135
OG0005939	Thhalv10022640m.g	Caamp.0035s0009
OG0005940	Thhalv10022650m.g	Caamp.0043s0006, Caamp.0035s0031
OG0005941	Thhalv10023201m.g	Caamp.0035s0091, Caamp.0095s0294
OG0005942	Thhalv10003180m.g	Caamp.0036s0035, Caamp.0058s0088
OG0005943	Thhalv10003173m.g	Caamp.0058s0107, Caamp.0036s0059
OG0005944	Thhalv10003420m.g	Caamp.0058s0109, Caamp.0036s0061
OG0005945	Thhalv10018808m.g	Caamp.0058s0112, Caamp.0036s0062
OG0005946	Thhalv10003376m.g	Caamp.0058s0113, Caamp.0036s0064
OG0005947	Thhalv10027260m.g, Thhalv10026709m.g	Caamp.0036s0073, Caamp.0036s0069
OG0005948	Thhalv10003206m.g	Caamp.0036s0075, Caamp.0058s0120
OG0005949	Thhalv10003254m.g	Caamp.0036s0076, Caamp.0058s0121
OG0005950	Thhalv10012158m.g	Caamp.0046s0007, Caamp.0037s0006
OG0005951	Thhalv10011850m.g	Caamp.0037s0009, Caamp.0046s0010
OG0005952	Thhalv10011720m.g	Caamp.0037s0018, Caamp.0046s0020
OG0005953	Thhalv10011188m.g	Caamp.0046s0021, Caamp.0037s0019
OG0005954	Thhalv10011842m.g	Caamp.0037s0042, Caamp.0046s0048
OG0005955	Thhalv10021835m.g, Thhalv10011893m.g	Caamp.0037s0096, Caamp.0008s0047, Caamp.0046s0098
OG0005956	Thhalv10011180m.g, Thhalv10012226m.g	Caamp.0046s0122, Caamp.0037s0116
OG0005957	Thhalv10011556m.g	Caamp.0037s0135, Caamp.0046s0134
OG0005958	Thhalv10011606m.g	Caamp.0037s0144, Caamp.0040s0178
OG0005959	Thhalv10011167m.g, Thhalv10011508m.g	Caamp.0040s0187, Caamp.0037s0157
OG0005960	Thhalv10011378m.g	Caamp.0037s0159, Caamp.0040s0189
OG0005961	Thhalv10012369m.g	Caamp.0040s0196, Caamp.0037s0165
OG0005962	Thhalv10011696m.g	Caamp.0037s0180, Caamp.0040s0203
OG0005963	Thhalv10011596m.g	Caamp.0040s0225, Caamp.0037s0200
OG0005964	Thhalv10011518m.g	Caamp.0037s0201, Caamp.0040s0226
OG0005965	Thhalv10011341m.g, Thhalv10027329m.g	Caamp.0037s0204, Caamp.0040s0229
OG0005966	Thhalv10011625m.g	Caamp.0040s0232, Caamp.0037s0207
OG0005967	Thhalv10011245m.g	Caamp.0037s0213, Caamp.0040s0237
OG0005968	Thhalv10011536m.g	Caamp.0040s0241, Caamp.0037s0216
OG0005969	Thhalv10011275m.g	Caamp.0040s0246, Caamp.0037s0220
OG0005970	Thhalv10011411m.g	Caamp.0037s0224, Caamp.0040s0250
OG0005971	Thhalv10011698m.g	Caamp.0037s0225, Caamp.0040s0252
OG0005972	Thhalv10011667m.g	Caamp.0037s0242, Caamp.0040s0272
OG0005973	Thhalv10006573m.g	Caamp.0037s0508
OG0005974	Thhalv10011590m.g	Caamp.0004s0007, Caamp.0097s0371, Caamp.0004s0009
OG0005975	Thhalv10011464m.g	Caamp.0097s0374, Caamp.0004s0012
OG0005977	Thhalv10004635m.g	Caamp.0004s0174, Caamp.0009s0025
OG0005978	Thhalv10005687m.g	Caamp.0004s0177, Caamp.0009s0019
OG0005979	Thhalv10002033m.g	Caamp.0004s0244, Caamp.0008s0141
OG0005981	Thhalv10002087m.g	Caamp.0008s0158, Caamp.0004s0266
OG0005982	Thhalv10002018m.g	Caamp.0004s0269, Caamp.0008s0163
OG0005983	Thhalv10003078m.g	Caamp.0005s0115, Caamp.0004s0293
OG0005984	Thhalv10002333m.g	Caamp.0008s0173, Caamp.0004s0294
OG0005985	Thhalv10001951m.g	Caamp.0004s0304, Caamp.0008s0208
OG0005986	Thhalv10009654m.g	Caamp.0040s0077
OG0005986	Thhalv10001174m.g	Caamp.0076s0928, Caamp.0085s0107
OG0005987	Thhalv10011382m.g	Caamp.0040s0197
OG0005988	Thhalv10012366m.g	Caamp.0040s0282, Caamp.0063s0003, Caamp.0097s1094
OG0005989	Thhalv10025507m.g, Thhalv10003026m.g	Caamp.0042s0009, Caamp.0086s0027
OG0005990	Thhalv10000260m.g	Caamp.0044s0003
OG0005991	Thhalv10027619m.g	Caamp.0044s0125
OG0005993	Thhalv10022048m.g, Thhalv10028121m.g	Caamp.0044s0267
OG0005994	Thhalv10027732m.g	Caamp.0044s0297
OG0005995	Thhalv10024346m.g	Caamp.0095s0151, Caamp.0044s0299
OG0005996	Thhalv10025815m.g	Caamp.0095s0159, Caamp.0044s0305
OG0005997	Thhalv10026866m.g	Caamp.0044s0306, Caamp.0044s0309, Caamp.0095s0160
OG0005998	Thhalv10024887m.g	Caamp.0095s0177, Caamp.0044s0325
OG0005999	Thhalv10025641m.g	Caamp.0044s0326, Caamp.0095s0178
OG0006000	Thhalv10011497m.g	Caamp.0046s0001
OG0006001	Thhalv10023280m.g	Caamp.0046s0179
OG0006002	Thhalv10018733m.g	Caamp.0006s0209
OG0006002	Thhalv10009949m.g	Caamp.0046s0517
OG0006003	Thhalv10021501m.g	Caamp.0097s0020, Caamp.0047s0006
OG0006004	Thhalv10002392m.g	Caamp.0097s0024, Caamp.0047s0018
OG0006005	Thhalv10002415m.g	Caamp.0047s0021, Caamp.0097s0030
OG0006006	Thhalv10002482m.g	Caamp.0047s0023, Caamp.0097s0037
OG0006007	Thhalv10002369m.g	Caamp.0047s0031, Caamp.0097s0039
OG0006008	Thhalv10002309m.g, Thhalv10002813m.g	Caamp.0047s0034, Caamp.0097s0048
OG0006009	Thhalv10002776m.g	Caamp.0097s0057
OG0006009	Thhalv10002815m.g	Caamp.0005s0002
OG0006010	Thhalv10002503m.g	Caamp.0005s0011, Caamp.0097s0065
OG0006011	Thhalv10010073m.g	Caamp.0005s0016, Caamp.0097s0069
OG0006012	Thhalv10010660m.g	Caamp.0005s0019, Caamp.0097s0074
OG0006013	Thhalv10010103m.g	Caamp.0005s0025, Caamp.0097s0080
OG0006014	Thhalv10010675m.g	Caamp.0097s0088, Caamp.0005s0034
OG0006015	Thhalv10010249m.g	Caamp.0005s0038, Caamp.0097s0094
OG0006016	Thhalv10010084m.g	Caamp.0097s0095, Caamp.0005s0039
OG0006017	Thhalv10002379m.g	Caamp.0097s0121, Caamp.0005s0067
OG0006018	Thhalv10002908m.g	Caamp.0005s0068, Caamp.0097s0122
OG0006019	Thhalv10002782m.g	Caamp.0097s0123, Caamp.0005s0069
OG0006020	Thhalv10002437m.g	Caamp.0097s0129, Caamp.0005s0075
OG0006021	Thhalv10002672m.g, Thhalv10023194m.g	Caamp.0005s0082, Caamp.0097s0134
OG0006022	Thhalv10002627m.g	Caamp.0005s0087, Caamp.0097s0145
OG0006023	Thhalv10002461m.g	Caamp.0097s0150, Caamp.0005s0092
OG0006024	Thhalv10002416m.g	Caamp.0097s0156, Caamp.0005s0096
OG0006025	Thhalv10002405m.g	Caamp.0097s0161, Caamp.0005s0100
OG0006026	Thhalv10002514m.g	Caamp.0005s0110, Caamp.0097s0177
OG0006027	Thhalv10002614m.g	Caamp.0097s0180, Caamp.0005s0117
OG0006028	Thhalv10002582m.g	Caamp.0005s0121, Caamp.0097s0184
OG0006029	Thhalv10002373m.g	Caamp.0005s0136, Caamp.0097s0200
OG0006030	Thhalv10002384m.g	Caamp.0097s0201, Caamp.0005s0138
OG0006031	Thhalv10002689m.g, Thhalv10002814m.g	Caamp.0097s0221, Caamp.0005s0160
OG0006032	Thhalv10003104m.g, Thhalv10002730m.g, Thhalv10002849m.g, Thhalv10002781m.g	Caamp.0005s0164
OG0006033	Thhalv10002430m.g	Caamp.0005s0177, Caamp.0097s0241
OG0006034	Thhalv10002683m.g	Caamp.0005s0183, Caamp.0097s0247
OG0006035	Thhalv10002605m.g	Caamp.0005s0187, Caamp.0097s0253
OG0006036	Thhalv10002764m.g	Caamp.0005s0192, Caamp.0097s0258
OG0006037	Thhalv10002403m.g	Caamp.0005s0193, Caamp.0097s0259
OG0006038	Thhalv10002567m.g	Caamp.0097s0260, Caamp.0005s0194
OG0006039	Thhalv10002855m.g	Caamp.0005s0195, Caamp.0097s0261
OG0006040	Thhalv10003189m.g, Thhalv10010290m.g	Caamp.0005s0395
OG0006041	Thhalv10013140m.g	Caamp.0050s0008
OG0006042	Thhalv10016194m.g, Thhalv10016191m.g	Caamp.0051s0011
OG0006043	Thhalv10016250m.g	Caamp.0066s0006, Caamp.0051s0015
OG0006044	Thhalv10017105m.g	Caamp.0066s0013, Caamp.0051s0021, Caamp.0066s0010
OG0006045	Thhalv10016221m.g	Caamp.0051s0032, Caamp.0066s0029
OG0006046	Thhalv10017013m.g	Caamp.0051s0043, Caamp.0066s0041
OG0006047	Thhalv10016491m.g	Caamp.0051s0045, Caamp.0066s0043
OG0006048	Thhalv10016462m.g	Caamp.0066s0045, Caamp.0051s0047
OG0006049	Thhalv10017382m.g	Caamp.0051s0050, Caamp.0066s0049
OG0006050	Thhalv10016143m.g	Caamp.0066s0056, Caamp.0051s0054
OG0006051	Thhalv10016885m.g	Caamp.0066s0069, Caamp.0051s0065
OG0006052	Thhalv10017267m.g	Caamp.0051s0072, Caamp.0066s0076
OG0006053	Thhalv10009662m.g	Caamp.0051s0076, Caamp.0056s0088, Caamp.0056s0089
OG0006054	Thhalv10016908m.g	Caamp.0066s0079, Caamp.0051s0077
OG0006055	Thhalv10017852m.g, Thhalv10017867m.g	Caamp.0066s0098, Caamp.0051s0083
OG0006056	Thhalv10017829m.g, Thhalv10016718m.g	Caamp.0051s0084, Caamp.0066s0097
OG0006057	Thhalv10022274m.g	Caamp.0051s0105
OG0006058	Thhalv10005484m.g	Caamp.0077s0086, Caamp.0051s0250, Caamp.0076s1056, Caamp.0077s0085
OG0006059	Thhalv10003066m.g, Thhalv10002674m.g	Caamp.0052s0283
OG0006060	Thhalv10001163m.g	Caamp.0052s0339, Caamp.0076s0585
OG0006061	Thhalv10029010m.g	Caamp.0072s0018, Caamp.0052s0381
OG0006062	Thhalv10029305m.g	Caamp.0093s0208, Caamp.0052s0528
OG0006063	Thhalv10022315m.g, Thhalv10022361m.g, Thhalv10012157m.g, Thhalv10012007m.g, Thhalv10022418m.g, Thhalv10022270m.g	Caamp.0053s0133
OG0006065	Thhalv10002022m.g	Caamp.0057s0045, Caamp.0081s0013
OG0006066	Thhalv10003151m.g	Caamp.0058s0080
OG0006067	Thhalv10003142m.g	Caamp.0058s0125, Caamp.0064s0434
OG0006068	Thhalv10003156m.g	Caamp.0064s0433, Caamp.0058s0126
OG0006069	Thhalv10003162m.g	Caamp.0058s0135, Caamp.0064s0425
OG0006070	Thhalv10003129m.g	Caamp.0064s0424, Caamp.0058s0136
OG0006071	Thhalv10003436m.g	Caamp.0064s0422, Caamp.0058s0138
OG0006072	Thhalv10003161m.g	Caamp.0064s0413, Caamp.0058s0144
OG0006073	Thhalv10003205m.g	Caamp.0064s0410, Caamp.0058s0147
OG0006074	Thhalv10003167m.g	Caamp.0058s0155, Caamp.0064s0402
OG0006075	Thhalv10029122m.g, Thhalv10003149m.g	Caamp.0058s0157, Caamp.0064s0400
OG0006076	Thhalv10003150m.g	Caamp.0058s0194, Caamp.0064s0351
OG0006077	Thhalv10003245m.g	Caamp.0058s0200, Caamp.0064s0343
OG0006078	Thhalv10003358m.g	Caamp.0064s0337, Caamp.0064s0339, Caamp.0058s0204
OG0006079	Thhalv10003263m.g	Caamp.0064s0327, Caamp.0058s0212
OG0006080	Thhalv10003209m.g	Caamp.0076s0506, Caamp.0058s0216
OG0006081	Thhalv10003146m.g	Caamp.0076s0507, Caamp.0058s0218
OG0006082	Thhalv10003214m.g	Caamp.0058s0219, Caamp.0076s0508
OG0006083	Thhalv10003207m.g	Caamp.0076s0516, Caamp.0058s0224
OG0006084	Thhalv10003191m.g	Caamp.0058s0242, Caamp.0076s0530
OG0006085	Thhalv10003135m.g	Caamp.0058s0257, Caamp.0076s0545
OG0006086	Thhalv10003231m.g	Caamp.0076s0547, Caamp.0058s0259
OG0006087	Thhalv10003181m.g	Caamp.0058s0262, Caamp.0076s0550
OG0006088	Thhalv10003166m.g	Caamp.0076s0551, Caamp.0058s0263
OG0006089	Thhalv10024199m.g	Caamp.0059s0141
OG0006090	Thhalv10019120m.g	Caamp.0006s0036, Caamp.0064s0147
OG0006091	Thhalv10018220m.g	Caamp.0064s0154, Caamp.0006s0047
OG0006092	Thhalv10018012m.g	Caamp.0064s0201, Caamp.0006s0082
OG0006093	Thhalv10019644m.g	Caamp.0097s0360, Caamp.0064s0200, Caamp.0006s0083
OG0006094	Thhalv10019596m.g	Caamp.0064s0217, Caamp.0006s0103
OG0006095	Thhalv10018919m.g	Caamp.0064s0231, Caamp.0006s0121
OG0006096	Thhalv10017998m.g	Caamp.0064s0234, Caamp.0006s0125
OG0006097	Thhalv10019613m.g	Caamp.0006s0126, Caamp.0064s0235
OG0006098	Thhalv10018119m.g	Caamp.0064s0255
OG0006098	Thhalv10000296m.g	Caamp.0006s0143
OG0006099	Thhalv10000637m.g	Caamp.0064s0258
OG0006099	Thhalv10018228m.g	Caamp.0006s0148
OG0006100	Thhalv10022614m.g	Caamp.0064s0309
OG0006100	Thhalv10018320m.g	Caamp.0006s0192
OG0006101	Thhalv10008937m.g	Caamp.0064s0319
OG0006101	Thhalv10019232m.g	Caamp.0006s0202
OG0006102	Thhalv10018262m.g	Caamp.0076s0501, Caamp.0006s0210
OG0006103	Thhalv10019441m.g	Caamp.0076s0494, Caamp.0006s0218
OG0006104	Thhalv10018588m.g	Caamp.0006s0237, Caamp.0076s0475
OG0006105	Thhalv10018378m.g	Caamp.0076s0428, Caamp.0006s0293
OG0006106	Thhalv10019367m.g	Caamp.0006s0312, Caamp.0076s0408
OG0006107	Thhalv10018892m.g	Caamp.0006s0313, Caamp.0076s0407
OG0006108	Thhalv10018265m.g	Caamp.0076s0404, Caamp.0006s0316
OG0006109	Thhalv10018304m.g	Caamp.0076s0403, Caamp.0006s0317
OG0006110	Thhalv10018047m.g	Caamp.0006s0322, Caamp.0076s0398
OG0006111	Thhalv10019843m.g	Caamp.0006s0324, Caamp.0076s0396
OG0006112	Thhalv10018832m.g	Caamp.0006s0349, Caamp.0076s0373
OG0006113	Thhalv10019702m.g	Caamp.0006s0350, Caamp.0076s0372
OG0006114	Thhalv10018112m.g	Caamp.0006s0351, Caamp.0076s0371
OG0006115	Thhalv10018236m.g	Caamp.0006s0354, Caamp.0076s0367
OG0006116	Thhalv10019618m.g, Thhalv10028408m.g	Caamp.0076s0351, Caamp.0006s0369
OG0006117	Thhalv10018904m.g	Caamp.0006s0372
OG0006118	Thhalv10018504m.g	Caamp.0006s0378, Caamp.0076s0343
OG0006119	Thhalv10000629m.g, Thhalv10018409m.g	Caamp.0006s0385, Caamp.0076s0336
OG0006120	Thhalv10019108m.g	Caamp.0076s0335, Caamp.0006s0386
OG0006121	Thhalv10018249m.g	Caamp.0006s0400, Caamp.0076s0322
OG0006122	Thhalv10018061m.g	Caamp.0006s0404, Caamp.0076s0317
OG0006123	Thhalv10018705m.g	Caamp.0076s0311, Caamp.0006s0412
OG0006124	Thhalv10018256m.g	Caamp.0006s0424, Caamp.0076s0299
OG0006125	Thhalv10018013m.g	Caamp.0006s0428
OG0006125	Thhalv10002734m.g	Caamp.0076s0295
OG0006126	Thhalv10019131m.g	Caamp.0006s0435, Caamp.0076s0288
OG0006127	Thhalv10018372m.g	Caamp.0076s0270, Caamp.0006s0449
OG0006128	Thhalv10019056m.g	Caamp.0006s0454, Caamp.0076s0265
OG0006129	Thhalv10019086m.g	Caamp.0006s0456, Caamp.0076s0264
OG0006130	Thhalv10019814m.g	Caamp.0006s0459, Caamp.0076s0261
OG0006131	Thhalv10018431m.g	Caamp.0076s0258, Caamp.0006s0461
OG0006132	Thhalv10018043m.g	Caamp.0006s0473, Caamp.0076s0249
OG0006133	Thhalv10019162m.g	Caamp.0076s0241, Caamp.0006s0481
OG0006134	Thhalv10019151m.g	Caamp.0006s0483
OG0006135	Thhalv10019492m.g	Caamp.0076s0229, Caamp.0006s0490
OG0006136	Thhalv10018751m.g	Caamp.0006s0498, Caamp.0076s0221
OG0006137	Thhalv10018923m.g	Caamp.0076s0218, Caamp.0006s0503
OG0006138	Thhalv10018233m.g	Caamp.0006s0510, Caamp.0076s0211
OG0006139	Thhalv10018571m.g	Caamp.0076s0204, Caamp.0006s0519
OG0006140	Thhalv10018441m.g	Caamp.0076s0197, Caamp.0006s0525
OG0006141	Thhalv10018056m.g	Caamp.0006s0558, Caamp.0076s0167
OG0006142	Thhalv10019133m.g	Caamp.0006s0566, Caamp.0006s0565
OG0006143	Thhalv10018182m.g	Caamp.0006s0568, Caamp.0076s0158
OG0006144	Thhalv10019794m.g	Caamp.0076s0157, Caamp.0006s0569, Caamp.0076s0160
OG0006145	Thhalv10018491m.g	Caamp.0076s0154, Caamp.0006s0575
OG0006146	Thhalv10011025m.g	Caamp.0006s0601
OG0006146	Thhalv10009584m.g	Caamp.0060s0024
OG0006147	Thhalv10018137m.g	Caamp.0064s0101, Caamp.0006s0616
OG0006148	Thhalv10019307m.g	Caamp.0006s0631, Caamp.0064s0086
OG0006149	Thhalv10018023m.g	Caamp.0064s0044, Caamp.0006s0679
OG0006150	Thhalv10018057m.g	Caamp.0006s0719, Caamp.0064s0033
OG0006151	Thhalv10000649m.g, Thhalv10018519m.g	Caamp.0006s0724, Caamp.0064s0041
OG0006152	Thhalv10018350m.g	Caamp.0084s0019, Caamp.0006s0732
OG0006153	Thhalv10018325m.g, Thhalv10005533m.g, Thhalv10005692m.g	Caamp.0084s0025, Caamp.0006s0737
OG0006154	Thhalv10013650m.g, Thhalv10029347m.g, Thhalv10018503m.g	Caamp.0006s0748, Caamp.0084s0034
OG0006155	Thhalv10018067m.g	Caamp.0084s0043, Caamp.0006s0758
OG0006156	Thhalv10018223m.g	Caamp.0006s0787, Caamp.0084s0074
OG0006157	Thhalv10018845m.g	Caamp.0006s0799, Caamp.0084s0086
OG0006158	Thhalv10019806m.g	Caamp.0006s0801, Caamp.0084s0088
OG0006159	Thhalv10018887m.g	Caamp.0006s0805, Caamp.0084s0091
OG0006160	Thhalv10018561m.g	Caamp.0006s0808, Caamp.0084s0094
OG0006162	Thhalv10025099m.g, Thhalv10025558m.g	Caamp.0061s0053
OG0006164	Thhalv10019479m.g	Caamp.0064s0146
OG0006164	Thhalv10019490m.g, Thhalv10019480m.g	Caamp.0064s0145
OG0006165	Thhalv10011494m.g	Caamp.0097s0363, Caamp.0064s0573
OG0006166	Thhalv10011502m.g	Caamp.0064s0575, Caamp.0097s0362
OG0006167	Thhalv10011437m.g, Thhalv10011435m.g	Caamp.0064s0583, Caamp.0097s0353
OG0006168	Thhalv10011225m.g	Caamp.0097s0352, Caamp.0064s0584
OG0006169	Thhalv10011762m.g	Caamp.0064s0594, Caamp.0097s0344
OG0006170	Thhalv10011550m.g	Caamp.0097s0342, Caamp.0064s0596
OG0006171	Thhalv10011898m.g	Caamp.0064s0606, Caamp.0097s0335
OG0006172	Thhalv10011567m.g	Caamp.0064s0611, Caamp.0097s0331
OG0006173	Thhalv10011202m.g	Caamp.0064s0612, Caamp.0097s0330
OG0006174	Thhalv10011308m.g	Caamp.0064s0628, Caamp.0097s0317
OG0006175	Thhalv10011184m.g	Caamp.0097s0314, Caamp.0064s0630
OG0006176	Thhalv10011800m.g	Caamp.0064s0633, Caamp.0097s0311
OG0006177	Thhalv10011824m.g	Caamp.0097s0306, Caamp.0064s0638
OG0006178	Thhalv10012201m.g	Caamp.0097s0299, Caamp.0064s0646
OG0006179	Thhalv10011196m.g	Caamp.0064s0659, Caamp.0097s0286
OG0006180	Thhalv10011539m.g	Caamp.0064s0660, Caamp.0097s0285
OG0006181	Thhalv10017331m.g	Caamp.0066s0133
OG0006182	Thhalv10003454m.g	Caamp.0068s0002, Caamp.0097s0976
OG0006183	Thhalv10003437m.g	Caamp.0097s0974, Caamp.0068s0003
OG0006184	Thhalv10004459m.g	Caamp.0097s0897, Caamp.0068s0023
OG0006185	Thhalv10003533m.g	Caamp.0097s0890, Caamp.0068s0028
OG0006186	Thhalv10027734m.g	Caamp.0068s0036, Caamp.0097s0883
OG0006187	Thhalv10027666m.g, Thhalv10004418m.g	Caamp.0068s0043, Caamp.0097s0864
OG0006188	Thhalv10018248m.g	Caamp.0097s0863, Caamp.0068s0044
OG0006189	Thhalv10007088m.g	Caamp.0007s0232
OG0006190	Thhalv10023336m.g	Caamp.0007s0414
OG0006191	Thhalv10007099m.g	Caamp.0071s0044, Caamp.0071s0043
OG0006192	Thhalv10028373m.g	Caamp.0071s0298
OG0006193	Thhalv10002337m.g	Caamp.0097s1092, Caamp.0073s0034
OG0006194	Thhalv10018180m.g	Caamp.0076s0109
OG0006195	Thhalv10001182m.g	Caamp.0076s0627
OG0006196	Thhalv10000019m.g	Caamp.0076s0649
OG0006197	Thhalv10000768m.g	Caamp.0076s0843, Caamp.0085s0012
OG0006198	Thhalv10001017m.g	Caamp.0085s0024, Caamp.0076s0854
OG0006199	Thhalv10000848m.g	Caamp.0076s0858, Caamp.0085s0028
OG0006200	Thhalv10001074m.g	Caamp.0076s0859, Caamp.0085s0029
OG0006201	Thhalv10000891m.g	Caamp.0076s0862, Caamp.0085s0035
OG0006202	Thhalv10000907m.g	Caamp.0085s0040, Caamp.0076s0866
OG0006203	Thhalv10000943m.g	Caamp.0076s0868, Caamp.0085s0042
OG0006204	Thhalv10000739m.g	Caamp.0085s0043, Caamp.0076s0869
OG0006205	Thhalv10000957m.g	Caamp.0076s0872, Caamp.0085s0046
OG0006206	Thhalv10001004m.g	Caamp.0076s0873, Caamp.0085s0047
OG0006207	Thhalv10000825m.g	Caamp.0076s0874, Caamp.0085s0048
OG0006208	Thhalv10000756m.g	Caamp.0076s0881, Caamp.0085s0057
OG0006209	Thhalv10001201m.g	Caamp.0076s0885, Caamp.0076s0884, Caamp.0076s0888
OG0006210	Thhalv10000981m.g	Caamp.0076s0889, Caamp.0085s0062
OG0006211	Thhalv10000946m.g	Caamp.0076s0894, Caamp.0085s0068
OG0006212	Thhalv10000752m.g	Caamp.0085s0070, Caamp.0076s0896
OG0006213	Thhalv10000915m.g	Caamp.0076s0897, Caamp.0085s0071
OG0006214	Thhalv10000962m.g	Caamp.0076s0900, Caamp.0085s0074
OG0006215	Thhalv10000822m.g	Caamp.0085s0098, Caamp.0076s0919
OG0006217	Thhalv10004998m.g	Caamp.0085s0111, Caamp.0076s0933
OG0006218	Thhalv10005482m.g	Caamp.0076s0936, Caamp.0085s0112
OG0006219	Thhalv10004909m.g	Caamp.0076s0940, Caamp.0085s0117
OG0006220	Thhalv10005665m.g	Caamp.0076s0944, Caamp.0085s0121
OG0006221	Thhalv10004723m.g	Caamp.0085s0123, Caamp.0076s0946
OG0006222	Thhalv10003970m.g	Caamp.0085s0125, Caamp.0076s0948
OG0006223	Thhalv10003708m.g	Caamp.0076s0949, Caamp.0085s0126
OG0006224	Thhalv10004162m.g	Caamp.0076s0951, Caamp.0085s0128
OG0006225	Thhalv10003816m.g	Caamp.0085s0132, Caamp.0076s0955
OG0006226	Thhalv10005591m.g	Caamp.0085s0135, Caamp.0076s0958
OG0006227	Thhalv10003606m.g	Caamp.0076s0959, Caamp.0085s0138
OG0006228	Thhalv10003561m.g	Caamp.0076s0960, Caamp.0085s0139
OG0006229	Thhalv10004009m.g	Caamp.0076s0967, Caamp.0077s0008
OG0006230	Thhalv10004022m.g	Caamp.0076s0985, Caamp.0077s0021
OG0006231	Thhalv10003688m.g	Caamp.0076s0992, Caamp.0077s0028
OG0006232	Thhalv10004200m.g	Caamp.0076s0994, Caamp.0077s0029
OG0006233	Thhalv10004591m.g	Caamp.0076s1000, Caamp.0077s0034
OG0006234	Thhalv10003531m.g	Caamp.0076s1006, Caamp.0077s0041
OG0006235	Thhalv10005343m.g	Caamp.0076s1007
OG0006235	Thhalv10005501m.g	Caamp.0077s0042
OG0006236	Thhalv10004643m.g	Caamp.0076s1012, Caamp.0077s0046
OG0006237	Thhalv10003535m.g	Caamp.0076s1013, Caamp.0077s0047
OG0006238	Thhalv10022329m.g, Thhalv10021980m.g, Thhalv10021941m.g, Thhalv10022375m.g	Caamp.0076s1304
OG0006239	Thhalv10010154m.g	Caamp.0078s0115
OG0006240	Thhalv10010373m.g	Caamp.0095s1114, Caamp.0078s0162
OG0006241	Thhalv10010821m.g	Caamp.0078s0171, Caamp.0095s1106
OG0006242	Thhalv10010460m.g	Caamp.0078s0181, Caamp.0095s1100
OG0006243	Thhalv10010109m.g	Caamp.0078s0182, Caamp.0095s1099
OG0006244	Thhalv10010070m.g	Caamp.0078s0188, Caamp.0095s1095
OG0006245	Thhalv10010418m.g	Caamp.0095s1094, Caamp.0078s0189
OG0006246	Thhalv10010301m.g	Caamp.0095s1090, Caamp.0078s0193
OG0006247	Thhalv10010735m.g	Caamp.0078s0196, Caamp.0095s1088
OG0006248	Thhalv10010403m.g	Caamp.0095s1082, Caamp.0078s0202
OG0006249	Thhalv10010136m.g	Caamp.0078s0206, Caamp.0095s1078
OG0006250	Thhalv10010452m.g	Caamp.0095s1072, Caamp.0078s0211
OG0006251	Thhalv10010516m.g	Caamp.0095s1070, Caamp.0078s0213
OG0006252	Thhalv10011110m.g	Caamp.0078s0215, Caamp.0095s1068
OG0006253	Thhalv10010472m.g	Caamp.0078s0216, Caamp.0078s0217, Caamp.0095s1067
OG0006254	Thhalv10010223m.g	Caamp.0095s1066, Caamp.0078s0218
OG0006255	Thhalv10010838m.g	Caamp.0078s0222, Caamp.0095s1063
OG0006256	Thhalv10010550m.g	Caamp.0078s0224, Caamp.0095s1061
OG0006257	Thhalv10010114m.g	Caamp.0078s0226, Caamp.0095s1059
OG0006258	Thhalv10010169m.g	Caamp.0078s0231, Caamp.0095s1054
OG0006259	Thhalv10010653m.g	Caamp.0078s0247, Caamp.0095s1041
OG0006260	Thhalv10010435m.g	Caamp.0078s0248, Caamp.0095s1040
OG0006261	Thhalv10010284m.g	Caamp.0078s0254, Caamp.0095s1035
OG0006262	Thhalv10010607m.g	Caamp.0095s1030, Caamp.0078s0258
OG0006263	Thhalv10010433m.g	Caamp.0078s0264, Caamp.0095s1025
OG0006264	Thhalv10010276m.g	Caamp.0078s0265, Caamp.0095s1024
OG0006265	Thhalv10010133m.g	Caamp.0078s0277, Caamp.0095s1016
OG0006266	Thhalv10010833m.g	Caamp.0095s1017, Caamp.0078s0278
OG0006267	Thhalv10010234m.g	Caamp.0095s1018, Caamp.0078s0279
OG0006268	Thhalv10010365m.g	Caamp.0095s1005, Caamp.0078s0288
OG0006269	Thhalv10010438m.g	Caamp.0095s1002, Caamp.0078s0291
OG0006270	Thhalv10010215m.g	Caamp.0078s0296, Caamp.0095s0997
OG0006271	Thhalv10010054m.g	Caamp.0095s0996, Caamp.0078s0297
OG0006272	Thhalv10010723m.g	Caamp.0078s0316, Caamp.0095s0978
OG0006273	Thhalv10010129m.g	Caamp.0095s0976, Caamp.0078s0318
OG0006274	Thhalv10010527m.g	Caamp.0095s0968, Caamp.0078s0325
OG0006275	Thhalv10010358m.g	Caamp.0078s0336, Caamp.0095s0960
OG0006276	Thhalv10010758m.g	Caamp.0095s0947, Caamp.0078s0346
OG0006277	Thhalv10010152m.g	Caamp.0095s0944, Caamp.0078s0348
OG0006278	Thhalv10010784m.g	Caamp.0078s0350, Caamp.0095s0942
OG0006279	Thhalv10010106m.g	Caamp.0095s0939, Caamp.0078s0353
OG0006280	Thhalv10010945m.g	Caamp.0095s0922, Caamp.0078s0370
OG0006281	Thhalv10010151m.g	Caamp.0078s0373, Caamp.0095s0771
OG0006282	Thhalv10010139m.g	Caamp.0095s0772, Caamp.0078s0374
OG0006283	Thhalv10010226m.g	Caamp.0078s0378, Caamp.0095s0777
OG0006284	Thhalv10010498m.g	Caamp.0095s0781, Caamp.0078s0383
OG0006285	Thhalv10010074m.g	Caamp.0078s0385, Caamp.0095s0783
OG0006286	Thhalv10010426m.g	Caamp.0078s0391, Caamp.0095s0788
OG0006287	Thhalv10010617m.g	Caamp.0095s0801
OG0006287	Thhalv10010667m.g	Caamp.0078s0407
OG0006288	Thhalv10010052m.g	Caamp.0078s0421, Caamp.0095s0812
OG0006289	Thhalv10010179m.g	Caamp.0095s0817
OG0006289	Thhalv10023455m.g	Caamp.0078s0427
OG0006290	Thhalv10010668m.g	Caamp.0095s0818, Caamp.0078s0428
OG0006291	Thhalv10010182m.g	Caamp.0078s0439, Caamp.0095s0829
OG0006292	Thhalv10010321m.g	Caamp.0078s0445, Caamp.0095s0837
OG0006293	Thhalv10010196m.g	Caamp.0078s0447, Caamp.0095s0839
OG0006294	Thhalv10010577m.g	Caamp.0078s0451, Caamp.0095s0845
OG0006295	Thhalv10010224m.g	Caamp.0078s0452, Caamp.0095s0846
OG0006296	Thhalv10010719m.g	Caamp.0078s0474, Caamp.0095s0868
OG0006297	Thhalv10010116m.g	Caamp.0078s0483, Caamp.0095s0880
OG0006298	Thhalv10010296m.g	Caamp.0078s0486, Caamp.0095s0882
OG0006299	Thhalv10010597m.g	Caamp.0095s0884, Caamp.0078s0487
OG0006300	Thhalv10010619m.g	Caamp.0078s0501, Caamp.0095s0899
OG0006301	Thhalv10011062m.g	Caamp.0095s0915
OG0006301	Thhalv10023961m.g	Caamp.0078s0519
OG0006302	Thhalv10010078m.g	Caamp.0078s0524, Caamp.0095s0921
OG0006303	Thhalv10010108m.g	Caamp.0078s0531, Caamp.0095s0763
OG0006304	Thhalv10010475m.g	Caamp.0078s0538, Caamp.0095s0757
OG0006305	Thhalv10010298m.g	Caamp.0095s0756, Caamp.0078s0539
OG0006306	Thhalv10010127m.g	Caamp.0095s0748, Caamp.0078s0547
OG0006307	Thhalv10022186m.g	Caamp.0078s0899
OG0006308	Thhalv10002296m.g	Caamp.0079s0016, Caamp.0095s1287
OG0006309	Thhalv10002311m.g	Caamp.0079s0032, Caamp.0095s1318
OG0006310	Thhalv10001964m.g	Caamp.0079s0034, Caamp.0095s1320
OG0006311	Thhalv10001879m.g	Caamp.0079s0038, Caamp.0095s1324
OG0006312	Thhalv10002021m.g	Caamp.0079s0044, Caamp.0095s1332
OG0006313	Thhalv10001881m.g	Caamp.0095s1333, Caamp.0079s0045
OG0006314	Thhalv10001920m.g	Caamp.0079s0046, Caamp.0095s1334
OG0006315	Thhalv10001979m.g	Caamp.0079s0047, Caamp.0095s1335
OG0006316	Thhalv10001927m.g	Caamp.0079s0050, Caamp.0095s1337
OG0006317	Thhalv10001977m.g	Caamp.0079s0066, Caamp.0095s1348
OG0006318	Thhalv10002054m.g	Caamp.0079s0082, Caamp.0095s1366
OG0006319	Thhalv10002828m.g, Thhalv10002893m.g, Thhalv10027586m.g, Thhalv10011433m.g	Caamp.0008s0210
OG0006320	Thhalv10005807m.g	Caamp.0095s0573, Caamp.0008s0234
OG0006321	Thhalv10006018m.g	Caamp.0095s0571
OG0006321	Thhalv10006043m.g	Caamp.0008s0237
OG0006324	Thhalv10003447m.g	Caamp.0097s1004, Caamp.0089s0015
OG0006326	Thhalv10025362m.g	Caamp.0095s0062, Caamp.0090s0005
OG0006327	Thhalv10024424m.g	Caamp.0095s0039, Caamp.0090s0024
OG0006328	Thhalv10025061m.g	Caamp.0095s0038, Caamp.0090s0025
OG0006329	Thhalv10027508m.g	Caamp.0095s0030, Caamp.0090s0034
OG0006330	Thhalv10024352m.g	Caamp.0090s0037
OG0006331	Thhalv10026189m.g	Caamp.0095s0026, Caamp.0090s0038
OG0006332	Thhalv10027084m.g	Caamp.0090s0043
OG0006332	Thhalv10025151m.g	Caamp.0090s0044
OG0006333	Thhalv10002116m.g	Caamp.0095s1303, Caamp.0093s0003
OG0006334	Thhalv10002073m.g	Caamp.0093s0012, Caamp.0095s1278
OG0006335	Thhalv10022802m.g	Caamp.0095s1260, Caamp.0093s0032
OG0006336	Thhalv10022886m.g	Caamp.0095s1254, Caamp.0093s0039
OG0006337	Thhalv10022546m.g	Caamp.0093s0040, Caamp.0095s1253
OG0006338	Thhalv10022749m.g	Caamp.0093s0044, Caamp.0095s1249
OG0006339	Thhalv10022604m.g	Caamp.0095s1220, Caamp.0093s0080
OG0006340	Thhalv10022818m.g	Caamp.0093s0103, Caamp.0095s1195
OG0006341	Thhalv10022854m.g	Caamp.0093s0113, Caamp.0095s1185
OG0006342	Thhalv10022958m.g	Caamp.0095s1164, Caamp.0093s0131, Caamp.0093s0132
OG0006343	Thhalv10022599m.g, Thhalv10003843m.g	Caamp.0093s0157, Caamp.0095s1143
OG0006344	Thhalv10022565m.g	Caamp.0095s1130, Caamp.0093s0173
OG0006345	Thhalv10022767m.g	Caamp.0093s0174, Caamp.0095s1129
OG0006346	Thhalv10025504m.g	Caamp.0094s0814
OG0006347	Thhalv10024966m.g	Caamp.0094s0934, Caamp.0094s0933
OG0006348	Thhalv10025098m.g	Caamp.0095s0105, Caamp.0097s0379
OG0006349	Thhalv10026611m.g	Caamp.0097s0380, Caamp.0095s0106
OG0006350	Thhalv10024452m.g	Caamp.0097s0396, Caamp.0095s0124
OG0006351	Thhalv10027237m.g, Thhalv10025216m.g	Caamp.0097s0418, Caamp.0095s0145
OG0006352	Thhalv10006153m.g	Caamp.0095s0400
OG0006353	Thhalv10005800m.g	Caamp.0095s0524
OG0006354	Thhalv10006137m.g	Caamp.0099s0095, Caamp.0095s0646
OG0006355	Thhalv10005783m.g	Caamp.0099s0077, Caamp.0095s0661
OG0006356	Thhalv10010589m.g	Caamp.0095s0689, Caamp.0099s0050
OG0006357	Thhalv10010319m.g	Caamp.0099s0044, Caamp.0095s0693
OG0006358	Thhalv10010081m.g	Caamp.0095s0707, Caamp.0099s0026
OG0006359	Thhalv10010363m.g	Caamp.0099s0021, Caamp.0095s0712
OG0006360	Thhalv10010210m.g	Caamp.0095s0715, Caamp.0099s0018
OG0006361	Thhalv10010493m.g	Caamp.0099s0015, Caamp.0095s0718
OG0006362	Thhalv10010257m.g	Caamp.0099s0012, Caamp.0095s0720
OG0006363	Thhalv10010800m.g	Caamp.0095s0971, Caamp.0095s0970
OG0006364	Thhalv10002120m.g	Caamp.0095s1380
OG0006365	Thhalv10004662m.g	Caamp.0097s0144, Caamp.0097s0141, Caamp.0097s0143
OG0006366	Thhalv10002972m.g	Caamp.0097s0197
OG0006367	Thhalv10002455m.g	Caamp.0097s0249
OG0006368	Thhalv10017599m.g, Thhalv10027440m.g	Caamp.0097s0588
OG0006369	Thhalv10028268m.g, Thhalv10028313m.g	Caamp.0097s0813, Caamp.0097s0777
OG0006370	Thhalv10027685m.g	Caamp.0097s0876
OG0006371	Thhalv10029401m.g	Caamp.0097s0877
OG0006400	Thhalv10000934m.g	Caamp.0001s0003, Caamp.0076s0832
OG0006401	Thhalv10000997m.g	Caamp.0076s0820, Caamp.0001s0013
OG0006402	Thhalv10001063m.g	Caamp.0001s0030, Caamp.0085s0031
OG0006403	Thhalv10000776m.g	Caamp.0001s0039, Caamp.0076s0802
OG0006404	Thhalv10001010m.g	Caamp.0001s0048, Caamp.0076s0793
OG0006405	Thhalv10000993m.g	Caamp.0076s0786, Caamp.0001s0055
OG0006406	Thhalv10000961m.g	Caamp.0076s0785, Caamp.0001s0056
OG0006407	Thhalv10001221m.g	Caamp.0076s0784, Caamp.0001s0057
OG0006408	Thhalv10001200m.g	Caamp.0001s0063, Caamp.0076s0778
OG0006409	Thhalv10000815m.g	Caamp.0001s0064, Caamp.0076s0777
OG0006410	Thhalv10010053m.g	Caamp.0076s0774, Caamp.0001s0066
OG0006411	Thhalv10000812m.g	Caamp.0001s0076, Caamp.0076s0762
OG0006412	Thhalv10000883m.g	Caamp.0076s0761, Caamp.0001s0077
OG0006413	Thhalv10000885m.g	Caamp.0001s0081, Caamp.0076s0757
OG0006414	Thhalv10001240m.g	Caamp.0076s0756, Caamp.0001s0082
OG0006415	Thhalv10001093m.g	Caamp.0076s0748, Caamp.0001s0086
OG0006416	Thhalv10000787m.g	Caamp.0076s0738, Caamp.0001s0102
OG0006417	Thhalv10000793m.g	Caamp.0076s0737, Caamp.0001s0103
OG0006418	Thhalv10000861m.g	Caamp.0076s0736, Caamp.0001s0104
OG0006419	Thhalv10000901m.g	Caamp.0001s0109, Caamp.0076s0732
OG0006420	Thhalv10001025m.g	Caamp.0076s0729, Caamp.0001s0112, Caamp.0076s0730
OG0006421	Thhalv10000955m.g	Caamp.0076s0728, Caamp.0001s0113
OG0006422	Thhalv10001227m.g	Caamp.0001s0116, Caamp.0076s0726
OG0006423	Thhalv10001058m.g	Caamp.0001s0120, Caamp.0076s0723
OG0006424	Thhalv10001099m.g	Caamp.0076s0722, Caamp.0001s0122
OG0006425	Thhalv10000948m.g	Caamp.0001s0128, Caamp.0076s0716
OG0006426	Thhalv10026898m.g	Caamp.0001s0131, Caamp.0003s0665, Caamp.0190s1065
OG0006427	Thhalv10000904m.g	Caamp.0001s0132, Caamp.0076s0713
OG0006428	Thhalv10001138m.g	Caamp.0001s0134, Caamp.0076s0711
OG0006429	Thhalv10000810m.g	Caamp.0076s0708, Caamp.0001s0137
OG0006430	Thhalv10000923m.g	Caamp.0001s0141, Caamp.0076s0701
OG0006431	Thhalv10001190m.g	Caamp.0076s0695, Caamp.0001s0149
OG0006432	Thhalv10001012m.g	Caamp.0001s0152, Caamp.0076s0693
OG0006433	Thhalv10001226m.g	Caamp.0001s0154, Caamp.0076s0690
OG0006434	Thhalv10001175m.g	Caamp.0076s0684, Caamp.0001s0160
OG0006435	Thhalv10001022m.g	Caamp.0076s0681
OG0006435	Thhalv10027341m.g	Caamp.0001s0162
OG0006436	Thhalv10000978m.g	Caamp.0001s0169, Caamp.0076s0666
OG0006437	Thhalv10001039m.g	Caamp.0076s0663, Caamp.0001s0172
OG0006438	Thhalv10000837m.g	Caamp.0001s0186, Caamp.0076s0653
OG0006439	Thhalv10000826m.g	Caamp.0001s0198, Caamp.0076s0642
OG0006440	Thhalv10000824m.g	Caamp.0076s0641, Caamp.0001s0199
OG0006441	Thhalv10000945m.g	Caamp.0076s0592, Caamp.0001s0231
OG0006442	Thhalv10000929m.g	Caamp.0076s0583, Caamp.0001s0241
OG0006443	Thhalv10001047m.g	Caamp.0076s0577, Caamp.0001s0250
OG0006444	Thhalv10000899m.g	Caamp.0076s0571, Caamp.0001s0256
OG0006446	Thhalv10025564m.g	Caamp.0001s0269, Caamp.0061s0035
OG0006447	Thhalv10024243m.g	Caamp.0061s0037, Caamp.0001s0271
OG0006449	Thhalv10026478m.g	Caamp.0061s0040, Caamp.0001s0275
OG0006450	Thhalv10026312m.g	Caamp.0061s0043, Caamp.0001s0277
OG0006452	Thhalv10027024m.g	Caamp.0001s0285
OG0006453	Thhalv10024960m.g	Caamp.0061s0051, Caamp.0001s0287
OG0006454	Thhalv10027574m.g	Caamp.0061s0061, Caamp.0001s0300
OG0006455	Thhalv10025326m.g	Caamp.0061s0070, Caamp.0001s0310
OG0006456	Thhalv10024970m.g	Caamp.0001s0314, Caamp.0107s0007
OG0006457	Thhalv10026862m.g	Caamp.0107s0024, Caamp.0001s0328
OG0006459	Thhalv10026173m.g	Caamp.0010s0339, Caamp.0001s0335
OG0006463	Thhalv10001925m.g	Caamp.0010s0055, Caamp.0008s0118
OG0006464	Thhalv10000151m.g	Caamp.0010s0057, Caamp.0008s0115
OG0006465	Thhalv10000247m.g	Caamp.0008s0106, Caamp.0010s0064
OG0006466	Thhalv10000008m.g	Caamp.0010s0066
OG0006467	Thhalv10000617m.g	Caamp.0010s0069, Caamp.0099s0139
OG0006468	Thhalv10000194m.g	Caamp.0099s0137, Caamp.0010s0071
OG0006469	Thhalv10023523m.g	Caamp.1039s0439, Caamp.0010s0077
OG0006470	Thhalv10000186m.g	Caamp.0010s0081
OG0006471	Thhalv10000087m.g	Caamp.1039s0427, Caamp.0010s0096
OG0006472	Thhalv10000627m.g	Caamp.1039s0417, Caamp.0010s0100
OG0006473	Thhalv10000078m.g	Caamp.0010s0102, Caamp.1039s0414
OG0006474	Thhalv10000272m.g	Caamp.1039s0401, Caamp.0010s0113
OG0006475	Thhalv10000212m.g	Caamp.0010s0115, Caamp.1039s0399
OG0006476	Thhalv10000568m.g	Caamp.0010s0118
OG0006476	Thhalv10000364m.g	Caamp.1039s0398
OG0006478	Thhalv10000367m.g	Caamp.0010s0128, Caamp.1039s0357
OG0006479	Thhalv10000388m.g	Caamp.0010s0129
OG0006480	Thhalv10000196m.g	Caamp.0010s0133
OG0006480	Thhalv10011562m.g, Thhalv10017597m.g	Caamp.0097s0735
OG0006482	Thhalv10000346m.g	Caamp.0010s0137, Caamp.1039s0375
OG0006483	Thhalv10000214m.g	Caamp.1039s0376, Caamp.0010s0138
OG0006484	Thhalv10000098m.g	Caamp.1039s0387, Caamp.0010s0144
OG0006485	Thhalv10000310m.g	Caamp.0010s0145, Caamp.1039s0388
OG0006486	Thhalv10000060m.g	Caamp.1039s0324, Caamp.0010s0160
OG0006487	Thhalv10000242m.g	Caamp.1039s0321
OG0006487	Thhalv10025646m.g	Caamp.0010s0163
OG0006488	Thhalv10000282m.g	Caamp.1039s0313, Caamp.0010s0166
OG0006489	Thhalv10000189m.g	Caamp.1039s0312, Caamp.0010s0169
OG0006490	Thhalv10000177m.g	Caamp.0010s0170, Caamp.1039s0310
OG0006491	Thhalv10000520m.g	Caamp.0010s0175, Caamp.1039s0300
OG0006492	Thhalv10023862m.g	Caamp.0010s0183
OG0006492	Thhalv10023781m.g	Caamp.1039s0291
OG0006493	Thhalv10000160m.g	Caamp.1039s0290, Caamp.0010s0184
OG0006494	Thhalv10000138m.g	Caamp.0010s0192, Caamp.1039s0281
OG0006495	Thhalv10000267m.g	Caamp.0010s0196, Caamp.1039s0278
OG0006496	Thhalv10000220m.g	Caamp.1039s0277, Caamp.0010s0198
OG0006497	Thhalv10004040m.g	Caamp.0120s0054
OG0006497	Thhalv10024952m.g	Caamp.0010s0200
OG0006498	Thhalv10000045m.g	Caamp.0010s0201, Caamp.1039s0273
OG0006499	Thhalv10000469m.g	Caamp.0010s0202
OG0006500	Thhalv10000219m.g	Caamp.0010s0208, Caamp.1039s0266
OG0006501	Thhalv10000545m.g	Caamp.0010s0211
OG0006502	Thhalv10000102m.g	Caamp.0010s0219, Caamp.1039s0258
OG0006503	Thhalv10000321m.g	Caamp.0010s0227, Caamp.1039s0253
OG0006504	Thhalv10000059m.g	Caamp.0010s0228, Caamp.1039s0252
OG0006505	Thhalv10000110m.g	Caamp.1039s0243, Caamp.0010s0236
OG0006506	Thhalv10000201m.g	Caamp.0010s0239, Caamp.1039s0239
OG0006507	Thhalv10000012m.g	Caamp.0010s0245, Caamp.1039s0232
OG0006508	Thhalv10000068m.g	Caamp.0010s0246, Caamp.1039s0231
OG0006509	Thhalv10000525m.g	Caamp.1039s0227, Caamp.0010s0254
OG0006510	Thhalv10000566m.g	Caamp.1039s0226, Caamp.0010s0255
OG0006511	Thhalv10000039m.g	Caamp.1039s0217, Caamp.0010s0266
OG0006512	Thhalv10000591m.g	Caamp.0010s0271
OG0006513	Thhalv10000037m.g	Caamp.1039s0210, Caamp.0010s0274
OG0006514	Thhalv10000040m.g	Caamp.1039s0208, Caamp.0010s0275
OG0006515	Thhalv10000055m.g	Caamp.1039s0201, Caamp.0010s0280
OG0006516	Thhalv10000047m.g	Caamp.0010s0291, Caamp.1039s0196
OG0006517	Thhalv10000409m.g	Caamp.1039s0190, Caamp.0010s0294
OG0006518	Thhalv10017701m.g, Thhalv10027177m.g	Caamp.0010s0299
OG0006519	Thhalv10000225m.g	Caamp.1039s0183, Caamp.0010s0304
OG0006525	Thhalv10016722m.g	Caamp.0101s0002, Caamp.0013s0017
OG0006526	Thhalv10016200m.g	Caamp.0013s0021, Caamp.0101s0007
OG0006527	Thhalv10016938m.g	Caamp.0013s0028, Caamp.0101s0011
OG0006528	Thhalv10017135m.g	Caamp.0013s0031, Caamp.0101s0015
OG0006529	Thhalv10017370m.g	Caamp.0101s0020, Caamp.0013s0036
OG0006530	Thhalv10017168m.g	Caamp.0101s0032, Caamp.0013s0051
OG0006531	Thhalv10017488m.g	Caamp.0101s0048, Caamp.0013s0074
OG0006532	Thhalv10017750m.g	Caamp.0013s0075, Caamp.0101s0049
OG0006533	Thhalv10017334m.g	Caamp.0013s0077, Caamp.0101s0051
OG0006534	Thhalv10017309m.g	Caamp.0013s0080, Caamp.0101s0054
OG0006535	Thhalv10017012m.g	Caamp.0101s0057, Caamp.0013s0083
OG0006536	Thhalv10017369m.g	Caamp.0101s0058, Caamp.0013s0084
OG0006537	Thhalv10016308m.g	Caamp.0013s0085, Caamp.0101s0059
OG0006538	Thhalv10017171m.g	Caamp.0013s0093, Caamp.0101s0063
OG0006539	Thhalv10016341m.g	Caamp.0101s0064, Caamp.0013s0094
OG0006540	Thhalv10016957m.g	Caamp.0097s0702, Caamp.0101s0073
OG0006541	Thhalv10016576m.g	Caamp.0003s0706, Caamp.0097s0705, Caamp.0101s0076
OG0006542	Thhalv10016458m.g	Caamp.0101s0077, Caamp.0097s0706
OG0006543	Thhalv10016165m.g	Caamp.0097s0719, Caamp.0101s0091
OG0006544	Thhalv10016162m.g	Caamp.0101s0098, Caamp.0097s0727
OG0006545	Thhalv10017218m.g	Caamp.0101s0101, Caamp.0097s0731
OG0006546	Thhalv10017255m.g	Caamp.0101s0102, Caamp.0097s0732
OG0006547	Thhalv10017465m.g	Caamp.0101s0108, Caamp.0097s0739
OG0006548	Thhalv10002561m.g	Caamp.0064s0511, Caamp.0101s0139
OG0006549	Thhalv10002632m.g	Caamp.0064s0490, Caamp.0101s0149
OG0006550	Thhalv10003045m.g, Thhalv10002809m.g, Thhalv10002780m.g	Caamp.0101s0159, Caamp.0069s0008
OG0006551	Thhalv10003057m.g	Caamp.0048s0023, Caamp.0101s0176
OG0006552	Thhalv10022023m.g	Caamp.0101s0178, Caamp.0190s1378, Caamp.0093s0207
OG0006553	Thhalv10028711m.g	Caamp.0101s0188, Caamp.0026s0228
OG0006554	Thhalv10002515m.g	Caamp.0026s0226, Caamp.0101s0189
OG0006555	Thhalv10017700m.g, Thhalv10017577m.g, Thhalv10017733m.g, Thhalv10017056m.g	Caamp.0102s0003, Caamp.1033s0840
OG0006556	Thhalv10017905m.g	Caamp.1031s0279, Caamp.0102s0008
OG0006557	Thhalv10016839m.g	Caamp.0102s0011, Caamp.1031s0276
OG0006558	Thhalv10016304m.g	Caamp.0102s0015, Caamp.1031s0271, Caamp.1031s0272
OG0006559	Thhalv10016913m.g	Caamp.0102s0019, Caamp.1031s0267
OG0006560	Thhalv10016882m.g	Caamp.1031s0261, Caamp.0102s0023
OG0006561	Thhalv10017114m.g	Caamp.1031s0259, Caamp.0102s0024
OG0006562	Thhalv10016554m.g	Caamp.0102s0025, Caamp.1031s0258
OG0006563	Thhalv10017802m.g	Caamp.1031s0256, Caamp.0102s0027
OG0006564	Thhalv10016619m.g	Caamp.1031s0251, Caamp.0102s0031
OG0006565	Thhalv10016372m.g	Caamp.1031s0247, Caamp.0102s0037
OG0006566	Thhalv10016941m.g	Caamp.1031s0243, Caamp.0102s0042
OG0006567	Thhalv10017822m.g	Caamp.1031s0235, Caamp.0102s0050
OG0006568	Thhalv10016404m.g	Caamp.1031s0234, Caamp.0102s0051
OG0006569	Thhalv10017117m.g	Caamp.0102s0052, Caamp.1031s0233
OG0006570	Thhalv10016954m.g	Caamp.1031s0230, Caamp.0102s0056
OG0006571	Thhalv10016933m.g	Caamp.1031s0228, Caamp.0102s0058
OG0006572	Thhalv10016895m.g	Caamp.1031s0225, Caamp.0102s0060
OG0006573	Thhalv10017044m.g	Caamp.0102s0065, Caamp.1031s0221
OG0006574	Thhalv10016501m.g	Caamp.0102s0074, Caamp.1031s0209
OG0006575	Thhalv10016197m.g	Caamp.0102s0075, Caamp.1031s0207
OG0006576	Thhalv10017061m.g	Caamp.0102s0076, Caamp.1031s0206
OG0006577	Thhalv10017139m.g	Caamp.1031s0204, Caamp.0102s0078
OG0006578	Thhalv10016564m.g	Caamp.1031s0196, Caamp.0102s0083
OG0006579	Thhalv10016765m.g	Caamp.0102s0086, Caamp.1031s0194
OG0006580	Thhalv10017695m.g	Caamp.0102s0088, Caamp.1031s0191
OG0006581	Thhalv10016758m.g	Caamp.0102s0092, Caamp.1031s0188
OG0006582	Thhalv10016901m.g	Caamp.0102s0094, Caamp.1031s0185
OG0006583	Thhalv10016769m.g	Caamp.1031s0178, Caamp.0102s0101
OG0006584	Thhalv10017187m.g	Caamp.0102s0103, Caamp.1031s0176
OG0006585	Thhalv10010856m.g	Caamp.0095s0728, Caamp.0099s0003, Caamp.0102s0107
OG0006586	Thhalv10016572m.g	Caamp.1031s0171, Caamp.0102s0109
OG0006587	Thhalv10016254m.g	Caamp.0102s0116, Caamp.1031s0163
OG0006588	Thhalv10016257m.g	Caamp.1031s0148, Caamp.0102s0128
OG0006589	Thhalv10017199m.g	Caamp.1031s0145, Caamp.0102s0130
OG0006590	Thhalv10016467m.g	Caamp.1031s0143, Caamp.0102s0133
OG0006591	Thhalv10016674m.g	Caamp.0102s0135, Caamp.1031s0141
OG0006592	Thhalv10017080m.g	Caamp.1031s0137, Caamp.0102s0138
OG0006593	Thhalv10016121m.g	Caamp.1031s0135, Caamp.0102s0142
OG0006594	Thhalv10017026m.g	Caamp.0102s0145, Caamp.1031s0132
OG0006596	Thhalv10001718m.g	Caamp.1031s0544, Caamp.1031s0546, Caamp.0102s0154, Caamp.0102s0150
OG0006597	Thhalv10016138m.g	Caamp.1031s0113, Caamp.0102s0172
OG0006598	Thhalv10016965m.g	Caamp.1031s0110, Caamp.0102s0175
OG0006599	Thhalv10017040m.g	Caamp.0102s0189, Caamp.1031s0097
OG0006600	Thhalv10016585m.g	Caamp.1031s0095, Caamp.0102s0191
OG0006601	Thhalv10016682m.g	Caamp.1031s0093, Caamp.0102s0193
OG0006602	Thhalv10016889m.g	Caamp.0102s0195, Caamp.1031s0091
OG0006603	Thhalv10017282m.g	Caamp.0102s0202, Caamp.1031s0084
OG0006604	Thhalv10017501m.g	Caamp.1031s0082, Caamp.0102s0204
OG0006605	Thhalv10017381m.g	Caamp.0102s0205, Caamp.1031s0080
OG0006606	Thhalv10017691m.g	Caamp.0102s0216, Caamp.1031s0066
OG0006607	Thhalv10016890m.g	Caamp.0102s0220, Caamp.1031s0059
OG0006608	Thhalv10016867m.g	Caamp.0102s0225, Caamp.1031s0054
OG0006609	Thhalv10016735m.g, Thhalv10017777m.g	Caamp.0102s0227
OG0006610	Thhalv10016611m.g	Caamp.0102s0229, Caamp.1031s0053
OG0006611	Thhalv10017294m.g	Caamp.0102s0234, Caamp.1031s0046
OG0006612	Thhalv10017818m.g	Caamp.0102s0241, Caamp.1031s0039
OG0006613	Thhalv10017092m.g	Caamp.0102s0242, Caamp.1031s0038
OG0006614	Thhalv10016287m.g	Caamp.1031s0037, Caamp.0102s0243
OG0006615	Thhalv10017300m.g, Thhalv10016725m.g	Caamp.0102s0247, Caamp.1031s0034
OG0006616	Thhalv10016958m.g	Caamp.1031s0033, Caamp.0102s0248
OG0006617	Thhalv10017869m.g	Caamp.0102s0249, Caamp.1031s0032
OG0006618	Thhalv10016896m.g	Caamp.1031s0022, Caamp.0102s0261
OG0006619	Thhalv10016973m.g	Caamp.1031s0011, Caamp.0102s0274
OG0006620	Thhalv10016355m.g	Caamp.1031s0009, Caamp.0102s0276
OG0006621	Thhalv10017226m.g	Caamp.1031s0006, Caamp.0102s0279
OG0006622	Thhalv10017273m.g	Caamp.0102s0280, Caamp.1031s0005
OG0006623	Thhalv10016318m.g	Caamp.1031s0002, Caamp.0102s0284
OG0006624	Thhalv10017095m.g	Caamp.0102s0285, Caamp.1031s0001
OG0006625	Thhalv10016830m.g	Caamp.0105s0780, Caamp.0102s0286
OG0006626	Thhalv10016943m.g	Caamp.0102s0297, Caamp.0105s0768
OG0006627	Thhalv10016239m.g	Caamp.0105s0765, Caamp.0102s0299
OG0006628	Thhalv10016608m.g	Caamp.0102s0301, Caamp.0105s0763
OG0006629	Thhalv10016799m.g, Thhalv10017814m.g	Caamp.0105s0757, Caamp.0102s0305
OG0006630	Thhalv10016662m.g	Caamp.0105s0755, Caamp.0102s0308
OG0006631	Thhalv10016845m.g	Caamp.0102s0311, Caamp.0105s0752
OG0006632	Thhalv10016358m.g	Caamp.0102s0317, Caamp.0105s0744
OG0006633	Thhalv10017068m.g	Caamp.0102s0320, Caamp.0105s0741
OG0006634	Thhalv10017783m.g	Caamp.0105s0740, Caamp.0102s0321
OG0006635	Thhalv10016692m.g	Caamp.0105s0735, Caamp.0102s0327
OG0006636	Thhalv10017137m.g	Caamp.0105s0733, Caamp.0102s0329
OG0006637	Thhalv10017389m.g	Caamp.0102s0334, Caamp.0105s0728
OG0006638	Thhalv10016942m.g	Caamp.0105s0720, Caamp.0102s0343
OG0006639	Thhalv10016738m.g	Caamp.0105s0711, Caamp.0102s0352
OG0006640	Thhalv10017435m.g	Caamp.0102s0361, Caamp.0105s0702
OG0006641	Thhalv10017183m.g, Thhalv10000465m.g	Caamp.0105s0699, Caamp.0102s0364
OG0006642	Thhalv10017791m.g	Caamp.0102s0365, Caamp.0105s0698
OG0006643	Thhalv10017130m.g	Caamp.0102s0366, Caamp.0105s0697
OG0006644	Thhalv10017426m.g	Caamp.0102s0371, Caamp.0105s0691
OG0006645	Thhalv10016820m.g	Caamp.0105s0680, Caamp.0102s0382
OG0006646	Thhalv10016541m.g	Caamp.0105s0677, Caamp.0102s0384
OG0006647	Thhalv10017640m.g	Caamp.0102s0385, Caamp.0105s0676
OG0006648	Thhalv10016477m.g	Caamp.0102s0397, Caamp.0105s0667
OG0006650	Thhalv10017885m.g	Caamp.0102s0410, Caamp.0105s0655
OG0006651	Thhalv10017936m.g	Caamp.0102s0411, Caamp.0105s0654
OG0006652	Thhalv10016202m.g	Caamp.0102s0412, Caamp.0105s0652
OG0006653	Thhalv10016893m.g	Caamp.0105s0645, Caamp.0102s0417
OG0006654	Thhalv10016950m.g	Caamp.0102s0419, Caamp.0105s0643
OG0006655	Thhalv10016668m.g	Caamp.0102s0424, Caamp.0105s0639
OG0006656	Thhalv10016603m.g	Caamp.0102s0427
OG0006657	Thhalv10017336m.g	Caamp.0102s0436, Caamp.0105s0629
OG0006658	Thhalv10016909m.g	Caamp.0102s0445, Caamp.0105s0619
OG0006659	Thhalv10016500m.g	Caamp.0102s0446, Caamp.0105s0617
OG0006660	Thhalv10017592m.g	Caamp.0102s0455, Caamp.0105s0610
OG0006661	Thhalv10016610m.g	Caamp.0105s0599, Caamp.0102s0468
OG0006662	Thhalv10017259m.g	Caamp.0102s0470, Caamp.0105s0597
OG0006663	Thhalv10016905m.g	Caamp.0105s0590, Caamp.0102s0476
OG0006664	Thhalv10016417m.g	Caamp.0102s0485, Caamp.0105s0587
OG0006665	Thhalv10016557m.g	Caamp.0105s0585, Caamp.0102s0487
OG0006666	Thhalv10016368m.g	Caamp.0105s0583, Caamp.0102s0489
OG0006667	Thhalv10017196m.g	Caamp.0102s0492, Caamp.0105s0577
OG0006668	Thhalv10016420m.g	Caamp.0102s0493, Caamp.0105s0576
OG0006669	Thhalv10017272m.g	Caamp.0102s0498, Caamp.0105s0571
OG0006670	Thhalv10016986m.g	Caamp.0102s0505, Caamp.0105s0565
OG0006671	Thhalv10016745m.g	Caamp.0102s0506
OG0006672	Thhalv10010162m.g, Thhalv10016336m.g	Caamp.0102s0511, Caamp.0105s0557
OG0006673	Thhalv10016805m.g	Caamp.0105s0552, Caamp.0102s0516
OG0006674	Thhalv10017097m.g	Caamp.0102s0522, Caamp.0105s0545
OG0006675	Thhalv10016848m.g	Caamp.0105s0528, Caamp.0102s0537
OG0006676	Thhalv10016993m.g	Caamp.0102s0540, Caamp.0105s0525
OG0006677	Thhalv10016344m.g	Caamp.0105s0519, Caamp.0102s0548
OG0006678	Thhalv10016158m.g	Caamp.0102s0559, Caamp.0105s0507
OG0006679	Thhalv10017261m.g	Caamp.0105s0500, Caamp.0102s0567
OG0006680	Thhalv10016667m.g	Caamp.0105s0494, Caamp.0102s0574
OG0006681	Thhalv10016502m.g	Caamp.0105s0493, Caamp.0102s0575
OG0006682	Thhalv10016991m.g	Caamp.0105s0491, Caamp.0102s0577
OG0006683	Thhalv10017887m.g	Caamp.0105s0484, Caamp.0102s0581
OG0006684	Thhalv10016803m.g	Caamp.0105s0483, Caamp.0102s0582
OG0006685	Thhalv10017324m.g	Caamp.0105s0479, Caamp.0102s0586, Caamp.0110s0029
OG0006686	Thhalv10017360m.g	Caamp.0102s0592, Caamp.0105s0472
OG0006687	Thhalv10006680m.g	Caamp.1033s0609, Caamp.0102s0598
OG0006688	Thhalv10017155m.g	Caamp.0102s0604, Caamp.0105s0456
OG0006689	Thhalv10027557m.g	Caamp.0102s0608, Caamp.0003s0625
OG0006690	Thhalv10016878m.g	Caamp.0102s0622, Caamp.0105s0440
OG0006691	Thhalv10016785m.g	Caamp.0102s0623, Caamp.0105s0439
OG0006692	Thhalv10016394m.g	Caamp.0102s0633, Caamp.0105s0425
OG0006693	Thhalv10017182m.g	Caamp.0102s0637, Caamp.0105s0422
OG0006694	Thhalv10017234m.g	Caamp.0105s0414, Caamp.0102s0645
OG0006695	Thhalv10016214m.g	Caamp.0105s0408, Caamp.0102s0650
OG0006696	Thhalv10016424m.g	Caamp.0105s0407, Caamp.0102s0651
OG0006697	Thhalv10017788m.g	Caamp.0102s0652
OG0006698	Thhalv10017289m.g	Caamp.0105s0405, Caamp.0102s0653
OG0006699	Thhalv10016757m.g	Caamp.0105s0400, Caamp.0102s0658
OG0006700	Thhalv10017851m.g	Caamp.0105s0398, Caamp.0102s0660
OG0006701	Thhalv10016607m.g	Caamp.0105s0393, Caamp.0102s0666
OG0006702	Thhalv10017474m.g	Caamp.0105s0391, Caamp.0102s0668
OG0006703	Thhalv10002066m.g	Caamp.0102s0669, Caamp.0105s0390
OG0006704	Thhalv10016550m.g	Caamp.0102s0671, Caamp.0105s0388
OG0006705	Thhalv10016974m.g	Caamp.0105s0386, Caamp.0102s0673
OG0006706	Thhalv10016385m.g	Caamp.0102s0678, Caamp.0105s0380
OG0006707	Thhalv10017471m.g	Caamp.0105s0369, Caamp.0102s0689
OG0006708	Thhalv10016411m.g	Caamp.0102s0693, Caamp.0105s0366
OG0006709	Thhalv10017042m.g	Caamp.0105s0363, Caamp.0102s0696
OG0006710	Thhalv10029375m.g	Caamp.0102s0699, Caamp.0028s0243
OG0006711	Thhalv10029158m.g	Caamp.0028s0241, Caamp.0102s0701
OG0006712	Thhalv10028881m.g	Caamp.0028s0236, Caamp.0102s0707
OG0006713	Thhalv10028959m.g	Caamp.0102s0722, Caamp.0028s0218
OG0006714	Thhalv10028932m.g	Caamp.0028s0215
OG0006714	Thhalv10029228m.g	Caamp.0102s0725
OG0006715	Thhalv10028529m.g	Caamp.0102s0729, Caamp.0028s0213
OG0006716	Thhalv10028472m.g	Caamp.0102s0734, Caamp.0028s0206
OG0006717	Thhalv10028531m.g	Caamp.0102s0739
OG0006718	Thhalv10028764m.g	Caamp.0102s0753, Caamp.0028s0188
OG0006719	Thhalv10028803m.g	Caamp.0028s0187, Caamp.0102s0754
OG0006720	Thhalv10028997m.g, Thhalv10028996m.g	Caamp.0102s0761, Caamp.0102s0759, Caamp.0028s0183
OG0006721	Thhalv10028461m.g	Caamp.0028s0181, Caamp.0102s0765
OG0006722	Thhalv10028718m.g	Caamp.0102s0770, Caamp.0028s0175
OG0006723	Thhalv10028383m.g	Caamp.0028s0173, Caamp.0102s0772
OG0006724	Thhalv10029021m.g	Caamp.0028s0158, Caamp.0102s0781
OG0006725	Thhalv10028648m.g, Thhalv10015680m.g	Caamp.0102s0797, Caamp.0028s0171
OG0006726	Thhalv10028453m.g	Caamp.0102s0813, Caamp.0028s0146
OG0006727	Thhalv10028377m.g	Caamp.0028s0140, Caamp.0102s0819
OG0006728	Thhalv10029474m.g	Caamp.0102s0821
OG0006729	Thhalv10028774m.g	Caamp.0028s0128, Caamp.0102s0834
OG0006730	Thhalv10028871m.g	Caamp.0028s0116, Caamp.0102s0845
OG0006731	Thhalv10028894m.g	Caamp.0102s0858, Caamp.0028s0105
OG0006732	Thhalv10029346m.g	Caamp.0028s0096, Caamp.0102s0866
OG0006733	Thhalv10028670m.g	Caamp.0102s0868, Caamp.0028s0094
OG0006734	Thhalv10028402m.g	Caamp.0102s0880, Caamp.0028s0084
OG0006735	Thhalv10028938m.g	Caamp.0028s0080, Caamp.0102s0882
OG0006736	Thhalv10029196m.g	Caamp.0102s0886, Caamp.0028s0076
OG0006737	Thhalv10028511m.g	Caamp.0102s0900, Caamp.0028s0066
OG0006738	Thhalv10028966m.g	Caamp.0028s0065, Caamp.0102s0901
OG0006739	Thhalv10018750m.g	Caamp.0028s0063
OG0006739	Thhalv10028757m.g	Caamp.0102s0903
OG0006740	Thhalv10028857m.g	Caamp.0028s0053, Caamp.0102s0912
OG0006741	Thhalv10028742m.g	Caamp.0028s0046, Caamp.0102s0919
OG0006742	Thhalv10028759m.g	Caamp.0102s0922, Caamp.0049s0010
OG0006743	Thhalv10028883m.g	Caamp.0102s0924, Caamp.0028s0043
OG0006744	Thhalv10028375m.g	Caamp.0028s0040, Caamp.0102s0927
OG0006745	Thhalv10029483m.g	Caamp.0102s0937
OG0006746	Thhalv10028816m.g	Caamp.0102s0938, Caamp.0028s0036
OG0006747	Thhalv10028847m.g	Caamp.0028s0031, Caamp.0102s0939
OG0006748	Thhalv10003403m.g	Caamp.0028s0029, Caamp.0102s0942
OG0006748	Thhalv10026986m.g, Thhalv10027561m.g	Caamp.0022s0103
OG0006749	Thhalv10028452m.g	Caamp.0028s0025, Caamp.0102s0948
OG0006750	Thhalv10028739m.g	Caamp.0028s0021, Caamp.0102s0951
OG0006751	Thhalv10029426m.g	Caamp.0028s0017, Caamp.0102s0962
OG0006752	Thhalv10028699m.g	Caamp.0102s0965, Caamp.0028s0016
OG0006754	Thhalv10028969m.g	Caamp.0028s0012, Caamp.0102s0990
OG0006755	Thhalv10028961m.g	Caamp.0102s1011, Caamp.0049s0036
OG0006756	Thhalv10029113m.g	Caamp.0102s1012, Caamp.0049s0030
OG0006757	Thhalv10024855m.g	Caamp.0059s0144, Caamp.1027s0006
OG0006758	Thhalv10024456m.g	Caamp.1027s0007, Caamp.0059s0143
OG0006759	Thhalv10024267m.g	Caamp.1027s0008, Caamp.0059s0142
OG0006760	Thhalv10025208m.g	Caamp.0059s0137, Caamp.1027s0015
OG0006761	Thhalv10025979m.g	Caamp.0059s0135, Caamp.1027s0017
OG0006762	Thhalv10024734m.g	Caamp.0059s0134, Caamp.1027s0018
OG0006763	Thhalv10026442m.g	Caamp.1027s0019
OG0006764	Thhalv10024830m.g	Caamp.1027s0024
OG0006765	Thhalv10026303m.g	Caamp.1027s0027
OG0006766	Thhalv10024983m.g	Caamp.1027s0035
OG0006767	Thhalv10025386m.g	Caamp.1027s0037
OG0006768	Thhalv10024192m.g	Caamp.1027s0042
OG0006769	Thhalv10025010m.g	Caamp.1027s0073
OG0006769	Thhalv10027420m.g	Caamp.0094s0024
OG0006770	Thhalv10025021m.g	Caamp.0094s0055, Caamp.1027s0104
OG0006771	Thhalv10025869m.g	Caamp.0094s0060, Caamp.1027s0108
OG0006772	Thhalv10024179m.g	Caamp.1027s0109, Caamp.0094s0061
OG0006773	Thhalv10024660m.g	Caamp.0094s0079, Caamp.1027s0129
OG0006774	Thhalv10024527m.g	Caamp.0094s0096, Caamp.1027s0150
OG0006775	Thhalv10026058m.g	Caamp.1027s0153, Caamp.0094s0099
OG0006776	Thhalv10025832m.g	Caamp.1027s0172, Caamp.0094s0118
OG0006777	Thhalv10027947m.g	Caamp.1027s0177, Caamp.0094s0123
OG0006778	Thhalv10026529m.g	Caamp.1027s0179, Caamp.0094s0125
OG0006779	Thhalv10012866m.g, Thhalv10024591m.g	Caamp.0094s0137, Caamp.1027s0191
OG0006780	Thhalv10025455m.g	Caamp.0094s0141, Caamp.1027s0195
OG0006781	Thhalv10026061m.g	Caamp.1027s0197
OG0006782	Thhalv10026651m.g	Caamp.1027s0198, Caamp.0094s0147
OG0006783	Thhalv10025923m.g	Caamp.0094s0151, Caamp.1027s0202
OG0006784	Thhalv10027155m.g	Caamp.1027s0204, Caamp.0094s0153
OG0006785	Thhalv10024885m.g	Caamp.1027s0212, Caamp.0089s0024, Caamp.0094s0178
OG0006786	Thhalv10024858m.g	Caamp.0094s0168, Caamp.1027s0224
OG0006787	Thhalv10024981m.g	Caamp.1027s0234, Caamp.1027s0233
OG0006788	Thhalv10026134m.g	Caamp.1027s0252, Caamp.0094s0199
OG0006789	Thhalv10023903m.g, Thhalv10025462m.g	Caamp.0094s0203, Caamp.1027s0258
OG0006790	Thhalv10025192m.g	Caamp.1027s0259, Caamp.0094s0204
OG0006791	Thhalv10025018m.g	Caamp.0094s0205, Caamp.1027s0260
OG0006792	Thhalv10025906m.g	Caamp.1027s0262, Caamp.0094s0207
OG0006793	Thhalv10006342m.g, Thhalv10025057m.g	Caamp.1027s0279, Caamp.0094s0226
OG0006794	Thhalv10016868m.g	Caamp.1031s0073, Caamp.1031s0072
OG0006795	Thhalv10016135m.g	Caamp.1031s0183
OG0006796	Thhalv10017287m.g	Caamp.1031s0236, Caamp.0099s0128
OG0006797	Thhalv10016414m.g	Caamp.1031s0288
OG0006798	Thhalv10016272m.g	Caamp.1031s0289
OG0006799	Thhalv10016819m.g	Caamp.0076s1678, Caamp.1031s0295
OG0006800	Thhalv10016481m.g	Caamp.1031s0296, Caamp.0076s1677
OG0006801	Thhalv10016770m.g, Thhalv10003285m.g	Caamp.1031s0297, Caamp.0076s1676
OG0006802	Thhalv10017926m.g	Caamp.0076s1667, Caamp.1031s0306
OG0006803	Thhalv10016713m.g	Caamp.0076s1666, Caamp.1031s0307
OG0006804	Thhalv10017311m.g	Caamp.1031s0311, Caamp.0076s1663
OG0006805	Thhalv10016808m.g	Caamp.1031s0313, Caamp.0076s1661
OG0006806	Thhalv10023901m.g, Thhalv10017418m.g	Caamp.1031s0323, Caamp.0076s1652
OG0006807	Thhalv10016763m.g	Caamp.0076s1650, Caamp.1031s0325
OG0006808	Thhalv10016401m.g	Caamp.1031s0326, Caamp.0076s1648
OG0006809	Thhalv10016317m.g	Caamp.0076s1645, Caamp.1031s0328
OG0006810	Thhalv10017945m.g	Caamp.1031s0330, Caamp.0076s1643
OG0006811	Thhalv10002504m.g	Caamp.1031s0335, Caamp.0076s1638
OG0006812	Thhalv10017959m.g	Caamp.0076s1636, Caamp.1031s0337
OG0006813	Thhalv10016684m.g	Caamp.0076s1635, Caamp.1031s0338
OG0006814	Thhalv10017050m.g	Caamp.0076s1634, Caamp.1031s0339
OG0006815	Thhalv10017967m.g	Caamp.0076s1633, Caamp.1031s0340
OG0006816	Thhalv10017145m.g	Caamp.0076s1631, Caamp.1031s0342
OG0006817	Thhalv10017346m.g	Caamp.0076s1625, Caamp.1031s0347
OG0006818	Thhalv10016504m.g	Caamp.1031s0348, Caamp.0076s1624
OG0006819	Thhalv10017167m.g	Caamp.1031s0353, Caamp.0076s1618
OG0006820	Thhalv10016879m.g	Caamp.0076s1617, Caamp.1031s0354
OG0006821	Thhalv10016720m.g	Caamp.0076s1615, Caamp.1031s0357
OG0006822	Thhalv10017200m.g	Caamp.0076s1614, Caamp.1031s0358
OG0006823	Thhalv10016568m.g	Caamp.0076s1606, Caamp.1031s0364
OG0006824	Thhalv10016470m.g	Caamp.0076s1595, Caamp.1031s0376
OG0006825	Thhalv10016164m.g	Caamp.0076s1594, Caamp.1031s0377
OG0006826	Thhalv10017045m.g	Caamp.1031s0379, Caamp.0076s1592
OG0006827	Thhalv10016810m.g	Caamp.0076s1570, Caamp.1031s0396
OG0006828	Thhalv10017359m.g	Caamp.1031s0412, Caamp.0076s1556
OG0006829	Thhalv10016161m.g, Thhalv10016156m.g	Caamp.1031s0414, Caamp.0076s1554
OG0006830	Thhalv10016836m.g	Caamp.1031s0415, Caamp.0076s1553
OG0006831	Thhalv10017052m.g	Caamp.0076s1550, Caamp.1031s0418
OG0006832	Thhalv10017091m.g	Caamp.0076s1547, Caamp.1031s0421
OG0006833	Thhalv10016664m.g	Caamp.0076s1543, Caamp.1031s0423
OG0006834	Thhalv10017186m.g	Caamp.0076s1536, Caamp.1031s0427
OG0006835	Thhalv10016357m.g	Caamp.0076s1530, Caamp.1031s0436
OG0006836	Thhalv10016635m.g	Caamp.0076s1524, Caamp.1031s0442
OG0006837	Thhalv10017645m.g	Caamp.0076s1509, Caamp.1031s0455
OG0006838	Thhalv10016343m.g	Caamp.1031s0457, Caamp.0076s1507
OG0006839	Thhalv10016724m.g	Caamp.1031s0465, Caamp.0076s1497
OG0006840	Thhalv10016894m.g	Caamp.0076s1492, Caamp.1031s0469
OG0006841	Thhalv10016578m.g	Caamp.0076s1483, Caamp.1031s0480
OG0006842	Thhalv10017430m.g	Caamp.1031s0482, Caamp.0076s1481
OG0006843	Thhalv10016898m.g	Caamp.1031s0486, Caamp.0076s1476
OG0006844	Thhalv10016869m.g	Caamp.0076s1469, Caamp.1031s0491
OG0006845	Thhalv10016479m.g	Caamp.0076s1461, Caamp.1031s0500
OG0006846	Thhalv10017046m.g	Caamp.1031s0501, Caamp.0076s1460
OG0006847	Thhalv10016998m.g	Caamp.0076s1454, Caamp.1031s0507
OG0006848	Thhalv10001429m.g	Caamp.1031s0510, Caamp.0076s1451
OG0006849	Thhalv10001741m.g	Caamp.0076s0095, Caamp.0076s1450, Caamp.1031s0511
OG0006850	Thhalv10001393m.g	Caamp.0076s1448, Caamp.1031s0512
OG0006851	Thhalv10001469m.g	Caamp.0076s1447, Caamp.1031s0513
OG0006852	Thhalv10001453m.g	Caamp.1031s0514, Caamp.0076s1446
OG0006854	Thhalv10001407m.g	Caamp.0076s1437, Caamp.1031s0523
OG0006855	Thhalv10001296m.g	Caamp.1031s0531, Caamp.0076s1432
OG0006856	Thhalv10001307m.g	Caamp.0076s1431, Caamp.1031s0532
OG0006857	Thhalv10001327m.g	Caamp.0076s1425, Caamp.1031s0539
OG0006858	Thhalv10001299m.g	Caamp.0076s1424, Caamp.1031s0540
OG0006859	Thhalv10001621m.g	Caamp.0076s1419, Caamp.1031s0543
OG0006860	Thhalv10001581m.g, Thhalv10001575m.g	Caamp.1031s0545
OG0006861	Thhalv10001554m.g	Caamp.1031s0553, Caamp.0076s1417
OG0006862	Thhalv10001669m.g	Caamp.1031s0562, Caamp.0076s1410
OG0006863	Thhalv10001567m.g	Caamp.0076s1408, Caamp.1031s0565
OG0006864	Thhalv10001716m.g	Caamp.0076s1403, Caamp.1031s0569
OG0006865	Thhalv10006338m.g	Caamp.0095s0359, Caamp.0023s0310, Caamp.1031s0570
OG0006866	Thhalv10001440m.g	Caamp.1031s0571
OG0006866	Thhalv10001441m.g	Caamp.0076s1402
OG0006867	Thhalv10001491m.g	Caamp.0076s1400, Caamp.1031s0574
OG0006868	Thhalv10001483m.g	Caamp.0076s1399, Caamp.1031s0575
OG0006868	Thhalv10001484m.g	Caamp.0076s1398
OG0006869	Thhalv10001286m.g	Caamp.1031s0576, Caamp.0076s1396
OG0006870	Thhalv10001539m.g	Caamp.1031s0580, Caamp.0076s1392
OG0006871	Thhalv10001421m.g	Caamp.1031s0582, Caamp.0076s1390
OG0006872	Thhalv10001406m.g	Caamp.1031s0586, Caamp.0018s0004
OG0006873	Thhalv10001807m.g	Caamp.1031s0588, Caamp.0018s0006
OG0006874	Thhalv10001516m.g	Caamp.0018s0016, Caamp.1031s0598
OG0006875	Thhalv10001779m.g	Caamp.0018s0038, Caamp.1031s0618
OG0006876	Thhalv10001797m.g	Caamp.1031s0641, Caamp.0018s0056
OG0006877	Thhalv10001641m.g	Caamp.1031s0647, Caamp.0018s0063
OG0006878	Thhalv10001624m.g	Caamp.0018s0064, Caamp.1031s0648
OG0006879	Thhalv10001417m.g	Caamp.1031s0649, Caamp.0018s0065
OG0006880	Thhalv10001543m.g	Caamp.1031s0657, Caamp.0018s0072
OG0006881	Thhalv10001625m.g	Caamp.0018s0076, Caamp.1031s0662
OG0006882	Thhalv10001306m.g	Caamp.1031s0664, Caamp.0018s0080
OG0006883	Thhalv10001325m.g	Caamp.1031s0669, Caamp.0018s0086
OG0006884	Thhalv10001617m.g	Caamp.1031s0684, Caamp.0018s0100
OG0006885	Thhalv10001610m.g	Caamp.1031s0685, Caamp.0018s0101
OG0006886	Thhalv10001409m.g	Caamp.1031s0687, Caamp.0018s0103
OG0006887	Thhalv10001462m.g	Caamp.0018s0105, Caamp.1031s0689
OG0006888	Thhalv10001485m.g	Caamp.0018s0111, Caamp.1031s0695, Caamp.0018s0110
OG0006889	Thhalv10001303m.g	Caamp.0018s0125, Caamp.1031s0705
OG0006890	Thhalv10001611m.g	Caamp.1031s0711, Caamp.0018s0132
OG0006891	Thhalv10001448m.g	Caamp.1031s0731, Caamp.0018s0150
OG0006892	Thhalv10001508m.g	Caamp.1031s0738, Caamp.0018s0157
OG0006893	Thhalv10001342m.g	Caamp.0018s0166, Caamp.1031s0748
OG0006894	Thhalv10001507m.g	Caamp.0018s0185, Caamp.1031s0765
OG0006895	Thhalv10001664m.g	Caamp.1031s0770, Caamp.0018s0189
OG0006896	Thhalv10001533m.g	Caamp.1031s0783, Caamp.0018s0201
OG0006897	Thhalv10001373m.g	Caamp.1031s0790, Caamp.0018s0210
OG0006898	Thhalv10001568m.g	Caamp.0018s0217, Caamp.0018s0214, Caamp.1031s0794
OG0006899	Thhalv10001490m.g	Caamp.0018s0231, Caamp.1031s0809
OG0006900	Thhalv10001398m.g	Caamp.1031s0818, Caamp.0018s0241
OG0006901	Thhalv10001445m.g	Caamp.1031s0822, Caamp.0018s0245
OG0006902	Thhalv10001506m.g	Caamp.0018s0251, Caamp.1031s0827
OG0006903	Thhalv10001426m.g	Caamp.1031s0829, Caamp.0018s0253
OG0006904	Thhalv10001318m.g	Caamp.1031s0844, Caamp.0018s0269
OG0006905	Thhalv10001369m.g	Caamp.1031s0849, Caamp.0018s0274
OG0006906	Thhalv10001295m.g	Caamp.0018s0277, Caamp.1031s0852
OG0006907	Thhalv10001530m.g	Caamp.0018s0289, Caamp.1031s0860
OG0006908	Thhalv10001400m.g	Caamp.1031s0876, Caamp.0018s0304
OG0006909	Thhalv10001294m.g	Caamp.1031s0879, Caamp.0018s0307
OG0006910	Thhalv10001682m.g	Caamp.1031s0880, Caamp.0018s0308
OG0006911	Thhalv10001515m.g	Caamp.0018s0314, Caamp.1031s0885
OG0006912	Thhalv10001380m.g	Caamp.0018s0321, Caamp.1031s0893
OG0006913	Thhalv10001411m.g	Caamp.0018s0328, Caamp.1031s0899, Caamp.0018s0327
OG0006914	Thhalv10006329m.g	Caamp.0065s0199, Caamp.0023s0583, Caamp.1031s0918
OG0006915	Thhalv10001548m.g	Caamp.0018s0349, Caamp.1031s0920
OG0006916	Thhalv10001474m.g	Caamp.0018s0351, Caamp.1031s0922
OG0006917	Thhalv10001288m.g	Caamp.1031s0931, Caamp.0018s0358
OG0006918	Thhalv10001392m.g	Caamp.0018s0359, Caamp.1031s0933
OG0006919	Thhalv10001278m.g	Caamp.1031s0935, Caamp.0018s0361
OG0006920	Thhalv10001627m.g	Caamp.0018s0362, Caamp.1031s0936
OG0006921	Thhalv10001665m.g	Caamp.0018s0363, Caamp.1031s0937
OG0006922	Thhalv10001284m.g	Caamp.0018s0368, Caamp.1031s0945
OG0006923	Thhalv10006523m.g	Caamp.1033s0004, Caamp.0190s0125
OG0006924	Thhalv10006690m.g	Caamp.0190s0130, Caamp.1033s0009
OG0006926	Thhalv10009123m.g, Thhalv10019323m.g	Caamp.0190s0132, Caamp.1033s0012
OG0006927	Thhalv10006965m.g	Caamp.0190s0134, Caamp.1033s0014
OG0006928	Thhalv10006746m.g	Caamp.0190s0141, Caamp.1033s0023
OG0006929	Thhalv10008543m.g	Caamp.0190s0144, Caamp.1033s0026
OG0006930	Thhalv10009164m.g	Caamp.0190s0145, Caamp.1033s0027
OG0006931	Thhalv10008190m.g	Caamp.0190s0146, Caamp.1033s0028
OG0006932	Thhalv10008385m.g	Caamp.0190s0149, Caamp.1033s0029
OG0006933	Thhalv10008805m.g	Caamp.1033s0030, Caamp.0190s0150
OG0006934	Thhalv10008753m.g	Caamp.0190s0154, Caamp.1033s0035
OG0006935	Thhalv10009593m.g	Caamp.1033s0041, Caamp.0037s0324
OG0006936	Thhalv10007136m.g	Caamp.0037s0328, Caamp.1033s0047
OG0006937	Thhalv10006527m.g	Caamp.1033s0051, Caamp.0037s0332
OG0006938	Thhalv10007944m.g	Caamp.1033s0053, Caamp.0037s0334
OG0006939	Thhalv10026368m.g, Thhalv10015765m.g	Caamp.1033s0061, Caamp.0003s0624
OG0006940	Thhalv10008416m.g	Caamp.1033s0070, Caamp.0037s0354
OG0006941	Thhalv10008357m.g	Caamp.1033s0073, Caamp.0037s0357
OG0006942	Thhalv10007015m.g	Caamp.0037s0375, Caamp.1033s0090
OG0006943	Thhalv10008961m.g	Caamp.0037s0376, Caamp.1033s0095
OG0006944	Thhalv10006740m.g	Caamp.0037s0379, Caamp.1033s0099
OG0006945	Thhalv10007128m.g	Caamp.1033s0103, Caamp.0037s0383
OG0006946	Thhalv10009167m.g	Caamp.1033s0105, Caamp.0037s0385
OG0006947	Thhalv10009321m.g	Caamp.1033s0107, Caamp.0037s0387
OG0006948	Thhalv10006903m.g	Caamp.0037s0389, Caamp.1033s0112
OG0006949	Thhalv10007396m.g	Caamp.1033s0118, Caamp.0037s0395
OG0006950	Thhalv10006737m.g	Caamp.1033s0123, Caamp.0037s0401
OG0006951	Thhalv10006618m.g	Caamp.1033s0131, Caamp.0037s0406
OG0006952	Thhalv10007812m.g	Caamp.0037s0408, Caamp.1033s0133
OG0006953	Thhalv10006897m.g	Caamp.0037s0409, Caamp.1033s0134
OG0006954	Thhalv10009651m.g	Caamp.1033s0138, Caamp.0037s0413
OG0006956	Thhalv10007442m.g	Caamp.1033s0145, Caamp.0037s0420
OG0006957	Thhalv10009186m.g	Caamp.0037s0421, Caamp.1033s0146
OG0006958	Thhalv10007274m.g	Caamp.1033s0154, Caamp.0037s0436
OG0006959	Thhalv10009103m.g	Caamp.1033s0157, Caamp.0037s0439
OG0006960	Thhalv10008293m.g	Caamp.0037s0449, Caamp.1033s0166
OG0006961	Thhalv10007246m.g	Caamp.1033s0168, Caamp.0037s0452
OG0006962	Thhalv10006956m.g	Caamp.1033s0177, Caamp.0037s0461
OG0006963	Thhalv10008227m.g	Caamp.0037s0462, Caamp.1033s0178
OG0006964	Thhalv10008512m.g	Caamp.0037s0464, Caamp.1033s0180, Caamp.1033s1016
OG0006965	Thhalv10009461m.g	Caamp.1036s0383, Caamp.0037s0470, Caamp.1033s0188
OG0006966	Thhalv10007309m.g	Caamp.0037s0471, Caamp.1033s0189
OG0006967	Thhalv10008192m.g	Caamp.1033s0203, Caamp.0037s0488
OG0006968	Thhalv10007419m.g	Caamp.1033s0215, Caamp.0037s0499
OG0006969	Thhalv10009684m.g	Caamp.1033s0222, Caamp.0037s0507
OG0006970	Thhalv10007340m.g	Caamp.1033s0233, Caamp.0037s0516
OG0006971	Thhalv10007854m.g	Caamp.1033s0234, Caamp.0037s0517
OG0006972	Thhalv10008900m.g	Caamp.0037s0529, Caamp.1033s0244
OG0006973	Thhalv10008398m.g	Caamp.1033s0251, Caamp.0037s0537
OG0006974	Thhalv10008717m.g	Caamp.0037s0539, Caamp.1033s0253
OG0006975	Thhalv10007037m.g, Thhalv10009623m.g	Caamp.1033s0254, Caamp.0037s0540
OG0006976	Thhalv10009887m.g	Caamp.0037s0541, Caamp.1033s0255
OG0006977	Thhalv10009600m.g	Caamp.0037s0566, Caamp.1033s0278
OG0006978	Thhalv10009109m.g	Caamp.0303s0978, Caamp.1033s0279, Caamp.0037s0567
OG0006979	Thhalv10007454m.g	Caamp.0037s0573, Caamp.1033s0284
OG0006980	Thhalv10007071m.g	Caamp.1033s0288, Caamp.0037s0577
OG0006981	Thhalv10007696m.g	Caamp.0037s0587, Caamp.1033s0300
OG0006983	Thhalv10006992m.g	Caamp.1033s0309, Caamp.0037s0596
OG0006984	Thhalv10008520m.g	Caamp.0037s0599, Caamp.1033s0312
OG0006985	Thhalv10006899m.g	Caamp.1033s0313, Caamp.0037s0600
OG0006986	Thhalv10008252m.g	Caamp.0037s0608, Caamp.1033s0319
OG0006987	Thhalv10007551m.g	Caamp.1033s0322, Caamp.0037s0610
OG0006988	Thhalv10007065m.g	Caamp.1033s0323
OG0006989	Thhalv10007483m.g	Caamp.1033s0329, Caamp.0037s0618
OG0006990	Thhalv10008210m.g	Caamp.0037s0628, Caamp.1033s0336
OG0006991	Thhalv10007057m.g	Caamp.1033s0339, Caamp.0037s0629
OG0006992	Thhalv10006840m.g	Caamp.0037s0632, Caamp.1033s0344
OG0006993	Thhalv10008403m.g	Caamp.0037s0633, Caamp.1033s0345
OG0006994	Thhalv10009714m.g	Caamp.0303s1366
OG0006994	Thhalv10009039m.g	Caamp.1033s0350
OG0006995	Thhalv10008680m.g	Caamp.0037s0642, Caamp.1033s0357
OG0006996	Thhalv10008447m.g	Caamp.0037s0646, Caamp.1033s0360
OG0006997	Thhalv10009495m.g	Caamp.0037s0651, Caamp.1033s0367
OG0006999	Thhalv10009392m.g	Caamp.1033s0375, Caamp.0037s0660
OG0007000	Thhalv10017116m.g	Caamp.1033s0381, Caamp.0013s0015
OG0007001	Thhalv10007427m.g	Caamp.0037s0667, Caamp.1033s0387
OG0007002	Thhalv10006539m.g	Caamp.1033s0391
OG0007003	Thhalv10007147m.g	Caamp.0070s0109, Caamp.1033s0406
OG0007004	Thhalv10006654m.g	Caamp.0070s0116, Caamp.1033s0414
OG0007005	Thhalv10007882m.g	Caamp.1033s0418
OG0007006	Thhalv10007832m.g	Caamp.1033s0419
OG0007007	Thhalv10007763m.g	Caamp.1033s0428, Caamp.0070s0106
OG0007008	Thhalv10006966m.g	Caamp.1033s0430, Caamp.0070s0104
OG0007009	Thhalv10008910m.g	Caamp.0070s0098, Caamp.1033s0437
OG0007010	Thhalv10007594m.g	Caamp.1033s0445, Caamp.0070s0092
OG0007011	Thhalv10009209m.g	Caamp.0070s0087, Caamp.1033s0450
OG0007012	Thhalv10010032m.g	Caamp.1033s0455, Caamp.0070s0083
OG0007013	Thhalv10009862m.g	Caamp.0070s0082, Caamp.1033s0456
OG0007014	Thhalv10006638m.g	Caamp.0070s0081, Caamp.1033s0457
OG0007015	Thhalv10005951m.g	Caamp.1033s0461, Caamp.0023s0633, Caamp.0065s0241
OG0007016	Thhalv10006961m.g	Caamp.0120s0764, Caamp.0070s0074, Caamp.1033s0465
OG0007017	Thhalv10006834m.g	Caamp.0070s0061, Caamp.1033s0478
OG0007018	Thhalv10008446m.g	Caamp.0070s0054, Caamp.1033s0486
OG0007019	Thhalv10008463m.g	Caamp.1033s0490, Caamp.0070s0050
OG0007020	Thhalv10008557m.g	Caamp.1033s0491, Caamp.0070s0049
OG0007021	Thhalv10007204m.g	Caamp.1033s0497, Caamp.0070s0045
OG0007022	Thhalv10009792m.g	Caamp.0070s0044, Caamp.1033s0498
OG0007023	Thhalv10006751m.g	Caamp.0070s0043, Caamp.1033s0499
OG0007024	Thhalv10008255m.g	Caamp.0070s0040, Caamp.1033s0502
OG0007025	Thhalv10009849m.g	Caamp.1033s0503, Caamp.0070s0039
OG0007026	Thhalv10008213m.g	Caamp.1033s0504, Caamp.0070s0038
OG0007027	Thhalv10007105m.g	Caamp.0070s0031, Caamp.1033s0515
OG0007028	Thhalv10008366m.g	Caamp.0070s0027, Caamp.1033s0519
OG0007029	Thhalv10008249m.g	Caamp.0004s0282, Caamp.1033s0523, Caamp.0070s0023
OG0007030	Thhalv10007498m.g	Caamp.1033s0529, Caamp.0070s0018
OG0007031	Thhalv10007612m.g	Caamp.1033s0540, Caamp.0070s0004
OG0007032	Thhalv10009545m.g	Caamp.1033s0550, Caamp.0078s0608
OG0007033	Thhalv10007896m.g	Caamp.1033s0551, Caamp.0078s0607
OG0007034	Thhalv10009065m.g	Caamp.0078s0606, Caamp.1033s0552
OG0007035	Thhalv10008967m.g	Caamp.0078s0605, Caamp.1033s0553
OG0007036	Thhalv10007940m.g	Caamp.1033s0557, Caamp.0078s0600
OG0007037	Thhalv10008921m.g	Caamp.0078s0599, Caamp.1033s0558
OG0007038	Thhalv10008836m.g	Caamp.0078s0594, Caamp.1033s0562
OG0007039	Thhalv10007651m.g	Caamp.1033s0575, Caamp.0078s0581
OG0007040	Thhalv10008757m.g	Caamp.0078s0580, Caamp.1033s0576
OG0007041	Thhalv10006853m.g	Caamp.1033s0577, Caamp.0078s0579
OG0007042	Thhalv10008139m.g	Caamp.0078s0577, Caamp.1033s0579
OG0007043	Thhalv10006673m.g	Caamp.1033s0584, Caamp.0078s0566
OG0007044	Thhalv10003459m.g	Caamp.0078s0563, Caamp.1033s0587
OG0007045	Thhalv10008973m.g	Caamp.0007s0003, Caamp.1033s0595
OG0007046	Thhalv10008588m.g	Caamp.0007s0007, Caamp.1033s0598
OG0007047	Thhalv10006968m.g	Caamp.1033s0601, Caamp.0007s0009
OG0007048	Thhalv10009054m.g	Caamp.1033s0602, Caamp.0007s0010
OG0007049	Thhalv10007994m.g	Caamp.1033s0603, Caamp.0007s0011
OG0007050	Thhalv10006670m.g	Caamp.1033s0610
OG0007051	Thhalv10007317m.g	Caamp.0007s0017, Caamp.1033s0611
OG0007052	Thhalv10010017m.g	Caamp.1033s0615, Caamp.0007s0021
OG0007053	Thhalv10007421m.g	Caamp.0007s0022, Caamp.1033s0616
OG0007054	Thhalv10007315m.g	Caamp.1033s0619, Caamp.0007s0024
OG0007055	Thhalv10009098m.g	Caamp.1033s0620, Caamp.0007s0025
OG0007056	Thhalv10009672m.g	Caamp.0007s0026, Caamp.1033s0621
OG0007057	Thhalv10008933m.g	Caamp.0003s0690, Caamp.1033s0631
OG0007058	Thhalv10009933m.g	Caamp.1033s0634, Caamp.0003s0795
OG0007059	Thhalv10007784m.g	Caamp.1033s0635, Caamp.0007s0035
OG0007060	Thhalv10007084m.g	Caamp.0007s0037, Caamp.1033s0637
OG0007061	Thhalv10007915m.g	Caamp.1033s0651, Caamp.0007s0051
OG0007062	Thhalv10008175m.g	Caamp.1033s0652, Caamp.0007s0052
OG0007063	Thhalv10006813m.g	Caamp.0007s0055, Caamp.1033s0656
OG0007064	Thhalv10009968m.g	Caamp.0007s0056, Caamp.1033s0657
OG0007065	Thhalv10008197m.g	Caamp.1033s0662, Caamp.0007s0061
OG0007066	Thhalv10006836m.g	Caamp.1033s0679, Caamp.0007s0071
OG0007067	Thhalv10008915m.g	Caamp.1033s0680
OG0007068	Thhalv10009032m.g	Caamp.1033s0683, Caamp.0007s0075
OG0007069	Thhalv10007919m.g	Caamp.1033s0684, Caamp.0007s0076
OG0007070	Thhalv10007264m.g	Caamp.1033s0686, Caamp.0007s0078
OG0007071	Thhalv10008046m.g	Caamp.1033s0688, Caamp.0007s0080
OG0007072	Thhalv10007733m.g	Caamp.0007s0086, Caamp.1033s0692
OG0007073	Thhalv10007242m.g	Caamp.0007s0090, Caamp.1033s0698
OG0007074	Thhalv10007691m.g	Caamp.0007s0091, Caamp.1033s0699
OG0007075	Thhalv10006950m.g	Caamp.1033s0701, Caamp.0007s0093
OG0007076	Thhalv10007341m.g	Caamp.1033s0703
OG0007077	Thhalv10007327m.g	Caamp.0007s0101, Caamp.1033s0711
OG0007078	Thhalv10009325m.g	Caamp.1033s0715, Caamp.0078s0019
OG0007079	Thhalv10008211m.g	Caamp.1033s0719, Caamp.0007s0107
OG0007080	Thhalv10006896m.g	Caamp.0007s0111, Caamp.1033s0723
OG0007081	Thhalv10009126m.g	Caamp.1033s0725, Caamp.0007s0113
OG0007082	Thhalv10007654m.g	Caamp.0007s0119, Caamp.1033s0729
OG0007083	Thhalv10008085m.g	Caamp.0007s0123, Caamp.1033s0733
OG0007084	Thhalv10009789m.g	Caamp.1033s0735
OG0007085	Thhalv10007669m.g	Caamp.1033s0736, Caamp.0007s0125
OG0007086	Thhalv10009859m.g	Caamp.1033s0740, Caamp.0007s0135
OG0007087	Thhalv10007962m.g, Thhalv10009483m.g	Caamp.1033s0741, Caamp.0007s0136
OG0007088	Thhalv10008369m.g	Caamp.0007s0139, Caamp.1033s0743
OG0007089	Thhalv10009828m.g	Caamp.1033s0745, Caamp.0007s0141
OG0007090	Thhalv10008917m.g	Caamp.1033s0748, Caamp.0007s0147
OG0007091	Thhalv10007328m.g	Caamp.1033s0755, Caamp.0007s0156
OG0007092	Thhalv10007149m.g	Caamp.0007s0157, Caamp.1033s0756
OG0007093	Thhalv10007690m.g	Caamp.1033s0758, Caamp.0007s0159
OG0007094	Thhalv10009724m.g, Thhalv10008233m.g	Caamp.0007s0161, Caamp.1033s0760
OG0007095	Thhalv10007183m.g	Caamp.0007s0162, Caamp.1033s0761
OG0007097	Thhalv10007604m.g	Caamp.1033s0767, Caamp.0007s0168
OG0007098	Thhalv10006982m.g, Thhalv10007005m.g	Caamp.1033s0768
OG0007099	Thhalv10007138m.g	Caamp.1033s0779, Caamp.0007s0177
OG0007100	Thhalv10008962m.g	Caamp.0007s0190, Caamp.1033s0799
OG0007101	Thhalv10007300m.g	Caamp.0007s0191, Caamp.1033s0800
OG0007102	Thhalv10007801m.g	Caamp.0007s0195, Caamp.1033s0806
OG0007103	Thhalv10007389m.g	Caamp.1033s0808, Caamp.0007s0197
OG0007104	Thhalv10008495m.g	Caamp.1033s0812, Caamp.0007s0200
OG0007105	Thhalv10007423m.g	Caamp.1033s0813, Caamp.0007s0201
OG0007106	Thhalv10008109m.g	Caamp.1033s0816, Caamp.0007s0204
OG0007107	Thhalv10006703m.g	Caamp.1033s0819, Caamp.0007s0206
OG0007108	Thhalv10007722m.g	Caamp.1033s0820, Caamp.0007s0207
OG0007109	Thhalv10007540m.g	Caamp.0007s0208, Caamp.1033s0821
OG0007110	Thhalv10008414m.g	Caamp.1033s0827, Caamp.0007s0214
OG0007111	Thhalv10009436m.g	Caamp.1033s0830, Caamp.0007s0217
OG0007112	Thhalv10007022m.g	Caamp.0007s0221, Caamp.1033s0833
OG0007113	Thhalv10007908m.g	Caamp.0007s0226, Caamp.1033s0835
OG0007114	Thhalv10008887m.g	Caamp.1033s0856, Caamp.0007s0241
OG0007115	Thhalv10009063m.g	Caamp.1033s0860, Caamp.0007s0245
OG0007116	Thhalv10008750m.g	Caamp.0007s0248, Caamp.1033s0864
OG0007117	Thhalv10008231m.g	Caamp.0007s0251, Caamp.1033s0867
OG0007118	Thhalv10008028m.g	Caamp.1033s0871, Caamp.0007s0259
OG0007119	Thhalv10006636m.g	Caamp.1033s0874
OG0007120	Thhalv10007089m.g	Caamp.0007s0264, Caamp.1033s0877
OG0007121	Thhalv10008040m.g	Caamp.1033s0888
OG0007122	Thhalv10006985m.g	Caamp.1033s0890, Caamp.0007s0271
OG0007123	Thhalv10007000m.g	Caamp.1033s0898, Caamp.0007s0286
OG0007124	Thhalv10009865m.g	Caamp.1033s0910, Caamp.0007s0296
OG0007125	Thhalv10007834m.g	Caamp.1033s0914, Caamp.0007s0297
OG0007126	Thhalv10008542m.g	Caamp.1033s0916, Caamp.0007s0298
OG0007127	Thhalv10007836m.g	Caamp.0007s0302, Caamp.1033s0919
OG0007128	Thhalv10007132m.g	Caamp.1033s0920, Caamp.0007s0303
OG0007129	Thhalv10008315m.g	Caamp.0007s0304, Caamp.1033s0922
OG0007130	Thhalv10008489m.g	Caamp.0007s0305, Caamp.1033s0923
OG0007131	Thhalv10027298m.g, Thhalv10007601m.g	Caamp.0007s0309, Caamp.1033s0927
OG0007132	Thhalv10007504m.g	Caamp.0007s0310, Caamp.1033s0928
OG0007133	Thhalv10009075m.g	Caamp.0007s0321, Caamp.1033s0938
OG0007134	Thhalv10007976m.g	Caamp.1033s0939
OG0007135	Thhalv10007455m.g	Caamp.0007s0340, Caamp.1033s0944
OG0007136	Thhalv10008092m.g	Caamp.0007s0341, Caamp.1033s0945
OG0007137	Thhalv10007196m.g	Caamp.0007s0357, Caamp.1033s0969
OG0007138	Thhalv10007515m.g	Caamp.1033s0977, Caamp.0007s0365
OG0007139	Thhalv10006568m.g	Caamp.1033s0981, Caamp.0007s0370
OG0007140	Thhalv10006981m.g	Caamp.1033s0987, Caamp.0007s0375
OG0007141	Thhalv10009671m.g	Caamp.0007s0376, Caamp.1033s0988
OG0007142	Thhalv10001817m.g	Caamp.1033s0990, Caamp.0007s0384
OG0007143	Thhalv10001836m.g	Caamp.0007s0389, Caamp.1033s0995
OG0007144	Thhalv10001826m.g	Caamp.1033s1001
OG0007145	Thhalv10001825m.g	Caamp.1033s1033, Caamp.0008s0003
OG0007147	Thhalv10001813m.g	Caamp.1033s1043, Caamp.0008s0014
OG0007148	Thhalv10001814m.g	Caamp.1033s1048, Caamp.0008s0021
OG0007149	Thhalv10010385m.g	Caamp.1033s1049, Caamp.0008s0022
OG0007150	Thhalv10001828m.g	Caamp.1033s1061, Caamp.0008s0039
OG0007152	Thhalv10003455m.g	Caamp.0008s0044, Caamp.1033s1066
OG0007153	Thhalv10004889m.g	Caamp.0033s0384, Caamp.1035s0007
OG0007154	Thhalv10004292m.g	Caamp.0033s0383, Caamp.1035s0009
OG0007155	Thhalv10004869m.g	Caamp.1035s0010, Caamp.0033s0382
OG0007156	Thhalv10003700m.g	Caamp.0033s0368, Caamp.1035s0022
OG0007157	Thhalv10004676m.g	Caamp.0033s0366, Caamp.1035s0024
OG0007158	Thhalv10003693m.g	Caamp.1035s0030, Caamp.0033s0361
OG0007159	Thhalv10004607m.g	Caamp.0033s0360, Caamp.1035s0031
OG0007160	Thhalv10004691m.g	Caamp.0033s0340, Caamp.1035s0053
OG0007161	Thhalv10004091m.g	Caamp.0033s0337
OG0007161	Thhalv10010344m.g	Caamp.1035s0056
OG0007162	Thhalv10003578m.g	Caamp.0033s0320, Caamp.1035s0069
OG0007163	Thhalv10004532m.g	Caamp.1035s0083, Caamp.0033s0313
OG0007164	Thhalv10005373m.g	Caamp.0033s0305, Caamp.1035s0091
OG0007165	Thhalv10003671m.g	Caamp.1035s0097, Caamp.0033s0300
OG0007166	Thhalv10003796m.g	Caamp.1035s0099, Caamp.0033s0298
OG0007167	Thhalv10004645m.g	Caamp.0033s0282, Caamp.1035s0113
OG0007168	Thhalv10004890m.g	Caamp.1035s0119
OG0007168	Thhalv10014635m.g	Caamp.0033s0276
OG0007169	Thhalv10005495m.g	Caamp.1035s0130, Caamp.0033s0267
OG0007170	Thhalv10028830m.g	Caamp.1035s0139, Caamp.0033s0259
OG0007171	Thhalv10005159m.g	Caamp.1035s0143, Caamp.0033s0256
OG0007172	Thhalv10004092m.g	Caamp.0033s0238, Caamp.1035s0168
OG0007173	Thhalv10004101m.g	Caamp.0033s0224, Caamp.1035s0187
OG0007174	Thhalv10004118m.g, Thhalv10005066m.g	Caamp.1035s0196, Caamp.0033s0217
OG0007175	Thhalv10003522m.g	Caamp.0033s0207, Caamp.1035s0205
OG0007176	Thhalv10003637m.g	Caamp.1035s0207, Caamp.0033s0204
OG0007177	Thhalv10005167m.g	Caamp.1035s0211, Caamp.0033s0199
OG0007178	Thhalv10003710m.g	Caamp.1035s0214, Caamp.0033s0196
OG0007179	Thhalv10004757m.g	Caamp.0033s0186, Caamp.1035s0223
OG0007180	Thhalv10005060m.g	Caamp.0033s0182, Caamp.1035s0228
OG0007181	Thhalv10004233m.g	Caamp.1035s0234, Caamp.0033s0173
OG0007182	Thhalv10003868m.g	Caamp.0033s0169, Caamp.1035s0237
OG0007183	Thhalv10005005m.g	Caamp.0033s0168, Caamp.1035s0238
OG0007184	Thhalv10003558m.g	Caamp.0033s0160, Caamp.1035s0247
OG0007185	Thhalv10004035m.g	Caamp.0033s0155, Caamp.1035s0253
OG0007186	Thhalv10004310m.g	Caamp.0033s0153, Caamp.1035s0255
OG0007187	Thhalv10004234m.g	Caamp.0033s0150, Caamp.1035s0257
OG0007188	Thhalv10003620m.g	Caamp.0033s0146, Caamp.1035s0259
OG0007189	Thhalv10004334m.g	Caamp.1035s0260, Caamp.0033s0145
OG0007190	Thhalv10004833m.g	Caamp.0033s0141, Caamp.1035s0264
OG0007191	Thhalv10003726m.g	Caamp.1035s0265, Caamp.0033s0140
OG0007192	Thhalv10003898m.g	Caamp.1035s0266, Caamp.0033s0137
OG0007193	Thhalv10004212m.g	Caamp.0033s0131, Caamp.1035s0272
OG0007194	Thhalv10003815m.g	Caamp.0033s0123, Caamp.1035s0281
OG0007195	Thhalv10003983m.g	Caamp.1035s0297, Caamp.0033s0108
OG0007196	Thhalv10003590m.g	Caamp.0033s0105, Caamp.1035s0300
OG0007197	Thhalv10004713m.g	Caamp.0033s0102, Caamp.1035s0304
OG0007198	Thhalv10004204m.g	Caamp.1035s0306, Caamp.0033s0100
OG0007199	Thhalv10004093m.g	Caamp.1035s0312, Caamp.0033s0091
OG0007200	Thhalv10023776m.g	Caamp.1035s0313, Caamp.0033s0088
OG0007201	Thhalv10004971m.g	Caamp.0033s0087, Caamp.1035s0314
OG0007202	Thhalv10003871m.g	Caamp.0033s0086, Caamp.1035s0315
OG0007203	Thhalv10005608m.g	Caamp.0033s0085, Caamp.1035s0316
OG0007204	Thhalv10004512m.g	Caamp.0033s0081, Caamp.1035s0321
OG0007205	Thhalv10004836m.g	Caamp.0033s0073, Caamp.1035s0330
OG0007206	Thhalv10005054m.g	Caamp.1035s0334, Caamp.0033s0070
OG0007207	Thhalv10003977m.g	Caamp.1035s0335, Caamp.0033s0069
OG0007208	Thhalv10005715m.g	Caamp.1035s0344, Caamp.0033s0058
OG0007209	Thhalv10003777m.g	Caamp.0033s0056, Caamp.1035s0345
OG0007210	Thhalv10004798m.g	Caamp.1035s0347, Caamp.0033s0053, Caamp.0005s0299
OG0007211	Thhalv10003849m.g	Caamp.0033s0050, Caamp.1035s0350
OG0007212	Thhalv10003967m.g	Caamp.1035s0352, Caamp.0033s0048
OG0007213	Thhalv10004619m.g	Caamp.0033s0034, Caamp.1035s0366
OG0007214	Thhalv10005590m.g	Caamp.0033s0031, Caamp.1035s0368
OG0007215	Thhalv10004487m.g	Caamp.1035s0371, Caamp.0033s0028
OG0007217	Thhalv10004621m.g	Caamp.1035s0376, Caamp.0033s0024
OG0007218	Thhalv10004345m.g	Caamp.0033s0011, Caamp.1035s0389
OG0007219	Thhalv10003653m.g	Caamp.1035s0413, Caamp.0120s1004
OG0007220	Thhalv10003854m.g	Caamp.1035s0414, Caamp.0097s0315
OG0007221	Thhalv10005606m.g	Caamp.0120s0995, Caamp.1035s0422
OG0007222	Thhalv10004123m.g, Thhalv10004141m.g	Caamp.1035s0425, Caamp.0120s0992
OG0007223	Thhalv10004503m.g	Caamp.0120s0987, Caamp.1035s0430
OG0007224	Thhalv10004707m.g	Caamp.0120s0986, Caamp.1035s0431
OG0007225	Thhalv10005259m.g	Caamp.1035s0445, Caamp.0120s0976
OG0007226	Thhalv10005349m.g	Caamp.1035s0453, Caamp.0120s0969
OG0007227	Thhalv10003570m.g	Caamp.1035s0460, Caamp.0120s0964
OG0007228	Thhalv10004550m.g	Caamp.0120s0959, Caamp.1035s0464
OG0007229	Thhalv10020921m.g, Thhalv10004255m.g	Caamp.0120s0950, Caamp.1035s0474
OG0007230	Thhalv10004587m.g	Caamp.0120s0945, Caamp.1035s0483
OG0007231	Thhalv10003787m.g	Caamp.1035s0495, Caamp.0120s0931
OG0007232	Thhalv10003875m.g	Caamp.0120s0930, Caamp.1035s0496
OG0007233	Thhalv10003822m.g	Caamp.1035s0499, Caamp.0120s0927
OG0007234	Thhalv10004440m.g	Caamp.0120s0923, Caamp.1035s0503
OG0007235	Thhalv10003978m.g	Caamp.1035s0517, Caamp.0120s0791
OG0007236	Thhalv10003683m.g	Caamp.0120s0794, Caamp.1035s0519
OG0007237	Thhalv10003502m.g	Caamp.1035s0520, Caamp.0120s0795
OG0007238	Thhalv10004504m.g	Caamp.0120s0797, Caamp.1035s0521
OG0007239	Thhalv10004891m.g	Caamp.0120s0810, Caamp.1035s0529
OG0007240	Thhalv10005042m.g	Caamp.1035s0533, Caamp.0120s0814
OG0007241	Thhalv10005218m.g	Caamp.0120s0815, Caamp.1035s0534
OG0007242	Thhalv10004166m.g	Caamp.1035s0535, Caamp.0120s0821
OG0007243	Thhalv10005713m.g	Caamp.1035s0543, Caamp.0120s0830
OG0007244	Thhalv10004859m.g	Caamp.1035s0548, Caamp.0120s0836
OG0007245	Thhalv10005649m.g	Caamp.1035s0549, Caamp.0120s0837
OG0007246	Thhalv10003612m.g	Caamp.1035s0551, Caamp.0120s0840
OG0007247	Thhalv10003707m.g	Caamp.0120s0841, Caamp.1035s0552
OG0007248	Thhalv10004537m.g	Caamp.1035s0556, Caamp.0120s0845
OG0007249	Thhalv10004940m.g	Caamp.1035s0558, Caamp.0120s0847
OG0007250	Thhalv10003616m.g	Caamp.1035s0561, Caamp.0120s0851
OG0007251	Thhalv10004719m.g	Caamp.1035s0567, Caamp.0120s0855
OG0007252	Thhalv10003991m.g	Caamp.1035s0570, Caamp.0120s0858
OG0007253	Thhalv10005052m.g	Caamp.0120s0865, Caamp.1035s0576
OG0007254	Thhalv10005472m.g	Caamp.0120s0871, Caamp.1035s0581
OG0007255	Thhalv10003718m.g	Caamp.1035s0587, Caamp.0120s0876
OG0007256	Thhalv10004329m.g	Caamp.0120s0879, Caamp.1035s0591
OG0007257	Thhalv10004781m.g	Caamp.0120s0880, Caamp.1035s0594
OG0007258	Thhalv10005641m.g	Caamp.1035s0599, Caamp.0120s0885
OG0007259	Thhalv10005272m.g	Caamp.0120s0887, Caamp.1035s0601
OG0007260	Thhalv10004057m.g	Caamp.0120s0889, Caamp.1035s0602
OG0007261	Thhalv10004348m.g	Caamp.1035s0609, Caamp.0120s0897
OG0007262	Thhalv10004338m.g	Caamp.1035s0610, Caamp.0120s0898
OG0007263	Thhalv10004795m.g	Caamp.0120s0903, Caamp.1035s0617
OG0007264	Thhalv10005540m.g, Thhalv10005475m.g	Caamp.0120s0908, Caamp.1035s0622
OG0007265	Thhalv10015806m.g, Thhalv10004801m.g	Caamp.1035s0629, Caamp.0120s0915
OG0007266	Thhalv10003894m.g	Caamp.0120s0783, Caamp.1035s0634
OG0007267	Thhalv10005511m.g	Caamp.0275s0045, Caamp.0120s0781, Caamp.1035s0636
OG0007268	Thhalv10004630m.g	Caamp.1035s0639, Caamp.0120s0776
OG0007269	Thhalv10003520m.g	Caamp.1035s0648, Caamp.0120s0766
OG0007270	Thhalv10004701m.g	Caamp.1035s0650, Caamp.0120s0758
OG0007271	Thhalv10003765m.g	Caamp.1035s0664, Caamp.0120s0744
OG0007272	Thhalv10004902m.g	Caamp.0120s0740, Caamp.1035s0668
OG0007273	Thhalv10004250m.g	Caamp.1035s0681, Caamp.0120s0731
OG0007274	Thhalv10003804m.g, Thhalv10016005m.g	Caamp.0120s0725, Caamp.1035s0687
OG0007275	Thhalv10003828m.g	Caamp.0120s0718, Caamp.1035s0692
OG0007276	Thhalv10004442m.g	Caamp.0120s0709, Caamp.1035s0699
OG0007277	Thhalv10005026m.g	Caamp.1035s0702, Caamp.0120s0707
OG0007278	Thhalv10004060m.g	Caamp.1035s0704, Caamp.0120s0705
OG0007279	Thhalv10005188m.g	Caamp.0120s0699, Caamp.1035s0710
OG0007280	Thhalv10004282m.g	Caamp.1035s0715, Caamp.0120s0694
OG0007281	Thhalv10005728m.g	Caamp.1035s0721, Caamp.0120s0688
OG0007282	Thhalv10003585m.g	Caamp.1035s0733, Caamp.0120s0675
OG0007283	Thhalv10015698m.g	Caamp.1041s1175
OG0007283	Thhalv10005364m.g	Caamp.0120s0667, Caamp.1035s0740
OG0007284	Thhalv10003643m.g	Caamp.1035s0757, Caamp.0120s0653
OG0007285	Thhalv10004904m.g	Caamp.0120s0645, Caamp.1035s0765
OG0007286	Thhalv10004284m.g	Caamp.1035s0768, Caamp.0120s0642
OG0007287	Thhalv10005106m.g	Caamp.1035s0772, Caamp.0120s0638
OG0007288	Thhalv10003717m.g	Caamp.0120s0637, Caamp.1035s0773
OG0007289	Thhalv10004900m.g	Caamp.1035s0774, Caamp.0120s0636
OG0007290	Thhalv10005163m.g	Caamp.0120s0635, Caamp.1035s0775
OG0007291	Thhalv10004301m.g	Caamp.0120s0633, Caamp.1035s0777
OG0007292	Thhalv10004450m.g	Caamp.1035s0778, Caamp.0120s0632
OG0007293	Thhalv10004552m.g	Caamp.0120s0621, Caamp.1035s0785
OG0007294	Thhalv10003725m.g	Caamp.1035s0791, Caamp.0120s0617
OG0007295	Thhalv10003651m.g	Caamp.1035s0794, Caamp.0120s0614
OG0007296	Thhalv10005593m.g	Caamp.0120s0612, Caamp.1035s0796
OG0007297	Thhalv10004624m.g	Caamp.1035s0797, Caamp.0120s0609
OG0007298	Thhalv10003550m.g	Caamp.1035s0802, Caamp.0120s0602
OG0007299	Thhalv10004669m.g	Caamp.1035s0812, Caamp.0120s0591
OG0007300	Thhalv10004245m.g	Caamp.1035s0826, Caamp.0120s0579
OG0007301	Thhalv10003596m.g	Caamp.0120s0575, Caamp.1035s0830
OG0007302	Thhalv10004765m.g	Caamp.1035s0847, Caamp.0120s0561
OG0007303	Thhalv10004565m.g	Caamp.1035s0848, Caamp.0120s0560
OG0007304	Thhalv10003956m.g	Caamp.0120s0559, Caamp.1035s0849
OG0007305	Thhalv10004135m.g	Caamp.0120s0557, Caamp.1035s0853
OG0007306	Thhalv10004511m.g	Caamp.0120s0555, Caamp.1035s0855
OG0007307	Thhalv10003569m.g	Caamp.1035s0858, Caamp.0120s0552
OG0007308	Thhalv10004958m.g	Caamp.1035s0876, Caamp.0120s0539
OG0007309	Thhalv10004943m.g	Caamp.1035s0877, Caamp.0120s0538
OG0007310	Thhalv10003748m.g	Caamp.1035s0891, Caamp.0120s0523
OG0007311	Thhalv10004435m.g	Caamp.0120s0522, Caamp.1035s0892
OG0007312	Thhalv10005603m.g	Caamp.1035s0895, Caamp.0120s0519
OG0007313	Thhalv10004506m.g	Caamp.1035s0896, Caamp.0120s0518
OG0007314	Thhalv10004951m.g	Caamp.0120s0516, Caamp.1035s0898
OG0007315	Thhalv10003947m.g	Caamp.1035s0907, Caamp.0120s0507
OG0007316	Thhalv10004825m.g	Caamp.0027s0112, Caamp.1035s0911
OG0007317	Thhalv10004302m.g	Caamp.0120s0503, Caamp.1035s0913
OG0007318	Thhalv10003750m.g	Caamp.0120s0499, Caamp.1035s0917
OG0007319	Thhalv10003714m.g	Caamp.0120s0497, Caamp.1035s0918
OG0007320	Thhalv10005160m.g	Caamp.0120s0495, Caamp.1035s0920
OG0007321	Thhalv10005580m.g	Caamp.0120s0493, Caamp.1035s0922
OG0007322	Thhalv10005532m.g	Caamp.0120s0487, Caamp.1035s0927
OG0007323	Thhalv10003681m.g	Caamp.1035s0933, Caamp.0120s0481
OG0007324	Thhalv10005363m.g	Caamp.0120s0477, Caamp.1035s0937
OG0007325	Thhalv10005027m.g	Caamp.0120s0474, Caamp.1035s0940
OG0007326	Thhalv10003986m.g	Caamp.0120s0457, Caamp.1035s0959
OG0007327	Thhalv10004892m.g	Caamp.1035s0962, Caamp.0120s0455
OG0007328	Thhalv10004544m.g	Caamp.0120s0454, Caamp.1035s0964
OG0007329	Thhalv10023991m.g, Thhalv10005061m.g, Thhalv10024062m.g	Caamp.1035s0966, Caamp.0120s0452
OG0007330	Thhalv10003549m.g	Caamp.0120s0449, Caamp.1035s0969
OG0007331	Thhalv10005107m.g, Thhalv10021984m.g	Caamp.1035s0981, Caamp.0120s0436
OG0007332	Thhalv10004989m.g	Caamp.1035s0991, Caamp.0120s0431
OG0007333	Thhalv10004864m.g	Caamp.1035s0993, Caamp.0120s0433
OG0007334	Thhalv10004803m.g	Caamp.1035s0999, Caamp.0120s0423
OG0007335	Thhalv10004154m.g	Caamp.1035s1002, Caamp.0120s0420
OG0007336	Thhalv10005717m.g	Caamp.1035s1009, Caamp.0120s0414
OG0007337	Thhalv10003836m.g	Caamp.0120s0412, Caamp.1035s1011
OG0007338	Thhalv10005050m.g	Caamp.0120s0409, Caamp.1035s1013
OG0007339	Thhalv10005002m.g	Caamp.0120s0406, Caamp.1035s1016
OG0007340	Thhalv10003863m.g	Caamp.0120s0405, Caamp.1035s1017
OG0007341	Thhalv10003642m.g	Caamp.1035s1020, Caamp.0120s0401
OG0007342	Thhalv10005371m.g	Caamp.0120s0400, Caamp.1035s1021
OG0007343	Thhalv10003930m.g	Caamp.0120s0399, Caamp.1035s1022
OG0007344	Thhalv10003825m.g	Caamp.0120s0398, Caamp.1035s1023
OG0007345	Thhalv10004420m.g	Caamp.0120s0393, Caamp.1035s1029
OG0007346	Thhalv10004423m.g	Caamp.0120s0388, Caamp.1035s1034
OG0007347	Thhalv10004636m.g	Caamp.1035s1035, Caamp.0120s0387
OG0007348	Thhalv10004340m.g	Caamp.1035s1036, Caamp.0120s0386
OG0007349	Thhalv10004384m.g	Caamp.1035s1037, Caamp.0120s0385
OG0007350	Thhalv10004595m.g	Caamp.1035s1039, Caamp.0120s0383
OG0007351	Thhalv10005063m.g	Caamp.0120s0382, Caamp.1035s1040
OG0007352	Thhalv10004199m.g	Caamp.1035s1049, Caamp.0120s0373
OG0007353	Thhalv10004473m.g	Caamp.0120s0372, Caamp.1035s1050
OG0007354	Thhalv10003674m.g	Caamp.0120s0369, Caamp.1035s1053
OG0007355	Thhalv10005189m.g	Caamp.0120s0363, Caamp.1035s1058
OG0007356	Thhalv10004932m.g	Caamp.1035s1060, Caamp.0120s0362
OG0007357	Thhalv10004074m.g	Caamp.0120s0351, Caamp.1035s1070
OG0007358	Thhalv10004065m.g	Caamp.0120s0350, Caamp.1035s1071
OG0007359	Thhalv10005423m.g	Caamp.1035s1074, Caamp.0120s0347
OG0007360	Thhalv10004454m.g	Caamp.0120s0343, Caamp.1035s1079
OG0007361	Thhalv10005370m.g	Caamp.1035s1083, Caamp.0120s0338
OG0007362	Thhalv10004156m.g	Caamp.0120s0337, Caamp.1035s1084
OG0007363	Thhalv10004771m.g	Caamp.1035s1095, Caamp.0120s0327
OG0007364	Thhalv10003901m.g	Caamp.0120s0325, Caamp.1035s1097
OG0007365	Thhalv10005357m.g	Caamp.1035s1098, Caamp.0120s0324
OG0007366	Thhalv10003979m.g	Caamp.1035s1105, Caamp.0120s0316
OG0007367	Thhalv10005148m.g	Caamp.0120s0300, Caamp.1035s1121
OG0007369	Thhalv10004799m.g	Caamp.0120s0290, Caamp.1035s1131
OG0007370	Thhalv10004648m.g	Caamp.0120s0289, Caamp.1035s1132
OG0007371	Thhalv10005639m.g	Caamp.1035s1134, Caamp.0120s0287
OG0007372	Thhalv10004538m.g	Caamp.1035s1143, Caamp.0120s0280
OG0007373	Thhalv10003677m.g, Thhalv10009510m.g	Caamp.0120s0278, Caamp.1035s1145
OG0007375	Thhalv10004086m.g	Caamp.1035s1163, Caamp.0120s0263
OG0007376	Thhalv10003763m.g	Caamp.1035s1184, Caamp.0120s0239
OG0007377	Thhalv10003580m.g	Caamp.1035s1188, Caamp.0120s0233
OG0007378	Thhalv10004857m.g	Caamp.0120s0219, Caamp.1035s1201
OG0007379	Thhalv10005564m.g	Caamp.0120s0218, Caamp.1035s1202
OG0007380	Thhalv10005120m.g	Caamp.0120s0211, Caamp.1035s1211
OG0007381	Thhalv10004025m.g	Caamp.0120s0210, Caamp.1035s1212
OG0007382	Thhalv10003895m.g	Caamp.0120s0208, Caamp.1035s1215
OG0007383	Thhalv10004352m.g	Caamp.0120s0201, Caamp.1035s1223
OG0007384	Thhalv10004580m.g	Caamp.0120s0199, Caamp.1035s1225
OG0007385	Thhalv10005624m.g	Caamp.0120s0197, Caamp.1035s1227
OG0007386	Thhalv10004240m.g	Caamp.0120s0191, Caamp.1035s1232
OG0007387	Thhalv10004687m.g	Caamp.0120s0188, Caamp.1035s1236
OG0007388	Thhalv10005225m.g, Thhalv10005226m.g	Caamp.0120s0185, Caamp.1035s1239
OG0007389	Thhalv10004321m.g	Caamp.1035s1250, Caamp.0120s0170
OG0007390	Thhalv10004265m.g	Caamp.0120s0169, Caamp.1035s1251
OG0007391	Thhalv10005008m.g	Caamp.0120s0167, Caamp.1035s1253
OG0007392	Thhalv10004988m.g	Caamp.1035s1258, Caamp.0120s0163
OG0007393	Thhalv10004520m.g	Caamp.1035s1261
OG0007394	Thhalv10004935m.g	Caamp.1035s1264, Caamp.0120s0158
OG0007395	Thhalv10004671m.g	Caamp.0120s0152, Caamp.1035s1270
OG0007396	Thhalv10003758m.g	Caamp.1035s1271, Caamp.0120s0151
OG0007397	Thhalv10004377m.g	Caamp.0120s0149, Caamp.1035s1273
OG0007398	Thhalv10005297m.g	Caamp.0120s0144, Caamp.1035s1278
OG0007399	Thhalv10004226m.g	Caamp.1035s1279, Caamp.0120s0143
OG0007400	Thhalv10003842m.g	Caamp.1035s1282, Caamp.0120s0139
OG0007401	Thhalv10003903m.g	Caamp.0120s0132, Caamp.1035s1290
OG0007402	Thhalv10003992m.g	Caamp.0120s0125, Caamp.1035s1296
OG0007403	Thhalv10005093m.g	Caamp.1035s1298, Caamp.0120s0123
OG0007404	Thhalv10003691m.g	Caamp.0120s0122, Caamp.1035s1299
OG0007405	Thhalv10004224m.g	Caamp.1035s1306, Caamp.0120s0119
OG0007406	Thhalv10004137m.g	Caamp.1035s1312, Caamp.0120s0113
OG0007407	Thhalv10004963m.g	Caamp.1035s1320, Caamp.0120s0106
OG0007408	Thhalv10004130m.g	Caamp.0120s0105, Caamp.1035s1321
OG0007409	Thhalv10004793m.g	Caamp.0120s0100, Caamp.1035s1325
OG0007410	Thhalv10003920m.g	Caamp.1035s1329, Caamp.0120s0097
OG0007411	Thhalv10005263m.g	Caamp.1035s1347, Caamp.0120s0085
OG0007412	Thhalv10003973m.g	Caamp.0120s0081, Caamp.1035s1350
OG0007413	Thhalv10004169m.g	Caamp.0120s0080, Caamp.1035s1351
OG0007414	Thhalv10004128m.g	Caamp.1035s1356, Caamp.0120s0076
OG0007415	Thhalv10004262m.g	Caamp.1035s1358, Caamp.0120s0074
OG0007416	Thhalv10004915m.g	Caamp.0120s0072, Caamp.1035s1360
OG0007417	Thhalv10004584m.g	Caamp.1035s1367, Caamp.0120s0065
OG0007418	Thhalv10004539m.g	Caamp.1035s1377
OG0007419	Thhalv10004475m.g	Caamp.0120s0056, Caamp.1035s1380
OG0007420	Thhalv10020086m.g	Caamp.1035s1383, Caamp.1039s0645
OG0007421	Thhalv10020691m.g	Caamp.1039s0640, Caamp.1035s1388
OG0007422	Thhalv10020804m.g	Caamp.1035s1396, Caamp.1039s0633
OG0007423	Thhalv10006637m.g	Caamp.0188s1078, Caamp.1035s1406
OG0007424	Thhalv10027474m.g, Thhalv10007320m.g	Caamp.0188s1075, Caamp.1035s1408
OG0007425	Thhalv10007632m.g	Caamp.0188s1071, Caamp.1035s1412
OG0007426	Thhalv10008179m.g	Caamp.0188s1037, Caamp.1035s1428
OG0007427	Thhalv10008363m.g	Caamp.1035s1430, Caamp.0188s1035
OG0007428	Thhalv10006876m.g	Caamp.0188s1019, Caamp.1035s1444
OG0007429	Thhalv10008492m.g	Caamp.0188s0996, Caamp.1035s1466
OG0007430	Thhalv10007445m.g	Caamp.0188s0990, Caamp.1035s1473
OG0007431	Thhalv10006534m.g	Caamp.1035s1484, Caamp.0188s0978
OG0007432	Thhalv10008478m.g	Caamp.1035s1494, Caamp.0188s0968
OG0007433	Thhalv10009966m.g	Caamp.1035s1499, Caamp.0188s0963
OG0007434	Thhalv10006706m.g	Caamp.0188s0951, Caamp.1035s1508
OG0007435	Thhalv10027149m.g	Caamp.0095s0088, Caamp.1035s1516
OG0007436	Thhalv10024194m.g	Caamp.1035s1517
OG0007437	Thhalv10025677m.g	Caamp.1035s1523, Caamp.0095s0081
OG0007438	Thhalv10025521m.g	Caamp.1035s1527, Caamp.0095s0076
OG0007439	Thhalv10024420m.g	Caamp.1035s1528, Caamp.0095s0075
OG0007440	Thhalv10026380m.g	Caamp.0095s0073, Caamp.1035s1531
OG0007441	Thhalv10026514m.g	Caamp.1035s1534, Caamp.0095s0070
OG0007442	Thhalv10025009m.g	Caamp.0095s0069, Caamp.1035s1536
OG0007443	Thhalv10024884m.g	Caamp.1035s1537, Caamp.0095s0068
OG0007444	Thhalv10013373m.g	Caamp.1036s0003, Caamp.1037s0371
OG0007445	Thhalv10013460m.g	Caamp.1036s0007, Caamp.1037s0368
OG0007446	Thhalv10014829m.g	Caamp.1036s0008, Caamp.1037s0367
OG0007447	Thhalv10001862m.g, Thhalv10001849m.g	Caamp.1036s0014
OG0007447	Thhalv10010303m.g	Caamp.1037s0361
OG0007448	Thhalv10015907m.g	Caamp.1037s0359, Caamp.1036s0017
OG0007449	Thhalv10013325m.g	Caamp.1036s0018, Caamp.1037s0358
OG0007450	Thhalv10014852m.g	Caamp.1036s0027, Caamp.1037s0347
OG0007451	Thhalv10012672m.g	Caamp.1037s0341, Caamp.1036s0035
OG0007452	Thhalv10014292m.g	Caamp.1036s0046, Caamp.1037s0333
OG0007453	Thhalv10014143m.g	Caamp.1036s0050, Caamp.1037s0329
OG0007454	Thhalv10015705m.g	Caamp.1036s0066
OG0007455	Thhalv10015071m.g	Caamp.1037s0312, Caamp.1036s0073
OG0007456	Thhalv10016097m.g	Caamp.1036s0074, Caamp.1037s0311
OG0007457	Thhalv10013163m.g	Caamp.1037s0310, Caamp.1036s0075
OG0007458	Thhalv10015651m.g	Caamp.1036s0078, Caamp.1037s0306
OG0007459	Thhalv10014113m.g	Caamp.1036s0079, Caamp.1037s0305
OG0007460	Thhalv10012756m.g	Caamp.1036s0080, Caamp.1037s0303
OG0007461	Thhalv10014327m.g	Caamp.1036s0082, Caamp.1037s0301
OG0007462	Thhalv10013330m.g	Caamp.1036s0083, Caamp.1037s0300
OG0007463	Thhalv10013347m.g	Caamp.1036s0086, Caamp.1037s0297
OG0007464	Thhalv10013571m.g	Caamp.1036s0087, Caamp.1037s0296
OG0007465	Thhalv10015991m.g	Caamp.1036s0092, Caamp.1037s0290
OG0007466	Thhalv10014088m.g	Caamp.1036s0093, Caamp.1037s0289
OG0007467	Thhalv10016106m.g	Caamp.1037s0279, Caamp.1036s0103
OG0007468	Thhalv10015148m.g	Caamp.1036s0109
OG0007468	Thhalv10022211m.g	Caamp.0214s0667
OG0007469	Thhalv10014009m.g	Caamp.1036s0110, Caamp.1037s0273
OG0007470	Thhalv10013707m.g	Caamp.1036s0112, Caamp.1037s0271
OG0007471	Thhalv10012776m.g	Caamp.1036s0126, Caamp.1037s0257
OG0007472	Thhalv10013821m.g	Caamp.1036s0128, Caamp.1037s0255
OG0007473	Thhalv10012633m.g	Caamp.1036s0131, Caamp.1037s0252
OG0007474	Thhalv10013344m.g	Caamp.1036s0132, Caamp.1037s0251
OG0007475	Thhalv10013608m.g	Caamp.1037s0248, Caamp.1036s0135
OG0007476	Thhalv10014654m.g	Caamp.1037s0247, Caamp.1036s0136
OG0007477	Thhalv10015849m.g	Caamp.1036s0143
OG0007478	Thhalv10012943m.g	Caamp.1036s0153, Caamp.1037s0230
OG0007479	Thhalv10014859m.g	Caamp.1037s0225, Caamp.1036s0158
OG0007480	Thhalv10014416m.g	Caamp.1036s0161, Caamp.1037s0221
OG0007481	Thhalv10014871m.g	Caamp.1036s0180, Caamp.1037s0201
OG0007482	Thhalv10015756m.g	Caamp.1036s0182, Caamp.1037s0199
OG0007483	Thhalv10014473m.g	Caamp.1037s0189, Caamp.1036s0192
OG0007484	Thhalv10014939m.g	Caamp.1037s0184, Caamp.1036s0198
OG0007485	Thhalv10014713m.g	Caamp.1037s0183, Caamp.1036s0199
OG0007486	Thhalv10014271m.g, Thhalv10027205m.g	Caamp.1041s1569, Caamp.1036s0209
OG0007487	Thhalv10014049m.g	Caamp.1041s1567, Caamp.1036s0211
OG0007488	Thhalv10012518m.g	Caamp.1036s0212, Caamp.1041s1566
OG0007490	Thhalv10013709m.g	Caamp.1036s0229, Caamp.1041s1548
OG0007491	Thhalv10014345m.g	Caamp.1036s0230, Caamp.1041s1547
OG0007492	Thhalv10015129m.g	Caamp.1036s0234, Caamp.1041s1543
OG0007493	Thhalv10012948m.g	Caamp.1041s1537, Caamp.1036s0241
OG0007494	Thhalv10015839m.g	Caamp.1036s0245, Caamp.1041s1533
OG0007495	Thhalv10013899m.g, Thhalv10013855m.g	Caamp.1041s1532, Caamp.1036s0246
OG0007496	Thhalv10013946m.g	Caamp.1041s1531, Caamp.1036s0247
OG0007497	Thhalv10015850m.g	Caamp.1036s0252, Caamp.1041s1526
OG0007498	Thhalv10012764m.g	Caamp.1036s0253
OG0007499	Thhalv10013036m.g	Caamp.1036s0259, Caamp.1041s1520
OG0007500	Thhalv10013771m.g	Caamp.1041s1517, Caamp.1036s0263
OG0007501	Thhalv10014781m.g	Caamp.1041s1515
OG0007501	Thhalv10002962m.g	Caamp.1036s0265
OG0007502	Thhalv10013286m.g	Caamp.1036s0267, Caamp.1041s1513
OG0007503	Thhalv10013540m.g	Caamp.1036s0270, Caamp.1041s1509
OG0007504	Thhalv10012598m.g	Caamp.1036s0280, Caamp.1041s1500
OG0007505	Thhalv10013825m.g	Caamp.1036s0281, Caamp.1041s1499
OG0007506	Thhalv10014522m.g	Caamp.1041s1495, Caamp.1041s1494, Caamp.1036s0284
OG0007507	Thhalv10013627m.g	Caamp.1041s1489, Caamp.1036s0289
OG0007508	Thhalv10018467m.g	Caamp.1036s0298, Caamp.0303s0808
OG0007509	Thhalv10019520m.g	Caamp.1036s0303, Caamp.0303s0812
OG0007510	Thhalv10018516m.g	Caamp.1036s0304, Caamp.0303s0813
OG0007511	Thhalv10018364m.g	Caamp.1036s0307
OG0007512	Thhalv10018477m.g	Caamp.1036s0329, Caamp.0303s0825
OG0007513	Thhalv10019376m.g	Caamp.0303s0830, Caamp.1036s0332
OG0007514	Thhalv10019160m.g	Caamp.1036s0342, Caamp.0303s0843
OG0007515	Thhalv10018172m.g	Caamp.1036s0343, Caamp.0303s0844
OG0007516	Thhalv10018439m.g	Caamp.1036s0346, Caamp.0303s0848
OG0007517	Thhalv10018314m.g	Caamp.0303s0861, Caamp.1036s0362
OG0007518	Thhalv10018719m.g	Caamp.0303s0862, Caamp.1036s0363
OG0007519	Thhalv10019747m.g	Caamp.1036s0371, Caamp.0303s0871
OG0007520	Thhalv10018277m.g	Caamp.0303s0878, Caamp.1036s0382
OG0007522	Thhalv10018596m.g	Caamp.1036s0386, Caamp.0303s0882
OG0007523	Thhalv10018442m.g	Caamp.0303s0886, Caamp.1036s0390
OG0007524	Thhalv10019382m.g	Caamp.1036s0391, Caamp.0303s0887
OG0007525	Thhalv10018896m.g	Caamp.0303s0891, Caamp.1036s0395
OG0007526	Thhalv10018395m.g	Caamp.0303s0892, Caamp.1036s0396
OG0007527	Thhalv10018393m.g	Caamp.0303s0897, Caamp.1036s0401
OG0007528	Thhalv10018633m.g	Caamp.0303s0902, Caamp.1036s0407
OG0007529	Thhalv10019352m.g	Caamp.1036s0417
OG0007530	Thhalv10019201m.g	Caamp.0303s0913, Caamp.1036s0419
OG0007531	Thhalv10019743m.g	Caamp.0303s0914, Caamp.1036s0421
OG0007532	Thhalv10018260m.g	Caamp.0303s0917, Caamp.1036s0424
OG0007533	Thhalv10018285m.g	Caamp.0303s0921, Caamp.1036s0426
OG0007534	Thhalv10018324m.g	Caamp.0303s0923, Caamp.1036s0429
OG0007535	Thhalv10018966m.g	Caamp.0303s0924, Caamp.1036s0430
OG0007536	Thhalv10018543m.g	Caamp.0303s0927, Caamp.1036s0433
OG0007537	Thhalv10018676m.g	Caamp.1036s0435, Caamp.0303s0929
OG0007538	Thhalv10019695m.g	Caamp.1036s0437, Caamp.0303s0931
OG0007539	Thhalv10019205m.g	Caamp.0303s0937, Caamp.1036s0441
OG0007540	Thhalv10018834m.g	Caamp.1036s0442, Caamp.0303s0938
OG0007541	Thhalv10018456m.g	Caamp.1036s0444, Caamp.0303s0940
OG0007542	Thhalv10019631m.g	Caamp.0303s0944, Caamp.1036s0447
OG0007543	Thhalv10018679m.g	Caamp.1036s0457, Caamp.0303s0949
OG0007544	Thhalv10019583m.g	Caamp.1036s0467, Caamp.0303s0955, Caamp.0303s0954
OG0007545	Thhalv10009106m.g, Thhalv10018903m.g	Caamp.0303s0969, Caamp.1036s0483
OG0007546	Thhalv10019103m.g	Caamp.1036s0485, Caamp.0303s0970
OG0007547	Thhalv10018101m.g	Caamp.1036s0488, Caamp.0303s0973
OG0007548	Thhalv10018352m.g	Caamp.0303s0975, Caamp.1036s0490
OG0007549	Thhalv10018976m.g	Caamp.0303s0979, Caamp.1036s0495
OG0007550	Thhalv10019091m.g	Caamp.0303s0980, Caamp.1036s0496
OG0007551	Thhalv10018532m.g	Caamp.0303s0987, Caamp.1036s0503
OG0007552	Thhalv10018377m.g	Caamp.0303s0991, Caamp.1036s0507
OG0007553	Thhalv10019025m.g	Caamp.1036s0513, Caamp.0303s0996
OG0007554	Thhalv10018444m.g	Caamp.1036s0527, Caamp.0303s1010
OG0007555	Thhalv10019292m.g	Caamp.1036s0533, Caamp.0303s1023
OG0007556	Thhalv10018353m.g	Caamp.0303s1027, Caamp.1036s0536
OG0007557	Thhalv10018773m.g	Caamp.1036s0540, Caamp.0064s0564
OG0007558	Thhalv10019562m.g	Caamp.1036s0542, Caamp.0064s0562
OG0007559	Thhalv10027861m.g	Caamp.1036s0558, Caamp.0097s0787
OG0007560	Thhalv10027814m.g	Caamp.1036s0561, Caamp.0097s0785
OG0007561	Thhalv10027869m.g	Caamp.0097s0815, Caamp.1036s0573
OG0007562	Thhalv10027857m.g	Caamp.0097s0847, Caamp.1036s0603
OG0007563	Thhalv10028237m.g	Caamp.1036s0605
OG0007564	Thhalv10028964m.g	Caamp.1037s0010, Caamp.1040s0015
OG0007565	Thhalv10029148m.g	Caamp.1037s0016, Caamp.1040s0021
OG0007566	Thhalv10028925m.g	Caamp.1040s0023, Caamp.1037s0019
OG0007567	Thhalv10028924m.g	Caamp.1037s0022, Caamp.1040s0026
OG0007568	Thhalv10028609m.g	Caamp.1037s0026, Caamp.1040s0031
OG0007569	Thhalv10029186m.g	Caamp.1040s0038, Caamp.1037s0033
OG0007570	Thhalv10028746m.g, Thhalv10007495m.g	Caamp.1037s0039, Caamp.1040s0046
OG0007571	Thhalv10028520m.g	Caamp.1037s0045, Caamp.1040s0055
OG0007572	Thhalv10029075m.g	Caamp.1040s0059, Caamp.1037s0048
OG0007573	Thhalv10028631m.g	Caamp.1037s0052, Caamp.1040s0062
OG0007574	Thhalv10028525m.g	Caamp.1037s0054, Caamp.1040s0064
OG0007575	Thhalv10028738m.g	Caamp.0188s1112, Caamp.1040s0071, Caamp.1037s0059
OG0007576	Thhalv10028603m.g	Caamp.1037s0062, Caamp.1040s0074
OG0007577	Thhalv10028394m.g	Caamp.1037s0064, Caamp.1040s0076
OG0007578	Thhalv10029490m.g	Caamp.1037s0066, Caamp.1040s0078
OG0007579	Thhalv10028493m.g	Caamp.1037s0080, Caamp.1040s0091
OG0007580	Thhalv10028668m.g	Caamp.1040s0103, Caamp.1037s0089
OG0007581	Thhalv10028380m.g	Caamp.1040s0110, Caamp.1037s0096
OG0007582	Thhalv10028369m.g	Caamp.1037s0109, Caamp.1040s0121
OG0007583	Thhalv10028684m.g	Caamp.1037s0119, Caamp.1037s0122
OG0007584	Thhalv10028778m.g	Caamp.1037s0132, Caamp.1040s0139
OG0007585	Thhalv10028544m.g	Caamp.1040s0140, Caamp.1037s0133
OG0007586	Thhalv10028870m.g	Caamp.1040s0141, Caamp.1037s0134
OG0007587	Thhalv10028839m.g	Caamp.1037s0149, Caamp.1040s0161
OG0007588	Thhalv10028934m.g	Caamp.1040s0163, Caamp.1037s0151
OG0007589	Thhalv10028443m.g	Caamp.1040s0168, Caamp.1037s0156
OG0007590	Thhalv10000602m.g, Thhalv10028576m.g	Caamp.1037s0158, Caamp.1040s0170
OG0007591	Thhalv10029320m.g	Caamp.1037s0163, Caamp.1040s0175
OG0007592	Thhalv10028365m.g	Caamp.1040s0176, Caamp.1037s0165
OG0007593	Thhalv10029363m.g, Thhalv10029373m.g	Caamp.1037s0171, Caamp.1040s0182
OG0007594	Thhalv10028689m.g	Caamp.1040s0189, Caamp.1037s0175
OG0007595	Thhalv10003762m.g	Caamp.1037s0224, Caamp.0079s0095
OG0007596	Thhalv10013282m.g	Caamp.0105s0781, Caamp.1037s0374
OG0007597	Thhalv10015003m.g	Caamp.1037s0382, Caamp.0105s0790
OG0007598	Thhalv10013085m.g	Caamp.1037s0387, Caamp.0105s0801
OG0007599	Thhalv10012721m.g	Caamp.0105s0802, Caamp.1037s0388
OG0007600	Thhalv10013242m.g	Caamp.0105s0807, Caamp.1037s0393
OG0007601	Thhalv10014847m.g	Caamp.1037s0399, Caamp.0105s0813
OG0007602	Thhalv10012681m.g	Caamp.1037s0400, Caamp.0105s0814
OG0007603	Thhalv10013699m.g	Caamp.1037s0401, Caamp.0105s0816
OG0007604	Thhalv10013120m.g	Caamp.1037s0402, Caamp.0105s0817
OG0007605	Thhalv10012849m.g	Caamp.0105s0818, Caamp.1037s0403
OG0007606	Thhalv10014796m.g	Caamp.0105s0820, Caamp.1037s0405
OG0007607	Thhalv10013842m.g	Caamp.1037s0410, Caamp.0105s0825
OG0007608	Thhalv10014561m.g	Caamp.1037s0417, Caamp.0105s0832
OG0007609	Thhalv10013438m.g	Caamp.1037s0423, Caamp.0105s0839
OG0007610	Thhalv10013082m.g	Caamp.0105s0843, Caamp.1037s0428
OG0007611	Thhalv10014061m.g	Caamp.1037s0429, Caamp.0105s0844
OG0007612	Thhalv10012813m.g	Caamp.0105s0848, Caamp.1037s0435
OG0007613	Thhalv10016073m.g	Caamp.1037s0436, Caamp.0105s0849
OG0007614	Thhalv10013617m.g	Caamp.1037s0437, Caamp.0105s0850
OG0007615	Thhalv10012551m.g	Caamp.1037s0442, Caamp.0105s0854
OG0007617	Thhalv10014454m.g	Caamp.1037s0452, Caamp.0105s0865
OG0007618	Thhalv10013310m.g	Caamp.1037s0453, Caamp.0105s0866
OG0007619	Thhalv10013469m.g	Caamp.1037s0458, Caamp.0105s0870
OG0007620	Thhalv10013703m.g	Caamp.0105s0871, Caamp.1037s0459
OG0007621	Thhalv10013328m.g	Caamp.1037s0460, Caamp.0105s0872
OG0007622	Thhalv10012975m.g	Caamp.1037s0462, Caamp.0105s0873
OG0007623	Thhalv10012541m.g	Caamp.0105s0882, Caamp.1037s0469
OG0007624	Thhalv10014226m.g	Caamp.1037s0478, Caamp.0105s0891
OG0007625	Thhalv10015028m.g	Caamp.1037s0491, Caamp.0052s0648
OG0007626	Thhalv10029262m.g	Caamp.0052s0645
OG0007626	Thhalv10013350m.g	Caamp.1037s0495
OG0007627	Thhalv10015800m.g	Caamp.1037s0504, Caamp.0052s0637
OG0007628	Thhalv10014035m.g	Caamp.1037s0508, Caamp.0052s0633
OG0007629	Thhalv10013566m.g	Caamp.0052s0628, Caamp.1037s0513
OG0007630	Thhalv10015066m.g	Caamp.1037s0515, Caamp.0052s0626
OG0007631	Thhalv10014655m.g	Caamp.1037s0517, Caamp.0052s0624
OG0007632	Thhalv10014703m.g	Caamp.1037s0519, Caamp.0052s0622
OG0007633	Thhalv10015210m.g	Caamp.1037s0522, Caamp.0052s0619
OG0007634	Thhalv10015097m.g	Caamp.0052s0617, Caamp.1037s0524
OG0007635	Thhalv10014683m.g	Caamp.1037s0528, Caamp.0052s0612
OG0007636	Thhalv10012821m.g	Caamp.1037s0529, Caamp.0052s0611
OG0007637	Thhalv10015371m.g	Caamp.1037s0530, Caamp.0052s0610
OG0007638	Thhalv10014079m.g	Caamp.1037s0531, Caamp.0052s0609
OG0007639	Thhalv10012730m.g	Caamp.1037s0534, Caamp.0052s0606
OG0007640	Thhalv10013431m.g	Caamp.1037s0543, Caamp.0052s0596
OG0007641	Thhalv10014993m.g	Caamp.1037s0547, Caamp.0052s0591
OG0007642	Thhalv10014670m.g	Caamp.1037s0559, Caamp.0052s0582
OG0007643	Thhalv10014548m.g	Caamp.1037s0560, Caamp.0052s0581
OG0007644	Thhalv10013136m.g	Caamp.0052s0578, Caamp.1037s0564
OG0007645	Thhalv10014202m.g	Caamp.1037s0569, Caamp.0052s0573
OG0007646	Thhalv10014753m.g	Caamp.0052s0570, Caamp.1037s0572
OG0007647	Thhalv10012697m.g	Caamp.1037s0576, Caamp.0052s0566
OG0007648	Thhalv10014015m.g	Caamp.0052s0565, Caamp.1037s0577
OG0007649	Thhalv10014544m.g	Caamp.1037s0592, Caamp.0052s0550
OG0007650	Thhalv10013671m.g	Caamp.0052s0548, Caamp.1037s0594
OG0007651	Thhalv10012553m.g	Caamp.1037s0598, Caamp.1040s0245
OG0007652	Thhalv10012659m.g	Caamp.1040s0255, Caamp.1037s0607
OG0007653	Thhalv10013259m.g	Caamp.1037s0611, Caamp.1040s0259
OG0007654	Thhalv10014420m.g	Caamp.1040s0264, Caamp.1037s0616
OG0007655	Thhalv10013576m.g	Caamp.1040s0267, Caamp.1037s0619
OG0007656	Thhalv10014216m.g	Caamp.1037s0620, Caamp.1040s0268
OG0007657	Thhalv10013111m.g	Caamp.1037s0621, Caamp.1040s0269
OG0007658	Thhalv10013828m.g	Caamp.1037s0622, Caamp.1040s0270
OG0007659	Thhalv10014324m.g	Caamp.1037s0626, Caamp.1040s0274
OG0007660	Thhalv10015417m.g	Caamp.1040s0275, Caamp.1037s0627
OG0007661	Thhalv10014509m.g	Caamp.1040s0278, Caamp.1037s0630
OG0007662	Thhalv10013868m.g	Caamp.1040s0280, Caamp.1037s0633
OG0007663	Thhalv10012749m.g	Caamp.1037s0634, Caamp.1040s0281
OG0007664	Thhalv10015650m.g	Caamp.1037s0638, Caamp.1040s0285
OG0007665	Thhalv10013490m.g	Caamp.1040s0295, Caamp.1037s0648
OG0007666	Thhalv10014124m.g	Caamp.1040s0296, Caamp.1037s0649
OG0007667	Thhalv10014623m.g	Caamp.1037s0651, Caamp.1040s0298
OG0007668	Thhalv10015253m.g	Caamp.1040s0302, Caamp.1037s0654
OG0007669	Thhalv10012973m.g	Caamp.1040s0310, Caamp.1037s0661
OG0007670	Thhalv10023408m.g	Caamp.1037s0666, Caamp.0303s1115
OG0007671	Thhalv10012645m.g	Caamp.1040s0316, Caamp.1037s0668
OG0007672	Thhalv10013221m.g	Caamp.1040s0319, Caamp.1037s0671
OG0007673	Thhalv10012575m.g	Caamp.1037s0678, Caamp.1040s0327
OG0007674	Thhalv10013199m.g	Caamp.1037s0679, Caamp.1040s0329
OG0007675	Thhalv10014543m.g	Caamp.1040s0341, Caamp.1037s0692
OG0007676	Thhalv10013464m.g	Caamp.1040s0342, Caamp.1037s0693
OG0007677	Thhalv10013297m.g, Thhalv10013304m.g	Caamp.1037s0697
OG0007678	Thhalv10012937m.g	Caamp.1040s0348, Caamp.1037s0701
OG0007679	Thhalv10013994m.g	Caamp.1040s0350, Caamp.1037s0704
OG0007680	Thhalv10013776m.g	Caamp.1037s0706, Caamp.1040s0351
OG0007681	Thhalv10016074m.g	Caamp.1037s0721, Caamp.1040s0368
OG0007682	Thhalv10014160m.g	Caamp.1037s0723, Caamp.1040s0370
OG0007683	Thhalv10014491m.g	Caamp.1040s0374, Caamp.1037s0727
OG0007684	Thhalv10014819m.g	Caamp.1037s0737, Caamp.1040s0382
OG0007685	Thhalv10013367m.g	Caamp.1040s0397, Caamp.1037s0756
OG0007686	Thhalv10013099m.g	Caamp.1037s0758, Caamp.1040s0399
OG0007687	Thhalv10009373m.g	Caamp.1040s0400, Caamp.1040s0401, Caamp.1037s0760, Caamp.1037s0759
OG0007688	Thhalv10012446m.g	Caamp.1037s0764, Caamp.1040s0405
OG0007689	Thhalv10013109m.g	Caamp.1040s0407, Caamp.1037s0766
OG0007690	Thhalv10014531m.g	Caamp.1037s0772, Caamp.1040s0413
OG0007691	Thhalv10016210m.g	Caamp.1037s0774, Caamp.1040s0415
OG0007692	Thhalv10013844m.g	Caamp.1040s0424, Caamp.1037s0783
OG0007693	Thhalv10014884m.g	Caamp.1040s0425, Caamp.1037s0784
OG0007694	Thhalv10013653m.g	Caamp.1040s0428, Caamp.1037s0788
OG0007695	Thhalv10014612m.g	Caamp.1037s0790
OG0007695	Thhalv10027965m.g	Caamp.1040s0430
OG0007696	Thhalv10013308m.g	Caamp.1040s0434, Caamp.1037s0794
OG0007697	Thhalv10014392m.g	Caamp.1040s0443, Caamp.1037s0805
OG0007698	Thhalv10015639m.g	Caamp.1040s0453, Caamp.1037s0814
OG0007699	Thhalv10015826m.g	Caamp.1037s0815, Caamp.1040s0454
OG0007700	Thhalv10014606m.g	Caamp.1037s0821, Caamp.1040s0459
OG0007701	Thhalv10013086m.g	Caamp.1040s0460, Caamp.1037s0822
OG0007702	Thhalv10013498m.g	Caamp.1040s0461, Caamp.1037s0823
OG0007703	Thhalv10014249m.g	Caamp.1037s0830, Caamp.1040s0467
OG0007704	Thhalv10014457m.g	Caamp.1037s0831, Caamp.1040s0468
OG0007705	Thhalv10015836m.g	Caamp.1037s0841
OG0007706	Thhalv10013567m.g	Caamp.1037s0842, Caamp.1040s0494
OG0007707	Thhalv10013620m.g	Caamp.1040s0493, Caamp.1037s0843
OG0007708	Thhalv10014822m.g	Caamp.1040s0490, Caamp.1040s0929, Caamp.1037s0845
OG0007709	Thhalv10013123m.g	Caamp.1037s0858, Caamp.1040s0505
OG0007710	Thhalv10014944m.g	Caamp.1040s0501, Caamp.1037s0860
OG0007711	Thhalv10013377m.g	Caamp.1040s0499, Caamp.1037s0862
OG0007712	Thhalv10013432m.g	Caamp.1040s0507, Caamp.1037s0865
OG0007714	Thhalv10014168m.g	Caamp.1040s0519, Caamp.1037s0883
OG0007715	Thhalv10014005m.g	Caamp.1037s0887, Caamp.1040s0523
OG0007716	Thhalv10014704m.g	Caamp.1040s0525, Caamp.1037s0889
OG0007717	Thhalv10012984m.g	Caamp.1040s0533, Caamp.1037s0898
OG0007718	Thhalv10013734m.g	Caamp.1040s0534, Caamp.1037s0900
OG0007719	Thhalv10015911m.g	Caamp.1040s0539, Caamp.1037s0904
OG0007720	Thhalv10014180m.g	Caamp.1040s0540, Caamp.1037s0905
OG0007721	Thhalv10016090m.g	Caamp.1037s0908, Caamp.1040s0544
OG0007722	Thhalv10012586m.g	Caamp.1037s0910, Caamp.1040s0546
OG0007723	Thhalv10012665m.g	Caamp.1037s0915
OG0007724	Thhalv10012545m.g	Caamp.1040s0552, Caamp.1037s0919
OG0007725	Thhalv10014097m.g	Caamp.1040s0557, Caamp.1037s0924
OG0007726	Thhalv10013426m.g	Caamp.1037s0927, Caamp.1040s0560
OG0007727	Thhalv10013105m.g	Caamp.1037s0929, Caamp.1040s0562
OG0007728	Thhalv10012609m.g	Caamp.1037s0948, Caamp.1040s0583
OG0007729	Thhalv10012595m.g	Caamp.1040s0586, Caamp.1037s0951
OG0007730	Thhalv10013422m.g	Caamp.1037s0952, Caamp.1040s0587
OG0007731	Thhalv10014720m.g	Caamp.1040s0590, Caamp.1037s0955
OG0007732	Thhalv10014736m.g	Caamp.1037s0957, Caamp.1040s0592
OG0007733	Thhalv10014779m.g	Caamp.1040s0604, Caamp.1037s0969
OG0007734	Thhalv10026985m.g	Caamp.1041s0632
OG0007734	Thhalv10015158m.g	Caamp.1040s0607, Caamp.1037s0972
OG0007735	Thhalv10012738m.g	Caamp.1040s0609, Caamp.1037s0974
OG0007736	Thhalv10013794m.g	Caamp.1037s0978, Caamp.1040s0611
OG0007737	Thhalv10012960m.g	Caamp.1040s0615, Caamp.1037s0980
OG0007738	Thhalv10014672m.g	Caamp.1040s0616, Caamp.1037s0981
OG0007739	Thhalv10013683m.g	Caamp.1040s0619, Caamp.1037s0984
OG0007740	Thhalv10013375m.g	Caamp.1037s0990, Caamp.1040s0625
OG0007741	Thhalv10013078m.g	Caamp.1037s0992, Caamp.1040s0627
OG0007742	Thhalv10013919m.g	Caamp.1040s0628, Caamp.1037s0993
OG0007743	Thhalv10015689m.g	Caamp.1040s0632, Caamp.1037s0998
OG0007744	Thhalv10012514m.g	Caamp.1040s0633, Caamp.1037s0999
OG0007745	Thhalv10012939m.g	Caamp.1037s1001, Caamp.1040s0635
OG0007746	Thhalv10015454m.g	Caamp.1037s1007, Caamp.1040s0640
OG0007747	Thhalv10014362m.g	Caamp.1037s1009, Caamp.1040s0642
OG0007748	Thhalv10015874m.g	Caamp.1040s0646, Caamp.1037s1015
OG0007749	Thhalv10013843m.g	Caamp.1040s0647, Caamp.1037s1016
OG0007750	Thhalv10013143m.g	Caamp.1040s0649, Caamp.1037s1019
OG0007752	Thhalv10014550m.g	Caamp.1040s0655, Caamp.1037s1025
OG0007753	Thhalv10012571m.g	Caamp.1037s1027, Caamp.1040s0657
OG0007754	Thhalv10014295m.g	Caamp.1040s0660, Caamp.1037s1031
OG0007755	Thhalv10012758m.g	Caamp.1037s1035
OG0007756	Thhalv10013043m.g	Caamp.1040s0668, Caamp.1037s1036
OG0007757	Thhalv10015051m.g	Caamp.1038s1157
OG0007757	Thhalv10015052m.g	Caamp.1037s1039
OG0007758	Thhalv10013779m.g	Caamp.1040s0680, Caamp.1037s1048
OG0007759	Thhalv10013234m.g	Caamp.1040s0689, Caamp.1037s1057
OG0007760	Thhalv10015693m.g	Caamp.1037s1061, Caamp.1040s0694
OG0007761	Thhalv10013271m.g	Caamp.1037s1066, Caamp.1040s0697
OG0007762	Thhalv10013360m.g	Caamp.1040s0698, Caamp.1037s1067
OG0007763	Thhalv10014987m.g	Caamp.1037s1069, Caamp.1040s0700
OG0007764	Thhalv10013793m.g	Caamp.1037s1074, Caamp.1040s0706
OG0007765	Thhalv10012884m.g	Caamp.1037s1077, Caamp.1040s0710
OG0007766	Thhalv10014167m.g	Caamp.1037s1079, Caamp.1040s0712
OG0007767	Thhalv10013465m.g	Caamp.1037s1081, Caamp.1040s0714
OG0007768	Thhalv10012682m.g	Caamp.1040s0715, Caamp.1037s1082
OG0007769	Thhalv10013859m.g	Caamp.1040s0716, Caamp.1037s1083
OG0007770	Thhalv10013309m.g	Caamp.1037s1092, Caamp.1040s0726
OG0007771	Thhalv10013956m.g	Caamp.1040s0727, Caamp.1037s1093
OG0007772	Thhalv10014792m.g	Caamp.1040s0728, Caamp.1037s1095
OG0007773	Thhalv10013632m.g	Caamp.1040s0730, Caamp.1037s1097
OG0007774	Thhalv10012791m.g	Caamp.1037s1117, Caamp.1040s0752
OG0007775	Thhalv10013313m.g	Caamp.1040s0760, Caamp.1037s1125
OG0007776	Thhalv10013450m.g	Caamp.1037s1128, Caamp.1040s0762
OG0007777	Thhalv10015685m.g	Caamp.1040s0765, Caamp.1037s1130
OG0007778	Thhalv10014150m.g	Caamp.1037s1132, Caamp.1040s0767
OG0007779	Thhalv10014555m.g	Caamp.1037s1134, Caamp.1040s0769
OG0007780	Thhalv10015622m.g	Caamp.1040s0770, Caamp.1037s1135
OG0007781	Thhalv10014037m.g	Caamp.1037s1149, Caamp.1040s0785
OG0007782	Thhalv10014684m.g	Caamp.1037s1152, Caamp.1040s0788
OG0007783	Thhalv10012934m.g	Caamp.1040s0793, Caamp.1037s1157
OG0007784	Thhalv10015980m.g	Caamp.1037s1158, Caamp.1040s0795
OG0007785	Thhalv10013107m.g	Caamp.1040s0801, Caamp.1037s1163
OG0007786	Thhalv10013225m.g	Caamp.1040s0807, Caamp.1037s1169
OG0007787	Thhalv10012809m.g	Caamp.1040s0810, Caamp.1037s1172
OG0007788	Thhalv10015552m.g	Caamp.1040s0812, Caamp.1037s1174
OG0007789	Thhalv10014039m.g	Caamp.1040s0816, Caamp.1037s1177
OG0007790	Thhalv10014564m.g	Caamp.1040s0912, Caamp.1037s1181
OG0007791	Thhalv10013202m.g	Caamp.1040s0911, Caamp.1037s1182
OG0007792	Thhalv10012811m.g	Caamp.1040s0908, Caamp.1037s1183
OG0007793	Thhalv10013978m.g	Caamp.1037s1186, Caamp.1040s0906
OG0007794	Thhalv10015916m.g	Caamp.1037s1189
OG0007795	Thhalv10013772m.g	Caamp.1037s1190, Caamp.1040s0902
OG0007796	Thhalv10014284m.g	Caamp.1037s1192, Caamp.1040s0896
OG0007797	Thhalv10014954m.g	Caamp.1037s1194, Caamp.1040s0894
OG0007798	Thhalv10013710m.g	Caamp.1037s1201, Caamp.1040s0889
OG0007799	Thhalv10014307m.g	Caamp.1040s0887, Caamp.1037s1203
OG0007800	Thhalv10015063m.g	Caamp.1040s0886, Caamp.1037s1204
OG0007801	Thhalv10013018m.g	Caamp.1037s1209, Caamp.1040s0880
OG0007802	Thhalv10013622m.g	Caamp.1037s1217
OG0007803	Thhalv10015372m.g	Caamp.1037s1218, Caamp.1040s0870
OG0007804	Thhalv10013064m.g	Caamp.1040s0859, Caamp.1037s1229
OG0007805	Thhalv10012845m.g	Caamp.1040s0838, Caamp.1037s1238
OG0007806	Thhalv10015474m.g	Caamp.1037s1243, Caamp.1040s0831
OG0007807	Thhalv10013238m.g	Caamp.1037s1244, Caamp.1040s0830
OG0007808	Thhalv10013607m.g	Caamp.1037s1251, Caamp.1040s0825
OG0007809	Thhalv10013594m.g	Caamp.1037s1261, Caamp.1040s0921
OG0007810	Thhalv10014908m.g	Caamp.1040s0923, Caamp.1037s1263
OG0007811	Thhalv10013494m.g	Caamp.1037s1265, Caamp.1040s0927
OG0007812	Thhalv10014526m.g	Caamp.1040s0934, Caamp.1037s1271
OG0007813	Thhalv10012467m.g, Thhalv10015732m.g	Caamp.1037s1272
OG0007814	Thhalv10013845m.g	Caamp.1037s1274
OG0007815	Thhalv10013798m.g	Caamp.1037s1275, Caamp.1040s0943
OG0007816	Thhalv10016077m.g	Caamp.1040s0944, Caamp.1037s1276
OG0007817	Thhalv10014064m.g	Caamp.1037s1279, Caamp.1040s0948
OG0007818	Thhalv10012804m.g	Caamp.1040s0954, Caamp.1037s1284
OG0007819	Thhalv10014125m.g	Caamp.1040s0958, Caamp.1037s1287
OG0007821	Thhalv10015156m.g	Caamp.1037s1297
OG0007822	Thhalv10015984m.g, Thhalv10016024m.g, Thhalv10015504m.g	Caamp.1037s1299
OG0007823	Thhalv10027442m.g, Thhalv10027431m.g	Caamp.1037s1301
OG0007824	Thhalv10013580m.g	Caamp.1037s1304, Caamp.1040s0973
OG0007825	Thhalv10014374m.g	Caamp.1037s1305, Caamp.1040s0974
OG0007826	Thhalv10015019m.g	Caamp.1037s1319, Caamp.1040s0987
OG0007827	Thhalv10015851m.g	Caamp.1040s0989, Caamp.1037s1321
OG0007828	Thhalv10015768m.g	Caamp.1040s0991, Caamp.1037s1323
OG0007829	Thhalv10015328m.g, Thhalv10015243m.g, Thhalv10014267m.g	Caamp.1040s0997, Caamp.1037s1329
OG0007830	Thhalv10015216m.g	Caamp.1037s1334, Caamp.1040s1001
OG0007831	Thhalv10013073m.g	Caamp.1040s1004, Caamp.1037s1338
OG0007832	Thhalv10014657m.g	Caamp.1037s1340, Caamp.1040s1008
OG0007833	Thhalv10015388m.g, Thhalv10002918m.g	Caamp.1037s1353, Caamp.1040s1019
OG0007834	Thhalv10012916m.g	Caamp.1040s1027, Caamp.1037s1365
OG0007835	Thhalv10014535m.g	Caamp.1040s1028, Caamp.1037s1366
OG0007836	Thhalv10012652m.g	Caamp.1040s1030, Caamp.1037s1369
OG0007837	Thhalv10012882m.g	Caamp.1037s1373, Caamp.1040s1034
OG0007838	Thhalv10012524m.g	Caamp.1037s1377, Caamp.1040s1036
OG0007839	Thhalv10014378m.g	Caamp.1040s1037, Caamp.1037s1378
OG0007840	Thhalv10013378m.g	Caamp.1037s1380, Caamp.1040s1041
OG0007841	Thhalv10013106m.g	Caamp.1037s1383, Caamp.1040s1044
OG0007842	Thhalv10014038m.g	Caamp.1040s1045, Caamp.1037s1384
OG0007843	Thhalv10014603m.g	Caamp.1040s1046, Caamp.1037s1385
OG0007844	Thhalv10013013m.g	Caamp.1037s1386, Caamp.1040s1047
OG0007845	Thhalv10014380m.g	Caamp.1037s1390, Caamp.1040s1052
OG0007846	Thhalv10015741m.g	Caamp.1037s1394, Caamp.1040s1057
OG0007847	Thhalv10014447m.g	Caamp.1040s1058, Caamp.1037s1395
OG0007848	Thhalv10013148m.g	Caamp.1040s1071, Caamp.1037s1406
OG0007849	Thhalv10014627m.g	Caamp.1037s1407, Caamp.1040s1072
OG0007850	Thhalv10022935m.g, Thhalv10015123m.g	Caamp.1040s1075, Caamp.1037s1410
OG0007851	Thhalv10013076m.g, Thhalv10012848m.g, Thhalv10015337m.g, Thhalv10015592m.g, Thhalv10015238m.g, Thhalv10015620m.g	Caamp.1037s1419
OG0007852	Thhalv10014833m.g	Caamp.1040s1083, Caamp.1037s1420
OG0007853	Thhalv10014576m.g	Caamp.1040s1087, Caamp.1037s1426
OG0007854	Thhalv10013997m.g	Caamp.1037s1429, Caamp.1040s1091
OG0007855	Thhalv10013442m.g, Thhalv10025051m.g	Caamp.1040s1095, Caamp.1037s1434
OG0007856	Thhalv10014069m.g	Caamp.1037s1440, Caamp.1040s1104
OG0007857	Thhalv10015663m.g	Caamp.0093s0148, Caamp.1037s1449, Caamp.1040s1112
OG0007858	Thhalv10014901m.g	Caamp.1040s1115, Caamp.1037s1450
OG0007859	Thhalv10013447m.g	Caamp.1040s1116, Caamp.1037s1451
OG0007860	Thhalv10016012m.g	Caamp.1040s1126, Caamp.1037s1458
OG0007861	Thhalv10016018m.g	Caamp.1037s1464
OG0007861	Thhalv10015542m.g	Caamp.1040s1132
OG0007862	Thhalv10015364m.g	Caamp.1037s1467, Caamp.1040s1136
OG0007863	Thhalv10012668m.g	Caamp.1040s1137, Caamp.1037s1468
OG0007864	Thhalv10015042m.g	Caamp.1037s1478, Caamp.1040s1144
OG0007865	Thhalv10014702m.g	Caamp.1040s1145, Caamp.1037s1479
OG0007866	Thhalv10014782m.g	Caamp.1037s1480, Caamp.1040s1146
OG0007867	Thhalv10014339m.g	Caamp.1040s1154, Caamp.1037s1489
OG0007868	Thhalv10016089m.g	Caamp.1040s1161, Caamp.1037s1499
OG0007869	Thhalv10015252m.g	Caamp.1037s1500, Caamp.1040s1162
OG0007870	Thhalv10013582m.g	Caamp.1037s1501, Caamp.1040s1163
OG0007871	Thhalv10015092m.g	Caamp.1040s1165, Caamp.1037s1503
OG0007872	Thhalv10014484m.g	Caamp.1040s1172, Caamp.1037s1509
OG0007873	Thhalv10014716m.g	Caamp.1037s1512, Caamp.1040s1174
OG0007874	Thhalv10014000m.g	Caamp.1037s1515, Caamp.1040s1177
OG0007875	Thhalv10012968m.g	Caamp.1040s1178, Caamp.1037s1516
OG0007876	Thhalv10015853m.g	Caamp.1040s1180, Caamp.1037s1519
OG0007877	Thhalv10013554m.g	Caamp.1037s1525
OG0007878	Thhalv10015074m.g	Caamp.1040s1184, Caamp.1037s1526
OG0007879	Thhalv10014608m.g	Caamp.1037s1527, Caamp.1040s1185
OG0007880	Thhalv10014011m.g	Caamp.1037s1529, Caamp.1040s1187
OG0007881	Thhalv10015026m.g	Caamp.1037s1530, Caamp.1040s1188
OG0007882	Thhalv10013411m.g	Caamp.1040s1192, Caamp.1037s1535
OG0007883	Thhalv10014263m.g	Caamp.1040s1200, Caamp.1037s1540
OG0007884	Thhalv10015479m.g	Caamp.1040s1216, Caamp.1037s1557
OG0007885	Thhalv10012691m.g	Caamp.1037s1558, Caamp.1040s1218
OG0007886	Thhalv10012944m.g	Caamp.1040s1230, Caamp.1037s1568
OG0007887	Thhalv10015754m.g	Caamp.1037s1573, Caamp.1040s1232
OG0007888	Thhalv10014247m.g	Caamp.1037s1574, Caamp.1040s1236
OG0007889	Thhalv10015548m.g	Caamp.1037s1575, Caamp.1040s1237
OG0007890	Thhalv10014773m.g	Caamp.1037s1591, Caamp.1040s1256
OG0007891	Thhalv10014834m.g	Caamp.1040s1260, Caamp.1037s1594
OG0007892	Thhalv10014960m.g	Caamp.1037s1597, Caamp.1040s1262
OG0007893	Thhalv10013379m.g	Caamp.1040s1265, Caamp.1037s1600
OG0007894	Thhalv10014747m.g	Caamp.1040s1270, Caamp.1037s1605
OG0007895	Thhalv10013888m.g	Caamp.1040s1272, Caamp.1037s1607
OG0007896	Thhalv10013687m.g	Caamp.1037s1608, Caamp.1040s1273
OG0007897	Thhalv10014770m.g	Caamp.1040s1275, Caamp.1037s1610
OG0007898	Thhalv10013945m.g	Caamp.1040s1282, Caamp.1037s1620
OG0007899	Thhalv10015050m.g, Thhalv10015419m.g	Caamp.1037s1625, Caamp.1040s1284
OG0007900	Thhalv10015610m.g	Caamp.1040s1285, Caamp.1037s1626
OG0007901	Thhalv10015475m.g	Caamp.1037s1627, Caamp.1040s1286
OG0007902	Thhalv10015817m.g, Thhalv10015299m.g	Caamp.1037s1635, Caamp.1040s1299
OG0007903	Thhalv10013231m.g	Caamp.1040s1330
OG0007903	Thhalv10024046m.g	Caamp.1037s1652
OG0007904	Thhalv10013124m.g	Caamp.1037s1655, Caamp.1040s1328
OG0007905	Thhalv10015611m.g	Caamp.1037s1666, Caamp.1040s1317
OG0007907	Thhalv10015499m.g	Caamp.1037s1696, Caamp.1040s1357
OG0007908	Thhalv10015309m.g	Caamp.1037s1723
OG0007909	Thhalv10013816m.g	Caamp.1040s1370, Caamp.1037s1728
OG0007910	Thhalv10013227m.g	Caamp.1040s1371, Caamp.1037s1730
OG0007911	Thhalv10013194m.g	Caamp.1037s1738, Caamp.1040s1381
OG0007912	Thhalv10012744m.g	Caamp.1037s1746, Caamp.1040s1426
OG0007914	Thhalv10013323m.g	Caamp.1040s1476, Caamp.1037s1761
OG0007915	Thhalv10012839m.g	Caamp.1037s1770, Caamp.1040s1504
OG0007916	Thhalv10014795m.g	Caamp.1041s1434, Caamp.1038s0001
OG0007917	Thhalv10012875m.g	Caamp.1038s0003, Caamp.1041s1433
OG0007918	Thhalv10012806m.g	Caamp.1038s0005, Caamp.1041s1431
OG0007919	Thhalv10012878m.g	Caamp.1041s1420, Caamp.1038s0016
OG0007920	Thhalv10013866m.g	Caamp.1038s0018, Caamp.1041s1418
OG0007921	Thhalv10014367m.g	Caamp.1041s1413, Caamp.1038s0022
OG0007922	Thhalv10013384m.g	Caamp.1038s0028, Caamp.1041s1406
OG0007923	Thhalv10012572m.g	Caamp.1041s1405, Caamp.1038s0029
OG0007924	Thhalv10014091m.g	Caamp.1038s0033, Caamp.1041s1402
OG0007925	Thhalv10014090m.g	Caamp.1038s0035, Caamp.1041s1400
OG0007926	Thhalv10015728m.g	Caamp.1038s0036, Caamp.1041s1398
OG0007927	Thhalv10013219m.g	Caamp.1041s1395, Caamp.1038s0039
OG0007928	Thhalv10014310m.g	Caamp.1038s0041, Caamp.1041s1393
OG0007929	Thhalv10013004m.g	Caamp.1041s1392, Caamp.1038s0042
OG0007930	Thhalv10013466m.g	Caamp.1038s0043, Caamp.1041s1391
OG0007931	Thhalv10014044m.g	Caamp.1038s0047, Caamp.1041s1386
OG0007932	Thhalv10014848m.g	Caamp.1041s1380, Caamp.1038s0053
OG0007933	Thhalv10014472m.g	Caamp.1038s0056, Caamp.1041s1377
OG0007934	Thhalv10014458m.g	Caamp.1041s1373, Caamp.1038s0059
OG0007935	Thhalv10013706m.g	Caamp.1038s0061, Caamp.1041s1371
OG0007936	Thhalv10014730m.g	Caamp.1041s1351, Caamp.1038s0081
OG0007937	Thhalv10013631m.g	Caamp.1041s1350, Caamp.1038s0082
OG0007938	Thhalv10012985m.g	Caamp.1038s0088, Caamp.1041s1344
OG0007939	Thhalv10012594m.g	Caamp.1038s0089, Caamp.1041s1343
OG0007940	Thhalv10015796m.g	Caamp.1041s1339, Caamp.1038s0092
OG0007941	Thhalv10014913m.g	Caamp.1041s1338, Caamp.1038s0093
OG0007942	Thhalv10014767m.g	Caamp.1038s0095, Caamp.1041s1336
OG0007943	Thhalv10013409m.g	Caamp.1038s0099, Caamp.1041s1332
OG0007944	Thhalv10012893m.g	Caamp.1038s0102, Caamp.1041s1329
OG0007945	Thhalv10013102m.g	Caamp.1038s0108, Caamp.1041s1323
OG0007946	Thhalv10013417m.g	Caamp.1038s0109
OG0007946	Thhalv10015125m.g	Caamp.1041s1322
OG0007947	Thhalv10013388m.g	Caamp.1038s0110, Caamp.1041s1321
OG0007948	Thhalv10015791m.g	Caamp.1038s0112, Caamp.1041s1320
OG0007949	Thhalv10014014m.g	Caamp.1038s0113, Caamp.1041s1318
OG0007950	Thhalv10015601m.g	Caamp.1041s1317, Caamp.1038s0114
OG0007951	Thhalv10012453m.g	Caamp.1038s0116, Caamp.1041s1315
OG0007952	Thhalv10012883m.g	Caamp.1038s0119, Caamp.1041s1312
OG0007953	Thhalv10012888m.g	Caamp.1038s0120, Caamp.1041s1311
OG0007954	Thhalv10012443m.g	Caamp.1041s1310, Caamp.1038s0121
OG0007955	Thhalv10015793m.g	Caamp.1038s0122, Caamp.1041s1309
OG0007956	Thhalv10014094m.g	Caamp.1038s0127, Caamp.1041s1304
OG0007957	Thhalv10012422m.g	Caamp.1038s0131, Caamp.1041s1300
OG0007958	Thhalv10012982m.g	Caamp.1041s1299, Caamp.1038s0132
OG0007959	Thhalv10014625m.g	Caamp.1038s0133, Caamp.1041s1298
OG0007960	Thhalv10013935m.g	Caamp.1038s0134, Caamp.1041s1297
OG0007961	Thhalv10014938m.g	Caamp.1041s1294, Caamp.1038s0137
OG0007962	Thhalv10014516m.g	Caamp.1041s1292, Caamp.1038s0139
OG0007963	Thhalv10013572m.g	Caamp.1038s0143, Caamp.1041s1289
OG0007964	Thhalv10014743m.g	Caamp.1038s0144, Caamp.1041s1288
OG0007965	Thhalv10013755m.g	Caamp.1041s1280, Caamp.1038s0151
OG0007966	Thhalv10012699m.g	Caamp.1041s1279, Caamp.1038s0152
OG0007967	Thhalv10013721m.g	Caamp.1038s0153, Caamp.1041s1278
OG0007968	Thhalv10013112m.g	Caamp.1038s0154, Caamp.1041s1277
OG0007969	Thhalv10015692m.g	Caamp.1041s1275, Caamp.1038s0157
OG0007970	Thhalv10014234m.g	Caamp.1038s0164, Caamp.1041s1267
OG0007971	Thhalv10013511m.g	Caamp.1041s1266, Caamp.1038s0165
OG0007972	Thhalv10014366m.g	Caamp.1041s1264, Caamp.1038s0167
OG0007973	Thhalv10014434m.g	Caamp.1041s1262, Caamp.1038s0169
OG0007974	Thhalv10014943m.g	Caamp.1038s0173, Caamp.1041s1258
OG0007975	Thhalv10002252m.g	Caamp.1038s0175, Caamp.0095s1391
OG0007976	Thhalv10013095m.g	Caamp.1041s1243, Caamp.1038s0184
OG0007977	Thhalv10015560m.g	Caamp.1041s1240, Caamp.1038s0186
OG0007978	Thhalv10012686m.g	Caamp.1038s0201, Caamp.1041s1222
OG0007979	Thhalv10013024m.g	Caamp.1041s1214, Caamp.1038s0209
OG0007980	Thhalv10012989m.g	Caamp.1038s0216, Caamp.1041s1207
OG0007981	Thhalv10015109m.g	Caamp.1038s0223, Caamp.1041s1199
OG0007982	Thhalv10013117m.g	Caamp.1038s0237, Caamp.1041s1188
OG0007983	Thhalv10013192m.g	Caamp.1038s0244, Caamp.1038s0243
OG0007984	Thhalv10014553m.g	Caamp.1038s0245, Caamp.1041s1184
OG0007985	Thhalv10014721m.g	Caamp.1041s1183, Caamp.1038s0246
OG0007986	Thhalv10023145m.g, Thhalv10015370m.g	Caamp.1041s1182, Caamp.1038s0247
OG0007987	Thhalv10014178m.g	Caamp.1038s0256, Caamp.1041s1173
OG0007988	Thhalv10014007m.g	Caamp.1041s1171, Caamp.1038s0258
OG0007989	Thhalv10014577m.g	Caamp.1038s0263, Caamp.1041s1167
OG0007990	Thhalv10014470m.g	Caamp.1038s0273, Caamp.1041s1158
OG0007991	Thhalv10012570m.g	Caamp.1038s0282, Caamp.1041s1151
OG0007992	Thhalv10012680m.g	Caamp.1041s1144, Caamp.1038s0289
OG0007993	Thhalv10012816m.g	Caamp.1038s0291, Caamp.1041s1142
OG0007994	Thhalv10014059m.g	Caamp.1038s0292, Caamp.1041s1141
OG0007995	Thhalv10013887m.g	Caamp.1041s1137, Caamp.1038s0296
OG0007996	Thhalv10012837m.g	Caamp.1041s1136, Caamp.1038s0298
OG0007997	Thhalv10012843m.g	Caamp.1038s0299, Caamp.1041s1135
OG0007998	Thhalv10014874m.g	Caamp.1041s1133, Caamp.1038s0301
OG0007999	Thhalv10014677m.g	Caamp.1038s0306, Caamp.1041s1128
OG0008000	Thhalv10013829m.g	Caamp.1041s1103, Caamp.1038s0329
OG0008001	Thhalv10014350m.g	Caamp.1041s1097, Caamp.1038s0336
OG0008003	Thhalv10013596m.g	Caamp.1038s0341, Caamp.1041s1093
OG0008004	Thhalv10014215m.g	Caamp.1038s0343, Caamp.1041s1091
OG0008005	Thhalv10013335m.g	Caamp.1038s0348, Caamp.1041s1086
OG0008006	Thhalv10013142m.g	Caamp.1038s0350, Caamp.1041s1084
OG0008007	Thhalv10013429m.g	Caamp.1038s0353, Caamp.1041s1082
OG0008008	Thhalv10013805m.g	Caamp.1041s1077, Caamp.1038s0357
OG0008009	Thhalv10014111m.g	Caamp.1038s0361, Caamp.1041s1073
OG0008010	Thhalv10014763m.g	Caamp.1038s0362, Caamp.1041s1072
OG0008012	Thhalv10013256m.g	Caamp.1038s0366, Caamp.1041s1069
OG0008013	Thhalv10014328m.g	Caamp.1038s0369, Caamp.1041s1064
OG0008014	Thhalv10013081m.g	Caamp.1041s1057, Caamp.1038s0375
OG0008015	Thhalv10012873m.g	Caamp.1041s1055, Caamp.1038s0377
OG0008016	Thhalv10014198m.g	Caamp.1041s1052, Caamp.1038s0380
OG0008018	Thhalv10013869m.g	Caamp.1041s1045, Caamp.1038s0385
OG0008019	Thhalv10015039m.g	Caamp.1038s0393, Caamp.1041s1038
OG0008020	Thhalv10012959m.g	Caamp.1038s0403, Caamp.1041s1027
OG0008021	Thhalv10014214m.g	Caamp.1038s0410, Caamp.1041s1020
OG0008022	Thhalv10013874m.g	Caamp.1038s0411, Caamp.1041s1019
OG0008023	Thhalv10014976m.g	Caamp.1041s1002, Caamp.0052s0352, Caamp.1038s0427
OG0008024	Thhalv10014407m.g	Caamp.1041s0991, Caamp.1038s0436
OG0008025	Thhalv10016099m.g	Caamp.1038s0454, Caamp.1041s0973
OG0008026	Thhalv10013547m.g	Caamp.1038s0459, Caamp.1041s0969
OG0008027	Thhalv10015451m.g	Caamp.1038s0469, Caamp.1041s0959
OG0008028	Thhalv10014696m.g, Thhalv10002636m.g	Caamp.1038s0475
OG0008029	Thhalv10014921m.g	Caamp.1038s0487, Caamp.1041s0945
OG0008030	Thhalv10013926m.g	Caamp.1041s0938, Caamp.1038s0493
OG0008031	Thhalv10013258m.g	Caamp.1041s0935, Caamp.1038s0494
OG0008032	Thhalv10015845m.g	Caamp.1038s0496, Caamp.1041s0933
OG0008033	Thhalv10013129m.g	Caamp.1038s0504
OG0008034	Thhalv10012704m.g	Caamp.1041s0922, Caamp.1038s0505
OG0008035	Thhalv10013959m.g	Caamp.1041s0914, Caamp.1038s0512
OG0008036	Thhalv10002245m.g, Thhalv10015604m.g	Caamp.1041s0913, Caamp.1038s0513
OG0008037	Thhalv10013394m.g	Caamp.1038s0514, Caamp.1041s0912
OG0008038	Thhalv10012799m.g	Caamp.1041s0247, Caamp.1038s0523
OG0008039	Thhalv10013747m.g	Caamp.1041s0250, Caamp.1038s0526
OG0008040	Thhalv10014503m.g	Caamp.1041s0262, Caamp.1041s0261, Caamp.1038s0535
OG0008041	Thhalv10014963m.g, Thhalv10005545m.g	Caamp.1038s0540, Caamp.1041s0267
OG0008042	Thhalv10014452m.g	Caamp.1038s0545, Caamp.1041s0273
OG0008043	Thhalv10013674m.g	Caamp.1038s0548, Caamp.1041s0275
OG0008044	Thhalv10013995m.g	Caamp.1038s0552, Caamp.1041s0279
OG0008045	Thhalv10015226m.g	Caamp.1041s0289, Caamp.1038s0562
OG0008046	Thhalv10015079m.g	Caamp.1041s0298, Caamp.1038s0570
OG0008047	Thhalv10013673m.g	Caamp.1038s0577, Caamp.1041s0306
OG0008048	Thhalv10013445m.g	Caamp.1038s0581, Caamp.1041s0308, Caamp.1038s0579, Caamp.1038s0582
OG0008049	Thhalv10013952m.g	Caamp.1038s0598
OG0008050	Thhalv10013487m.g	Caamp.0105s1391, Caamp.1038s0607
OG0008051	Thhalv10014666m.g	Caamp.0105s1392, Caamp.1038s0608
OG0008052	Thhalv10015523m.g	Caamp.1038s0613, Caamp.0105s1398
OG0008053	Thhalv10014745m.g	Caamp.1038s0614, Caamp.0105s1399
OG0008054	Thhalv10013680m.g	Caamp.1038s0618, Caamp.0105s1403
OG0008055	Thhalv10013913m.g	Caamp.1038s0619
OG0008056	Thhalv10013407m.g	Caamp.0105s1417, Caamp.1038s0628
OG0008057	Thhalv10012619m.g	Caamp.1038s0631, Caamp.0105s1420
OG0008058	Thhalv10013287m.g	Caamp.0105s1422, Caamp.1038s0633
OG0008059	Thhalv10015930m.g	Caamp.1038s0640, Caamp.0105s1431
OG0008060	Thhalv10013504m.g	Caamp.1038s0657, Caamp.0105s1447
OG0008061	Thhalv10014567m.g	Caamp.0105s1448, Caamp.1038s0658
OG0008062	Thhalv10016081m.g	Caamp.0105s1450, Caamp.1038s0660
OG0008063	Thhalv10014291m.g	Caamp.1038s0661, Caamp.0105s1451
OG0008064	Thhalv10015975m.g	Caamp.0105s1454, Caamp.1038s0663
OG0008065	Thhalv10012646m.g	Caamp.0105s1456, Caamp.1038s0665
OG0008066	Thhalv10012726m.g	Caamp.1038s0673, Caamp.0105s1460
OG0008067	Thhalv10014032m.g	Caamp.1038s0674, Caamp.0105s1461
OG0008068	Thhalv10013160m.g	Caamp.1038s0675, Caamp.0105s1462
OG0008069	Thhalv10012782m.g	Caamp.0105s1463, Caamp.1038s0676
OG0008070	Thhalv10013750m.g, Thhalv10027202m.g	Caamp.1038s0685, Caamp.0105s1472
OG0008071	Thhalv10014027m.g	Caamp.1038s0689, Caamp.0105s1473
OG0008072	Thhalv10012993m.g	Caamp.0105s1474, Caamp.1038s0690
OG0008073	Thhalv10012676m.g	Caamp.1038s0692, Caamp.0105s1476
OG0008074	Thhalv10014151m.g, Thhalv10014358m.g	Caamp.1038s0697, Caamp.0105s1484
OG0008075	Thhalv10014650m.g	Caamp.0105s1509, Caamp.1038s0723
OG0008076	Thhalv10015597m.g	Caamp.0105s1512, Caamp.1038s0726
OG0008077	Thhalv10014881m.g	Caamp.0105s1518, Caamp.1038s0732
OG0008078	Thhalv10014928m.g	Caamp.1038s0735, Caamp.0105s1521
OG0008079	Thhalv10013556m.g	Caamp.0105s1524, Caamp.1038s0740
OG0008080	Thhalv10014141m.g	Caamp.0105s1526, Caamp.1038s0742
OG0008081	Thhalv10013329m.g	Caamp.1038s0746, Caamp.0105s1531
OG0008082	Thhalv10015521m.g	Caamp.1038s0747, Caamp.0105s1532
OG0008083	Thhalv10013069m.g	Caamp.0105s1540, Caamp.1038s0755
OG0008084	Thhalv10014825m.g	Caamp.0105s1544, Caamp.1038s0759
OG0008085	Thhalv10013870m.g	Caamp.0105s1547, Caamp.1038s0762
OG0008086	Thhalv10013693m.g	Caamp.1038s0772, Caamp.0105s1557
OG0008087	Thhalv10014370m.g	Caamp.1038s0774, Caamp.0105s1559
OG0008088	Thhalv10013357m.g	Caamp.0105s1564, Caamp.1038s0779
OG0008089	Thhalv10013041m.g	Caamp.0105s1565, Caamp.1038s0780
OG0008090	Thhalv10013820m.g	Caamp.0028s0033, Caamp.1038s0783, Caamp.0105s1568
OG0008091	Thhalv10013418m.g	Caamp.1038s0784, Caamp.0105s1569
OG0008092	Thhalv10012715m.g	Caamp.0105s1570, Caamp.1038s0785
OG0008093	Thhalv10013229m.g	Caamp.1038s0797, Caamp.0105s1582
OG0008094	Thhalv10014886m.g	Caamp.1038s0809, Caamp.0105s1593
OG0008095	Thhalv10014558m.g	Caamp.1038s0816, Caamp.0105s1605
OG0008096	Thhalv10013224m.g	Caamp.1038s0817, Caamp.0105s1606
OG0008097	Thhalv10013906m.g	Caamp.0105s1607, Caamp.1038s0818
OG0008098	Thhalv10013953m.g	Caamp.1038s0820, Caamp.0105s1609
OG0008099	Thhalv10013098m.g	Caamp.1038s0822, Caamp.0105s1611
OG0008100	Thhalv10012946m.g	Caamp.1038s0825, Caamp.0105s1614
OG0008101	Thhalv10013243m.g	Caamp.1038s0838, Caamp.0105s1625
OG0008102	Thhalv10013296m.g	Caamp.1038s0850, Caamp.0105s1638
OG0008103	Thhalv10012990m.g	Caamp.0105s1643, Caamp.1038s0856
OG0008104	Thhalv10014187m.g	Caamp.0105s1646, Caamp.0005s0132, Caamp.1038s0859
OG0008105	Thhalv10012596m.g	Caamp.1038s0862, Caamp.0105s1650
OG0008106	Thhalv10012899m.g	Caamp.0105s1658, Caamp.1038s0870
OG0008107	Thhalv10012741m.g	Caamp.0105s1660, Caamp.1038s0872
OG0008108	Thhalv10015623m.g, Thhalv10023175m.g	Caamp.0105s1663, Caamp.1038s0874
OG0008109	Thhalv10012611m.g	Caamp.0105s1676, Caamp.1038s0886
OG0008111	Thhalv10014494m.g	Caamp.0105s1679, Caamp.1038s0889
OG0008112	Thhalv10014068m.g	Caamp.0105s1680, Caamp.1038s0890
OG0008113	Thhalv10013110m.g	Caamp.1038s0892, Caamp.0105s1682
OG0008114	Thhalv10013000m.g	Caamp.1038s0897
OG0008115	Thhalv10015730m.g, Thhalv10015856m.g	Caamp.1038s0900
OG0008116	Thhalv10016111m.g	Caamp.0105s1693, Caamp.1038s0901
OG0008117	Thhalv10014371m.g	Caamp.1038s0914, Caamp.0105s1697
OG0008118	Thhalv10012432m.g	Caamp.0105s1717, Caamp.1038s0928
OG0008119	Thhalv10014896m.g	Caamp.0105s1724, Caamp.1038s0935
OG0008120	Thhalv10013253m.g	Caamp.1038s0936, Caamp.0105s1725
OG0008121	Thhalv10013048m.g	Caamp.0105s1749, Caamp.1038s0956
OG0008122	Thhalv10012602m.g	Caamp.1038s0959, Caamp.0105s1753
OG0008123	Thhalv10013349m.g	Caamp.1038s0973, Caamp.0105s1774, Caamp.0105s1781
OG0008124	Thhalv10015146m.g	Caamp.0105s1782, Caamp.1038s0974, Caamp.0105s1775
OG0008125	Thhalv10014711m.g, Thhalv10003274m.g	Caamp.1038s0983
OG0008126	Thhalv10013954m.g	Caamp.1038s0988, Caamp.0105s1811
OG0008127	Thhalv10013246m.g	Caamp.1038s1025, Caamp.0105s1856
OG0008128	Thhalv10014308m.g	Caamp.0105s1851, Caamp.1038s1032
OG0008129	Thhalv10012661m.g	Caamp.1038s1041
OG0008130	Thhalv10012430m.g	Caamp.0105s1841, Caamp.1038s1045
OG0008131	Thhalv10013408m.g	Caamp.0105s1826, Caamp.1038s1051
OG0008132	Thhalv10013252m.g	Caamp.1038s1060, Caamp.0105s1838
OG0008133	Thhalv10012858m.g	Caamp.0105s1879, Caamp.1038s1063
OG0008134	Thhalv10012673m.g, Thhalv10015221m.g	Caamp.1038s1064, Caamp.0105s1880
OG0008135	Thhalv10013211m.g	Caamp.1038s1067, Caamp.0105s1883
OG0008136	Thhalv10012411m.g	Caamp.1038s1068, Caamp.0105s1884
OG0008137	Thhalv10013737m.g	Caamp.1038s1069, Caamp.0105s1885
OG0008138	Thhalv10015838m.g	Caamp.0105s1899, Caamp.1038s1087
OG0008139	Thhalv10012876m.g	Caamp.1038s1096, Caamp.0105s1905
OG0008140	Thhalv10013145m.g	Caamp.0105s1908, Caamp.1038s1098
OG0008141	Thhalv10014073m.g	Caamp.1038s1110, Caamp.0105s1916
OG0008142	Thhalv10013125m.g	Caamp.1038s1112, Caamp.0105s1918
OG0008143	Thhalv10014175m.g	Caamp.0105s1923, Caamp.1038s1118, Caamp.0105s1798
OG0008144	Thhalv10014166m.g	Caamp.0105s1930, Caamp.1038s1127
OG0008145	Thhalv10013781m.g	Caamp.0105s1951, Caamp.1038s1162
OG0008146	Thhalv10012898m.g	Caamp.1038s1165, Caamp.0105s1955
OG0008147	Thhalv10014673m.g	Caamp.1038s1172, Caamp.0105s1961
OG0008148	Thhalv10012579m.g	Caamp.0105s1969, Caamp.1038s1181
OG0008149	Thhalv10015537m.g	Caamp.0105s1970, Caamp.1038s1182
OG0008150	Thhalv10014700m.g	Caamp.0105s1971, Caamp.1038s1183
OG0008151	Thhalv10013451m.g	Caamp.0105s1973, Caamp.1038s1185
OG0008152	Thhalv10013730m.g	Caamp.0105s1974, Caamp.1038s1186
OG0008153	Thhalv10012735m.g	Caamp.1038s1188, Caamp.0105s1976
OG0008154	Thhalv10013951m.g	Caamp.0105s1979, Caamp.1038s1190
OG0008155	Thhalv10013688m.g	Caamp.1038s1193, Caamp.0105s1984
OG0008156	Thhalv10027615m.g	Caamp.1039s0001
OG0008157	Thhalv10000275m.g	Caamp.1039s0004, Caamp.0059s0116
OG0008158	Thhalv10000116m.g	Caamp.0059s0111, Caamp.1039s0011
OG0008159	Thhalv10000232m.g	Caamp.1039s0020, Caamp.0059s0101
OG0008160	Thhalv10000129m.g	Caamp.1039s0030, Caamp.0059s0094
OG0008161	Thhalv10000241m.g	Caamp.0059s0080, Caamp.1039s0044
OG0008163	Thhalv10000174m.g	Caamp.1039s0053, Caamp.0059s0070
OG0008164	Thhalv10000056m.g	Caamp.0059s0056, Caamp.0041s0024, Caamp.1039s0065
OG0008165	Thhalv10000389m.g, Thhalv10027169m.g	Caamp.1039s0066, Caamp.0059s0054
OG0008166	Thhalv10000578m.g	Caamp.1039s0072, Caamp.0059s0042
OG0008167	Thhalv10000307m.g	Caamp.0059s0040, Caamp.1039s0079
OG0008168	Thhalv10000172m.g	Caamp.0059s0035, Caamp.1039s0086
OG0008169	Thhalv10000325m.g	Caamp.0059s0033, Caamp.1039s0088
OG0008170	Thhalv10000015m.g	Caamp.0059s0030, Caamp.1039s0091
OG0008171	Thhalv10000053m.g, Thhalv10000473m.g	Caamp.0059s0028, Caamp.1039s0095
OG0008172	Thhalv10000197m.g	Caamp.1039s0098, Caamp.0059s0025, Caamp.0093s0033
OG0008173	Thhalv10000252m.g	Caamp.1039s0099, Caamp.0059s0024
OG0008174	Thhalv10000093m.g	Caamp.0059s0015, Caamp.1039s0109
OG0008176	Thhalv10000268m.g	Caamp.1039s0112, Caamp.0059s0013
OG0008177	Thhalv10000026m.g	Caamp.0059s0011, Caamp.1039s0115
OG0008179	Thhalv10000215m.g	Caamp.0096s0007, Caamp.1039s0135
OG0008180	Thhalv10000697m.g	Caamp.0096s0022, Caamp.1039s0148
OG0008181	Thhalv10000080m.g	Caamp.0096s0027, Caamp.1039s0154
OG0008182	Thhalv10000251m.g	Caamp.1039s0159, Caamp.0096s0032
OG0008183	Thhalv10000248m.g	Caamp.1039s0163, Caamp.0096s0038
OG0008184	Thhalv10000124m.g	Caamp.0096s0040, Caamp.1039s0168
OG0008185	Thhalv10000721m.g	Caamp.1039s0269
OG0008187	Thhalv10000279m.g	Caamp.1039s0336, Caamp.1039s0337
OG0008188	Thhalv10000031m.g, Thhalv10000463m.g	Caamp.1039s0385
OG0008189	Thhalv10009934m.g	Caamp.0190s0077
OG0008189	Thhalv10027600m.g, Thhalv10005289m.g	Caamp.1039s0395
OG0008190	Thhalv10006102m.g	Caamp.0095s0610, Caamp.1039s0448
OG0008191	Thhalv10005913m.g	Caamp.1039s0452, Caamp.0095s0609
OG0008192	Thhalv10005957m.g	Caamp.0095s0597, Caamp.1039s0461
OG0008193	Thhalv10021246m.g	Caamp.1039s0466, Caamp.0078s1101
OG0008194	Thhalv10021442m.g	Caamp.1039s0467, Caamp.0078s1100
OG0008195	Thhalv10020283m.g	Caamp.1039s0474, Caamp.0078s1096
OG0008196	Thhalv10021417m.g	Caamp.1039s0484, Caamp.0078s1088
OG0008197	Thhalv10020355m.g	Caamp.0078s1085, Caamp.1039s0487
OG0008198	Thhalv10020494m.g	Caamp.1039s0488, Caamp.0078s1084
OG0008199	Thhalv10021510m.g	Caamp.1039s0489, Caamp.0078s1083
OG0008200	Thhalv10022066m.g	Caamp.1039s0493, Caamp.0078s1079
OG0008201	Thhalv10019875m.g	Caamp.1039s0502, Caamp.0078s1069
OG0008202	Thhalv10022038m.g	Caamp.1039s0504, Caamp.0078s1067
OG0008203	Thhalv10021431m.g	Caamp.0078s1059, Caamp.1039s0512
OG0008204	Thhalv10022193m.g	Caamp.0078s1054, Caamp.1039s0516
OG0008205	Thhalv10020738m.g	Caamp.1039s0521
OG0008206	Thhalv10020193m.g	Caamp.0078s1121, Caamp.1039s0525
OG0008207	Thhalv10020238m.g	Caamp.0078s1122, Caamp.1039s0526
OG0008208	Thhalv10019893m.g	Caamp.0078s1123, Caamp.1039s0527
OG0008209	Thhalv10020893m.g	Caamp.1039s0528, Caamp.0078s1126
OG0008210	Thhalv10021566m.g	Caamp.1039s0529, Caamp.0078s1127
OG0008211	Thhalv10022332m.g	Caamp.0078s1131, Caamp.1039s0534
OG0008212	Thhalv10022264m.g	Caamp.0078s1132, Caamp.1039s0535
OG0008213	Thhalv10021450m.g	Caamp.0078s1135, Caamp.1039s0538
OG0008214	Thhalv10021050m.g	Caamp.0078s1138, Caamp.1039s0541
OG0008215	Thhalv10020839m.g	Caamp.1039s0547, Caamp.0078s1145
OG0008216	Thhalv10020742m.g	Caamp.0078s1149, Caamp.1039s0552
OG0008217	Thhalv10020643m.g	Caamp.0078s1154, Caamp.1039s0558
OG0008218	Thhalv10020444m.g	Caamp.1039s0561, Caamp.0078s1157
OG0008219	Thhalv10020224m.g	Caamp.1039s0570, Caamp.0078s1165
OG0008220	Thhalv10021940m.g	Caamp.0078s1174, Caamp.1039s0576
OG0008221	Thhalv10022216m.g	Caamp.1039s0579, Caamp.0078s1177
OG0008222	Thhalv10021596m.g, Thhalv10021903m.g, Thhalv10008817m.g, Thhalv10022187m.g	Caamp.1039s0584
OG0008223	Thhalv10020591m.g	Caamp.1039s0593, Caamp.0078s1188
OG0008224	Thhalv10021279m.g	Caamp.1039s0594, Caamp.0078s1189
OG0008225	Thhalv10020056m.g	Caamp.0078s1190, Caamp.1039s0595
OG0008226	Thhalv10021213m.g	Caamp.1039s0599, Caamp.0078s1196
OG0008227	Thhalv10020544m.g	Caamp.0078s1199, Caamp.1039s0603
OG0008228	Thhalv10021711m.g	Caamp.0078s1208, Caamp.1039s0610
OG0008229	Thhalv10021809m.g	Caamp.1039s0613, Caamp.0078s1212
OG0008230	Thhalv10012303m.g	Caamp.0046s0121, Caamp.1039s0619, Caamp.0078s1218
OG0008231	Thhalv10020519m.g	Caamp.0078s1223, Caamp.1039s0624
OG0008232	Thhalv10020945m.g	Caamp.0076s1302, Caamp.1039s0650
OG0008233	Thhalv10019882m.g	Caamp.1039s0653, Caamp.0076s1306
OG0008234	Thhalv10022171m.g	Caamp.1039s0658
OG0008236	Thhalv10021108m.g	Caamp.0076s1323, Caamp.1039s0672
OG0008237	Thhalv10011222m.g	Caamp.1039s0674, Caamp.0076s1325
OG0008238	Thhalv10022020m.g	Caamp.1039s0687, Caamp.0076s1340
OG0008239	Thhalv10020339m.g	Caamp.0076s1341, Caamp.1039s0688
OG0008240	Thhalv10021064m.g	Caamp.0076s1351, Caamp.1039s0690
OG0008241	Thhalv10021120m.g	Caamp.0076s1350, Caamp.1039s0691
OG0008242	Thhalv10022041m.g	Caamp.0076s1354, Caamp.1039s0702
OG0008243	Thhalv10022387m.g	Caamp.1039s0703, Caamp.0076s1355
OG0008244	Thhalv10020708m.g	Caamp.1039s0706, Caamp.0076s1358
OG0008245	Thhalv10022096m.g	Caamp.0076s1362, Caamp.1039s0710
OG0008246	Thhalv10019928m.g	Caamp.0076s1364, Caamp.1039s0712
OG0008247	Thhalv10020891m.g	Caamp.0076s1365, Caamp.1039s0713
OG0008248	Thhalv10020847m.g, Thhalv10012347m.g	Caamp.1039s0714, Caamp.0076s1366
OG0008249	Thhalv10020985m.g	Caamp.1039s0721, Caamp.0076s1374
OG0008250	Thhalv10021284m.g	Caamp.1039s0723, Caamp.0076s1376
OG0008251	Thhalv10022416m.g	Caamp.1039s0733, Caamp.0076s1386
OG0008252	Thhalv10020987m.g	Caamp.1039s0736, Caamp.0076s1389
OG0008253	Thhalv10021913m.g	Caamp.0105s0001, Caamp.1039s0737
OG0008254	Thhalv10022058m.g	Caamp.1039s0738, Caamp.0105s0002
OG0008255	Thhalv10021617m.g	Caamp.1039s0739, Caamp.0105s0003
OG0008256	Thhalv10020348m.g	Caamp.1039s0745, Caamp.0105s0010
OG0008257	Thhalv10020797m.g	Caamp.1039s0746, Caamp.0105s0011
OG0008258	Thhalv10020387m.g	Caamp.1039s0754, Caamp.0105s0018
OG0008259	Thhalv10021581m.g	Caamp.1039s0755, Caamp.0105s0020
OG0008260	Thhalv10020171m.g	Caamp.1039s0757, Caamp.0105s0022
OG0008261	Thhalv10020907m.g	Caamp.1039s0760, Caamp.0105s0024
OG0008262	Thhalv10020606m.g	Caamp.1039s0762, Caamp.0105s0027
OG0008263	Thhalv10020024m.g	Caamp.0105s0030, Caamp.1039s0765
OG0008264	Thhalv10021174m.g	Caamp.1039s0768, Caamp.0105s0034
OG0008265	Thhalv10021257m.g	Caamp.0105s0038, Caamp.1039s0772
OG0008266	Thhalv10021647m.g	Caamp.1039s0789, Caamp.0105s0052
OG0008267	Thhalv10022326m.g	Caamp.0105s0053, Caamp.1039s0790
OG0008268	Thhalv10021670m.g	Caamp.0105s0054, Caamp.1039s0791
OG0008269	Thhalv10021338m.g	Caamp.0105s0055, Caamp.1039s0792
OG0008270	Thhalv10020740m.g	Caamp.0105s0062, Caamp.1039s0797
OG0008271	Thhalv10021746m.g	Caamp.1039s0800, Caamp.0105s0064
OG0008272	Thhalv10021241m.g	Caamp.1039s0807, Caamp.0105s0069
OG0008273	Thhalv10022443m.g	Caamp.0105s0070, Caamp.1039s0808
OG0008274	Thhalv10022366m.g	Caamp.1039s0810, Caamp.0105s0072
OG0008275	Thhalv10020273m.g	Caamp.0051s0088, Caamp.1039s0824
OG0008276	Thhalv10020585m.g	Caamp.1039s0831, Caamp.0051s0094
OG0008277	Thhalv10020703m.g	Caamp.1039s0843, Caamp.0051s0104
OG0008278	Thhalv10020736m.g	Caamp.1039s0844, Caamp.0051s0108
OG0008279	Thhalv10021523m.g	Caamp.1039s0846, Caamp.0051s0110
OG0008280	Thhalv10019999m.g	Caamp.0051s0111, Caamp.1039s0847
OG0008281	Thhalv10020187m.g	Caamp.0051s0112, Caamp.1039s0848
OG0008282	Thhalv10021943m.g	Caamp.0051s0117, Caamp.1039s0853
OG0008283	Thhalv10020915m.g	Caamp.0051s0120, Caamp.1039s0856
OG0008284	Thhalv10021008m.g	Caamp.0051s0122, Caamp.1039s0858
OG0008285	Thhalv10020474m.g	Caamp.1039s0859, Caamp.0051s0123
OG0008286	Thhalv10020667m.g	Caamp.0051s0124, Caamp.1039s0860
OG0008287	Thhalv10020849m.g	Caamp.1039s0867, Caamp.0051s0129
OG0008288	Thhalv10021044m.g	Caamp.1039s0869, Caamp.0051s0132
OG0008289	Thhalv10021205m.g	Caamp.0051s0145, Caamp.1039s0879
OG0008290	Thhalv10020624m.g	Caamp.0051s0147, Caamp.1039s0881
OG0008291	Thhalv10019948m.g	Caamp.0051s0150, Caamp.1039s0884
OG0008292	Thhalv10021196m.g	Caamp.0051s0168, Caamp.1039s0902
OG0008293	Thhalv10020210m.g	Caamp.1039s0905, Caamp.0051s0171
OG0008294	Thhalv10021065m.g	Caamp.0051s0175, Caamp.1039s0908
OG0008295	Thhalv10020928m.g	Caamp.0051s0177, Caamp.1039s0911
OG0008296	Thhalv10021463m.g	Caamp.0051s0180, Caamp.1039s0914
OG0008297	Thhalv10021610m.g	Caamp.0051s0181, Caamp.1039s0915
OG0008298	Thhalv10022234m.g, Thhalv10022317m.g	Caamp.1039s0917, Caamp.0051s0183, Caamp.1039s0918
OG0008299	Thhalv10021273m.g	Caamp.1039s0936, Caamp.0051s0201
OG0008300	Thhalv10020672m.g	Caamp.0051s0204, Caamp.1039s0939
OG0008301	Thhalv10022081m.g	Caamp.0051s0207, Caamp.1039s0942
OG0008302	Thhalv10021096m.g	Caamp.0051s0218, Caamp.1039s0952
OG0008303	Thhalv10021436m.g	Caamp.1039s0959, Caamp.0051s0225
OG0008304	Thhalv10021109m.g	Caamp.0051s0236, Caamp.1039s0970
OG0008305	Thhalv10020677m.g	Caamp.1039s0971, Caamp.0051s0237
OG0008306	Thhalv10020777m.g	Caamp.1039s0972, Caamp.0051s0238
OG0008307	Thhalv10020537m.g	Caamp.0051s0240, Caamp.1039s0974
OG0008308	Thhalv10021570m.g	Caamp.1039s0983, Caamp.0051s0248
OG0008309	Thhalv10021515m.g	Caamp.1039s0986
OG0008310	Thhalv10020566m.g	Caamp.0051s0257, Caamp.1039s0993
OG0008311	Thhalv10020321m.g	Caamp.1039s0996, Caamp.0051s0260
OG0008312	Thhalv10020989m.g	Caamp.1039s1004, Caamp.0051s0268
OG0008313	Thhalv10021375m.g	Caamp.1039s1005, Caamp.0051s0269
OG0008314	Thhalv10020483m.g	Caamp.0051s0270, Caamp.1039s1006
OG0008315	Thhalv10020479m.g	Caamp.0051s0271, Caamp.1039s1007
OG0008316	Thhalv10020957m.g	Caamp.0051s0273, Caamp.1039s1009
OG0008317	Thhalv10020806m.g	Caamp.0051s0277, Caamp.1039s1013
OG0008318	Thhalv10021470m.g	Caamp.1039s1015, Caamp.0051s0279
OG0008319	Thhalv10020186m.g	Caamp.1039s1022, Caamp.0051s0287
OG0008320	Thhalv10020065m.g	Caamp.0051s0289, Caamp.1039s1024
OG0008321	Thhalv10021135m.g	Caamp.1039s1029, Caamp.0051s0294
OG0008322	Thhalv10020343m.g	Caamp.0051s0296, Caamp.1039s1032
OG0008323	Thhalv10022218m.g, Thhalv10021908m.g, Thhalv10022103m.g	Caamp.1039s1034
OG0008324	Thhalv10020568m.g	Caamp.1039s1036, Caamp.0051s0299
OG0008325	Thhalv10020006m.g	Caamp.0051s0302, Caamp.1039s1041
OG0008326	Thhalv10021948m.g	Caamp.0051s0303, Caamp.1039s1042
OG0008327	Thhalv10021489m.g	Caamp.0051s0306, Caamp.1039s1045
OG0008328	Thhalv10020243m.g	Caamp.1039s1053, Caamp.0051s0314
OG0008329	Thhalv10021951m.g	Caamp.1039s1066, Caamp.0051s0328
OG0008330	Thhalv10021473m.g	Caamp.1039s1067, Caamp.0051s0329
OG0008331	Thhalv10020178m.g	Caamp.1039s1071, Caamp.0051s0333
OG0008332	Thhalv10021280m.g	Caamp.1039s1084, Caamp.0051s0345
OG0008333	Thhalv10021075m.g	Caamp.1039s1089, Caamp.0051s0350
OG0008335	Thhalv10020326m.g	Caamp.1039s1099, Caamp.0051s0361
OG0008336	Thhalv10020763m.g	Caamp.1039s1100, Caamp.0051s0362
OG0008337	Thhalv10021599m.g	Caamp.0051s0370, Caamp.1039s1109
OG0008338	Thhalv10020524m.g	Caamp.0051s0375, Caamp.1039s1113
OG0008339	Thhalv10020772m.g	Caamp.1039s1115, Caamp.0051s0379
OG0008340	Thhalv10020248m.g	Caamp.1039s1116, Caamp.0051s0380
OG0008341	Thhalv10020826m.g	Caamp.1039s1117, Caamp.0051s0381
OG0008342	Thhalv10022190m.g	Caamp.1039s1122, Caamp.0051s0386
OG0008343	Thhalv10020714m.g	Caamp.1039s1123, Caamp.1039s1124
OG0008344	Thhalv10020332m.g	Caamp.1039s1127, Caamp.0051s0388
OG0008345	Thhalv10020369m.g	Caamp.1039s1133
OG0008346	Thhalv10021324m.g	Caamp.1039s1134
OG0008347	Thhalv10022061m.g	Caamp.1039s1146, Caamp.0053s0005
OG0008348	Thhalv10027315m.g, Thhalv10020646m.g	Caamp.1039s1148, Caamp.0053s0007
OG0008349	Thhalv10021227m.g	Caamp.1039s1149, Caamp.0053s0008
OG0008350	Thhalv10023492m.g	Caamp.0011s0065, Caamp.1039s1152
OG0008351	Thhalv10019995m.g	Caamp.0053s0010, Caamp.1039s1153
OG0008352	Thhalv10019965m.g	Caamp.1039s1164, Caamp.0053s0019
OG0008353	Thhalv10021482m.g	Caamp.1039s1175, Caamp.0053s0031
OG0008354	Thhalv10021098m.g	Caamp.0053s0032, Caamp.1039s1176
OG0008355	Thhalv10020528m.g	Caamp.0053s0034, Caamp.1039s1178
OG0008356	Thhalv10021184m.g	Caamp.0053s0048, Caamp.1039s1191
OG0008357	Thhalv10022051m.g	Caamp.0053s0050
OG0008357	Thhalv10001846m.g	Caamp.0057s0010
OG0008358	Thhalv10020513m.g	Caamp.1039s1193
OG0008359	Thhalv10022177m.g, Thhalv10022395m.g	Caamp.1039s1195, Caamp.0053s0052
OG0008360	Thhalv10021049m.g	Caamp.1039s1208, Caamp.0053s0060
OG0008361	Thhalv10020782m.g	Caamp.0053s0062, Caamp.1039s1210
OG0008362	Thhalv10020459m.g	Caamp.1039s1214, Caamp.0053s0065
OG0008363	Thhalv10020870m.g	Caamp.0053s0069, Caamp.1039s1219
OG0008365	Thhalv10020019m.g	Caamp.1039s1228, Caamp.0053s0079
OG0008366	Thhalv10021737m.g	Caamp.0053s0080, Caamp.1039s1229
OG0008367	Thhalv10020863m.g	Caamp.1039s1236, Caamp.0053s0085
OG0008368	Thhalv10021550m.g	Caamp.1039s1242, Caamp.0053s0090
OG0008369	Thhalv10020212m.g	Caamp.1039s1243, Caamp.0053s0091
OG0008370	Thhalv10022358m.g	Caamp.1039s1245
OG0008371	Thhalv10022088m.g	Caamp.0053s0103, Caamp.1039s1256
OG0008372	Thhalv10020318m.g	Caamp.0053s0130, Caamp.1039s1272
OG0008373	Thhalv10020189m.g	Caamp.1039s1273, Caamp.0053s0129
OG0008374	Thhalv10021027m.g	Caamp.1039s1279, Caamp.0053s0121
OG0008375	Thhalv10021270m.g	Caamp.1039s1282, Caamp.0053s0117
OG0008376	Thhalv10021300m.g	Caamp.1039s1284, Caamp.0053s0115
OG0008377	Thhalv10020874m.g	Caamp.1039s1285, Caamp.0053s0134
OG0008378	Thhalv10020970m.g	Caamp.0053s0136, Caamp.1039s1288
OG0008379	Thhalv10020803m.g	Caamp.0053s0138, Caamp.1039s1290
OG0008380	Thhalv10021146m.g, Thhalv10021148m.g	Caamp.1039s1291, Caamp.0053s0139
OG0008381	Thhalv10021034m.g	Caamp.1039s1294, Caamp.0053s0141
OG0008382	Thhalv10021871m.g	Caamp.1039s1304, Caamp.0053s0151
OG0008383	Thhalv10020447m.g	Caamp.1039s1305, Caamp.0053s0152
OG0008384	Thhalv10020453m.g	Caamp.1039s1307, Caamp.0053s0154
OG0008385	Thhalv10022273m.g	Caamp.1039s1308, Caamp.1039s1309
OG0008386	Thhalv10021117m.g	Caamp.0053s0157, Caamp.1039s1312
OG0008387	Thhalv10020997m.g	Caamp.1039s1317, Caamp.0053s0160
OG0008389	Thhalv10019982m.g	Caamp.0053s0167, Caamp.1039s1324
OG0008390	Thhalv10020930m.g	Caamp.1039s1334, Caamp.1039s1335, Caamp.0053s0173
OG0008391	Thhalv10021637m.g	Caamp.1039s1336, Caamp.0053s0174
OG0008392	Thhalv10022118m.g	Caamp.1039s1340, Caamp.0053s0178
OG0008393	Thhalv10022045m.g	Caamp.1039s1342, Caamp.0053s0180
OG0008394	Thhalv10021267m.g	Caamp.0053s0183, Caamp.1039s1345
OG0008395	Thhalv10021907m.g	Caamp.0053s0192, Caamp.1039s1352
OG0008396	Thhalv10021287m.g	Caamp.0053s0195, Caamp.1039s1356
OG0008397	Thhalv10021371m.g	Caamp.1039s1361
OG0008398	Thhalv10020073m.g	Caamp.1041s1842, Caamp.1039s1369
OG0008399	Thhalv10020711m.g	Caamp.1041s1853, Caamp.1039s1378
OG0008400	Thhalv10021399m.g	Caamp.1041s1854, Caamp.1039s1379
OG0008401	Thhalv10020108m.g	Caamp.1041s1855, Caamp.1039s1380
OG0008402	Thhalv10021173m.g	Caamp.1039s1382, Caamp.1041s1857
OG0008403	Thhalv10025257m.g	Caamp.1039s1389, Caamp.0190s1124
OG0008404	Thhalv10020023m.g	Caamp.1041s1866, Caamp.1039s1392
OG0008405	Thhalv10020858m.g	Caamp.1041s1867, Caamp.1039s1393
OG0008406	Thhalv10020315m.g	Caamp.1039s1395, Caamp.1041s1869
OG0008408	Thhalv10022168m.g	Caamp.1039s1406, Caamp.0076s1149
OG0008409	Thhalv10021506m.g	Caamp.1039s1408, Caamp.0076s1151
OG0008410	Thhalv10020938m.g	Caamp.1039s1423, Caamp.0076s1167
OG0008411	Thhalv10020373m.g	Caamp.0076s1168, Caamp.1039s1424
OG0008412	Thhalv10021765m.g	Caamp.0076s1173, Caamp.1039s1428
OG0008413	Thhalv10022129m.g	Caamp.0076s1180, Caamp.1039s1436
OG0008414	Thhalv10019976m.g	Caamp.1039s1447, Caamp.0076s1188
OG0008415	Thhalv10020692m.g	Caamp.1039s1448, Caamp.0076s1189
OG0008416	Thhalv10020060m.g	Caamp.1039s1450, Caamp.0076s1191
OG0008417	Thhalv10021641m.g	Caamp.0076s1193, Caamp.1039s1451
OG0008418	Thhalv10021696m.g	Caamp.1039s1468, Caamp.0076s1214
OG0008419	Thhalv10022411m.g, Thhalv10022053m.g, Thhalv10022071m.g	Caamp.1039s1476
OG0008420	Thhalv10021563m.g	Caamp.1039s1478, Caamp.0076s1224
OG0008421	Thhalv10021600m.g	Caamp.0076s1233, Caamp.1039s1484
OG0008422	Thhalv10021276m.g	Caamp.1039s1487, Caamp.0076s1236
OG0008423	Thhalv10021194m.g	Caamp.1039s1493
OG0008424	Thhalv10021169m.g	Caamp.0076s1255, Caamp.1039s1509
OG0008425	Thhalv10002586m.g	Caamp.1039s1516, Caamp.0076s1263
OG0008426	Thhalv10002553m.g	Caamp.1039s1517, Caamp.0076s1264
OG0008427	Thhalv10002513m.g	Caamp.0076s1273, Caamp.1039s1525
OG0008428	Thhalv10002580m.g	Caamp.1039s1536, Caamp.0076s1281
OG0008429	Thhalv10002459m.g	Caamp.0076s1289, Caamp.1039s1546
OG0008430	Thhalv10002792m.g	Caamp.0076s1294, Caamp.1039s1550
OG0008431	Thhalv10002585m.g	Caamp.1039s1551, Caamp.0076s1295
OG0008432	Thhalv10002625m.g	Caamp.1039s1555, Caamp.0026s0003
OG0008433	Thhalv10002654m.g	Caamp.0026s0004, Caamp.1039s1556
OG0008434	Thhalv10002424m.g	Caamp.0026s0009, Caamp.1039s1560
OG0008435	Thhalv10002511m.g	Caamp.1039s1565, Caamp.0026s0012
OG0008437	Thhalv10003020m.g	Caamp.0058s0190, Caamp.0005s0043, Caamp.1039s1580
OG0008438	Thhalv10002630m.g	Caamp.0026s0028, Caamp.1039s1584
OG0008439	Thhalv10002376m.g	Caamp.1039s1585, Caamp.0026s0029
OG0008440	Thhalv10002375m.g	Caamp.0026s0031, Caamp.1039s1589
OG0008441	Thhalv10002545m.g	Caamp.1039s1598, Caamp.0026s0039
OG0008442	Thhalv10002622m.g	Caamp.1039s1611, Caamp.0026s0056
OG0008443	Thhalv10002481m.g	Caamp.1039s1615, Caamp.0026s0062
OG0008444	Thhalv10002378m.g	Caamp.1039s1620, Caamp.0026s0068
OG0008445	Thhalv10002631m.g	Caamp.1039s1622, Caamp.0026s0070
OG0008446	Thhalv10016113m.g	Caamp.0026s0073
OG0008446	Thhalv10002571m.g	Caamp.1039s1625
OG0008447	Thhalv10002739m.g	Caamp.0026s0075, Caamp.1039s1626
OG0008448	Thhalv10002629m.g	Caamp.1039s1637
OG0008449	Thhalv10002452m.g	Caamp.1039s1640
OG0008450	Thhalv10002777m.g	Caamp.0026s0100, Caamp.1039s1649
OG0008451	Thhalv10002869m.g, Thhalv10002753m.g	Caamp.1039s1650
OG0008452	Thhalv10017997m.g	Caamp.1039s1659, Caamp.0026s0111
OG0008453	Thhalv10002940m.g	Caamp.1039s1662, Caamp.1039s1663
OG0008454	Thhalv10002449m.g	Caamp.0026s0124, Caamp.1039s1664
OG0008455	Thhalv10002639m.g	Caamp.0026s0129, Caamp.1039s1668
OG0008456	Thhalv10002385m.g	Caamp.0026s0146, Caamp.1039s1685
OG0008457	Thhalv10002687m.g	Caamp.1039s1688, Caamp.0052s0627, Caamp.0026s0151
OG0008458	Thhalv10003061m.g	Caamp.1039s1696, Caamp.1039s1695
OG0008459	Thhalv10028633m.g	Caamp.1040s0053
OG0008460	Thhalv10029026m.g	Caamp.1041s1578, Caamp.1040s0193
OG0008461	Thhalv10028823m.g	Caamp.1040s0206, Caamp.1041s1592
OG0008462	Thhalv10028548m.g	Caamp.1041s1593, Caamp.1040s0208
OG0008463	Thhalv10002719m.g	Caamp.1041s1601
OG0008463	Thhalv10028943m.g	Caamp.1040s0216
OG0008464	Thhalv10028953m.g	Caamp.1041s1605, Caamp.1040s0220
OG0008465	Thhalv10028829m.g	Caamp.1040s0221, Caamp.1041s1606
OG0008466	Thhalv10028824m.g	Caamp.1040s0225, Caamp.1041s1610
OG0008467	Thhalv10029066m.g	Caamp.1040s0228, Caamp.1041s1613
OG0008468	Thhalv10028701m.g	Caamp.1040s0233, Caamp.1041s1617
OG0008469	Thhalv10028410m.g	Caamp.1040s0234, Caamp.1041s1618
OG0008470	Thhalv10028968m.g	Caamp.1040s0238, Caamp.1041s1622
OG0008471	Thhalv10028691m.g	Caamp.1041s1623, Caamp.1040s0239, Caamp.0190s0025
OG0008472	Thhalv10028762m.g	Caamp.1041s1627, Caamp.1040s0243
OG0008473	Thhalv10012889m.g	Caamp.1040s0387
OG0008474	Thhalv10012808m.g, Thhalv10014236m.g	Caamp.1040s0450
OG0008475	Thhalv10000517m.g, Thhalv10013096m.g	Caamp.1040s0718
OG0008476	Thhalv10015854m.g	Caamp.1040s0843
OG0008476	Thhalv10014033m.g	Caamp.1040s0842
OG0008477	Thhalv10011594m.g	Caamp.0027s0031, Caamp.1040s0968, Caamp.0004s0127
OG0008478	Thhalv10010173m.g, Thhalv10013529m.g	Caamp.1040s1062
OG0008479	Thhalv10013059m.g	Caamp.1041s0996, Caamp.1040s1122
OG0008481	Thhalv10005381m.g, Thhalv10023119m.g, Thhalv10010905m.g, Thhalv10024019m.g, Thhalv10002240m.g	Caamp.1040s1338
OG0008482	Thhalv10026096m.g	Caamp.0190s0845, Caamp.1040s1350
OG0008483	Thhalv10002933m.g	Caamp.0012s0092
OG0008483	Thhalv10002271m.g	Caamp.1040s1353
OG0008486	Thhalv10028347m.g	Caamp.1041s0002
OG0008487	Thhalv10027832m.g	Caamp.1041s0005
OG0008488	Thhalv10027703m.g	Caamp.0044s0004, Caamp.1041s0017
OG0008489	Thhalv10027796m.g	Caamp.1041s0020, Caamp.0059s0119
OG0008490	Thhalv10027624m.g	Caamp.0059s0124, Caamp.1041s0025
OG0008491	Thhalv10023764m.g	Caamp.0303s1073, Caamp.0266s0034, Caamp.0044s0018, Caamp.1041s0035
OG0008492	Thhalv10027690m.g	Caamp.0044s0035, Caamp.1041s0047
OG0008493	Thhalv10028337m.g	Caamp.1041s0051, Caamp.0044s0038
OG0008494	Thhalv10027709m.g	Caamp.1041s0058, Caamp.0044s0045
OG0008495	Thhalv10028233m.g, Thhalv10027847m.g	Caamp.1041s0060, Caamp.0044s0046
OG0008496	Thhalv10027895m.g, Thhalv10028247m.g	Caamp.1041s0061, Caamp.0044s0047
OG0008497	Thhalv10028137m.g	Caamp.1041s0067, Caamp.0044s0051
OG0008498	Thhalv10027756m.g	Caamp.0044s0074, Caamp.1041s0082
OG0008499	Thhalv10027943m.g	Caamp.0044s0079, Caamp.1041s0089
OG0008500	Thhalv10027942m.g	Caamp.1041s0092, Caamp.0044s0081
OG0008501	Thhalv10027650m.g	Caamp.0044s0084, Caamp.1041s0096
OG0008502	Thhalv10028135m.g	Caamp.1041s0101, Caamp.0044s0087, Caamp.1041s0102
OG0008503	Thhalv10027644m.g	Caamp.0044s0089, Caamp.1041s0104
OG0008504	Thhalv10027657m.g	Caamp.1041s0112, Caamp.0044s0097
OG0008505	Thhalv10027843m.g	Caamp.1041s0119, Caamp.0044s0102, Caamp.1041s0120
OG0008506	Thhalv10027649m.g	Caamp.0044s0135, Caamp.1041s0154
OG0008507	Thhalv10027764m.g	Caamp.1041s0168, Caamp.0044s0145
OG0008508	Thhalv10027741m.g	Caamp.0044s0146, Caamp.1041s0169
OG0008509	Thhalv10027842m.g	Caamp.0044s0163, Caamp.1041s0181
OG0008510	Thhalv10027647m.g	Caamp.1041s0197, Caamp.0085s0076, Caamp.0044s0178
OG0008511	Thhalv10027872m.g	Caamp.0044s0195, Caamp.1041s0216
OG0008512	Thhalv10027704m.g	Caamp.0044s0207, Caamp.1041s0227
OG0008513	Thhalv10028351m.g	Caamp.1041s0233, Caamp.0044s0215
OG0008514	Thhalv10026230m.g	Caamp.0094s0720, Caamp.1041s0314
OG0008515	Thhalv10025002m.g	Caamp.1041s0315, Caamp.0094s0721
OG0008516	Thhalv10025427m.g	Caamp.1041s0316, Caamp.0094s0722
OG0008517	Thhalv10024763m.g	Caamp.0094s0723, Caamp.1041s0317
OG0008518	Thhalv10025225m.g	Caamp.0094s0732, Caamp.1041s0327
OG0008519	Thhalv10026126m.g	Caamp.1041s0329, Caamp.1041s0330
OG0008520	Thhalv10024242m.g	Caamp.0094s0740, Caamp.1041s0335
OG0008521	Thhalv10026328m.g	Caamp.1041s0346, Caamp.0094s0752
OG0008522	Thhalv10025230m.g	Caamp.1041s0352, Caamp.0094s0761
OG0008523	Thhalv10025311m.g	Caamp.0094s0768, Caamp.1041s0354
OG0008524	Thhalv10024754m.g	Caamp.1041s0356, Caamp.0094s0765
OG0008525	Thhalv10025988m.g	Caamp.0094s0764, Caamp.1041s0357
OG0008526	Thhalv10025126m.g	Caamp.0094s0763, Caamp.1041s0358
OG0008527	Thhalv10025007m.g	Caamp.1041s0359, Caamp.0094s0770
OG0008528	Thhalv10025548m.g	Caamp.1041s0362, Caamp.0094s0773
OG0008529	Thhalv10024344m.g	Caamp.0094s0775, Caamp.1041s0364
OG0008530	Thhalv10025076m.g	Caamp.1041s0366, Caamp.0094s0777
OG0008531	Thhalv10024775m.g	Caamp.1041s0369, Caamp.0094s0779
OG0008532	Thhalv10024548m.g	Caamp.1041s0371, Caamp.0094s0781
OG0008533	Thhalv10024652m.g	Caamp.1041s0372, Caamp.0094s0782
OG0008534	Thhalv10026719m.g	Caamp.1041s0378, Caamp.0094s0789
OG0008535	Thhalv10026294m.g	Caamp.0094s0793, Caamp.1041s0382
OG0008536	Thhalv10026346m.g	Caamp.0094s0794, Caamp.1041s0383
OG0008537	Thhalv10025500m.g	Caamp.0094s0798, Caamp.1041s0387
OG0008538	Thhalv10024678m.g	Caamp.1041s0391, Caamp.0094s0803
OG0008539	Thhalv10027550m.g	Caamp.0094s0805, Caamp.1041s0393, Caamp.0034s0052
OG0008540	Thhalv10025941m.g	Caamp.0094s0830, Caamp.1041s0421
OG0008541	Thhalv10026681m.g	Caamp.1041s0426, Caamp.0094s0835
OG0008542	Thhalv10026906m.g	Caamp.0094s0839, Caamp.1041s0430
OG0008543	Thhalv10025699m.g	Caamp.1041s0431, Caamp.0094s0840
OG0008544	Thhalv10026851m.g	Caamp.0094s0769, Caamp.1041s0432, Caamp.0094s0842
OG0008545	Thhalv10024322m.g	Caamp.0094s0843, Caamp.1041s0433
OG0008546	Thhalv10024537m.g	Caamp.1041s0435, Caamp.0094s0846
OG0008547	Thhalv10026825m.g	Caamp.0076s1209, Caamp.1041s0446, Caamp.0094s0861
OG0008548	Thhalv10026677m.g	Caamp.0094s0863, Caamp.1041s0448
OG0008549	Thhalv10025919m.g	Caamp.0094s0864, Caamp.1041s0451
OG0008550	Thhalv10024395m.g	Caamp.0094s0865, Caamp.1041s0452
OG0008551	Thhalv10027332m.g	Caamp.1041s0455, Caamp.0094s0867
OG0008552	Thhalv10024298m.g	Caamp.0094s0868, Caamp.1041s0457
OG0008553	Thhalv10024281m.g	Caamp.1041s0459, Caamp.0094s0870
OG0008554	Thhalv10024890m.g	Caamp.1041s0465, Caamp.0094s0874
OG0008555	Thhalv10027356m.g	Caamp.1041s0466, Caamp.0094s0875
OG0008556	Thhalv10026187m.g	Caamp.1041s0467, Caamp.0094s0876
OG0008557	Thhalv10024244m.g	Caamp.1041s0470, Caamp.0094s0880
OG0008558	Thhalv10026005m.g, Thhalv10011766m.g, Thhalv10000684m.g, Thhalv10027444m.g	Caamp.1041s0471
OG0008559	Thhalv10027408m.g	Caamp.0094s0887, Caamp.1041s0474
OG0008560	Thhalv10024918m.g	Caamp.1041s0475
OG0008561	Thhalv10026717m.g	Caamp.0094s0889, Caamp.1041s0476
OG0008562	Thhalv10024841m.g	Caamp.0094s0890, Caamp.1041s0478
OG0008563	Thhalv10027375m.g	Caamp.0094s0891, Caamp.1041s0479
OG0008564	Thhalv10026102m.g	Caamp.0094s0893, Caamp.1041s0481
OG0008565	Thhalv10025013m.g	Caamp.0094s0907, Caamp.1041s0492
OG0008566	Thhalv10024824m.g	Caamp.1041s0519, Caamp.0094s0931
OG0008567	Thhalv10025226m.g	Caamp.0094s0935, Caamp.1041s0521
OG0008568	Thhalv10025359m.g	Caamp.0094s0942, Caamp.1041s0528
OG0008569	Thhalv10025542m.g	Caamp.1041s0531, Caamp.0094s0943
OG0008570	Thhalv10025049m.g	Caamp.1041s0544, Caamp.0094s0956
OG0008571	Thhalv10025523m.g	Caamp.1041s0555, Caamp.0094s0969
OG0008572	Thhalv10026332m.g	Caamp.0094s0973, Caamp.1041s0558
OG0008573	Thhalv10025355m.g	Caamp.1041s0564
OG0008574	Thhalv10024680m.g	Caamp.1041s0568
OG0008575	Thhalv10026085m.g	Caamp.0094s0983, Caamp.1041s0571
OG0008576	Thhalv10025069m.g	Caamp.0094s0992, Caamp.1041s0580
OG0008577	Thhalv10025819m.g	Caamp.1041s0586, Caamp.0094s0996
OG0008578	Thhalv10025176m.g	Caamp.1041s0592, Caamp.0094s1002
OG0008579	Thhalv10025467m.g	Caamp.0094s1007, Caamp.1041s0600
OG0008580	Thhalv10027136m.g	Caamp.1041s0601, Caamp.0094s1008
OG0008581	Thhalv10026231m.g	Caamp.1041s0603
OG0008582	Thhalv10026455m.g	Caamp.0094s1012, Caamp.1041s0607
OG0008583	Thhalv10025261m.g	Caamp.0094s1013, Caamp.1041s0608
OG0008584	Thhalv10027270m.g	Caamp.0094s1014, Caamp.1041s0609
OG0008585	Thhalv10026705m.g	Caamp.0094s1016, Caamp.1041s0611
OG0008586	Thhalv10024784m.g	Caamp.1041s0618, Caamp.0094s1023
OG0008587	Thhalv10024642m.g	Caamp.0094s1025, Caamp.1041s0620
OG0008588	Thhalv10026992m.g	Caamp.1041s0623, Caamp.0094s1028
OG0008589	Thhalv10027152m.g	Caamp.1041s0624
OG0008590	Thhalv10025924m.g	Caamp.0094s1030, Caamp.1041s0625
OG0008591	Thhalv10025835m.g	Caamp.1041s0629, Caamp.0094s1034
OG0008592	Thhalv10025154m.g	Caamp.0094s1068, Caamp.1041s0631, Caamp.0190s0256
OG0008593	Thhalv10011218m.g	Caamp.0064s0864, Caamp.1041s0640
OG0008594	Thhalv10011513m.g	Caamp.0064s0862, Caamp.1041s0641
OG0008595	Thhalv10011311m.g	Caamp.0064s0854, Caamp.1041s0650
OG0008596	Thhalv10012173m.g	Caamp.0064s0853, Caamp.1041s0651
OG0008597	Thhalv10011679m.g	Caamp.1041s0653, Caamp.0064s0851
OG0008598	Thhalv10011530m.g	Caamp.1041s0655, Caamp.0064s0849
OG0008599	Thhalv10011315m.g	Caamp.1041s0661, Caamp.0064s0841
OG0008600	Thhalv10011503m.g	Caamp.1041s0663, Caamp.0064s0838
OG0008601	Thhalv10011498m.g	Caamp.0064s0836, Caamp.1041s0665
OG0008602	Thhalv10011447m.g	Caamp.0064s0835, Caamp.1041s0666
OG0008603	Thhalv10012400m.g	Caamp.0064s0829, Caamp.1041s0672
OG0008604	Thhalv10011982m.g	Caamp.1041s0674, Caamp.0064s0827
OG0008605	Thhalv10011386m.g	Caamp.1041s0675, Caamp.0064s0826
OG0008606	Thhalv10011182m.g	Caamp.0064s0824, Caamp.1041s0676
OG0008608	Thhalv10011756m.g	Caamp.0008s0157, Caamp.0064s0819, Caamp.1041s0680
OG0008609	Thhalv10011206m.g	Caamp.0064s0818, Caamp.1041s0681
OG0008610	Thhalv10011774m.g	Caamp.0064s0812, Caamp.1041s0689
OG0008611	Thhalv10011517m.g	Caamp.0015s0083, Caamp.1041s0692
OG0008612	Thhalv10011295m.g	Caamp.0064s0809, Caamp.1041s0694
OG0008613	Thhalv10011686m.g	Caamp.0064s0805, Caamp.1041s0697
OG0008614	Thhalv10011296m.g	Caamp.0064s0802, Caamp.1041s0700
OG0008615	Thhalv10011740m.g	Caamp.0064s0800, Caamp.1041s0701
OG0008616	Thhalv10011429m.g	Caamp.0064s0797, Caamp.1041s0708
OG0008617	Thhalv10011515m.g	Caamp.0064s0792, Caamp.1041s0714
OG0008618	Thhalv10011289m.g	Caamp.0064s0790, Caamp.1041s0716
OG0008619	Thhalv10011485m.g	Caamp.0064s0775, Caamp.1041s0728
OG0008620	Thhalv10011605m.g	Caamp.0064s0770, Caamp.1041s0734
OG0008621	Thhalv10011746m.g	Caamp.1041s0738, Caamp.0064s0767
OG0008622	Thhalv10012062m.g	Caamp.0064s0764, Caamp.1041s0741
OG0008623	Thhalv10011292m.g	Caamp.0064s0760, Caamp.1041s0746
OG0008624	Thhalv10011703m.g	Caamp.0064s0749, Caamp.1041s0755
OG0008625	Thhalv10011772m.g	Caamp.1041s0761, Caamp.0064s0739
OG0008626	Thhalv10012052m.g	Caamp.0064s0736, Caamp.1041s0764
OG0008627	Thhalv10011860m.g	Caamp.1041s0766, Caamp.0064s0734
OG0008628	Thhalv10011346m.g	Caamp.1041s0771, Caamp.0064s0728
OG0008629	Thhalv10011755m.g	Caamp.0064s0726, Caamp.1041s0773
OG0008630	Thhalv10011830m.g	Caamp.1041s0777, Caamp.0064s0721
OG0008631	Thhalv10011298m.g	Caamp.0064s0719, Caamp.1041s0780
OG0008632	Thhalv10011477m.g	Caamp.1041s0788, Caamp.0064s0711
OG0008633	Thhalv10011347m.g	Caamp.0064s0709, Caamp.1041s0790
OG0008634	Thhalv10011801m.g	Caamp.1041s0793, Caamp.0064s0705
OG0008635	Thhalv10011757m.g	Caamp.1041s0808, Caamp.0064s0682
OG0008636	Thhalv10011523m.g	Caamp.1041s0812, Caamp.0064s0672
OG0008637	Thhalv10027821m.g	Caamp.1041s0822, Caamp.0097s0437
OG0008638	Thhalv10028338m.g	Caamp.1041s0829, Caamp.0044s0295
OG0008639	Thhalv10027805m.g	Caamp.1041s0831, Caamp.0097s0425
OG0008640	Thhalv10027790m.g	Caamp.0097s0429, Caamp.1041s0834
OG0008641	Thhalv10027908m.g	Caamp.0044s0286, Caamp.1041s0842
OG0008642	Thhalv10028323m.g	Caamp.0044s0276, Caamp.1041s0850
OG0008643	Thhalv10027927m.g	Caamp.1041s0863, Caamp.0044s0259
OG0008644	Thhalv10027716m.g	Caamp.0044s0236, Caamp.1041s0893
OG0008645	Thhalv10028267m.g	Caamp.1041s0894, Caamp.0044s0235
OG0008646	Thhalv10027728m.g	Caamp.1041s0896, Caamp.0044s0233
OG0008647	Thhalv10027682m.g	Caamp.1041s0899, Caamp.0044s0230
OG0008648	Thhalv10012497m.g	Caamp.1041s0905
OG0008649	Thhalv10012930m.g	Caamp.1041s0927
OG0008650	Thhalv10016084m.g	Caamp.1041s1131
OG0008651	Thhalv10014554m.g	Caamp.1041s1435, Caamp.0120s0240, Caamp.0076s0010
OG0008652	Thhalv10013590m.g	Caamp.0076s0022, Caamp.1041s1447
OG0008653	Thhalv10016062m.g	Caamp.1041s1451, Caamp.0076s0026
OG0008654	Thhalv10014207m.g	Caamp.0076s0028, Caamp.1041s1453
OG0008655	Thhalv10014157m.g	Caamp.0076s0031, Caamp.1041s1456
OG0008656	Thhalv10015131m.g	Caamp.0076s0032, Caamp.1041s1458
OG0008657	Thhalv10016066m.g	Caamp.0076s0035, Caamp.1041s1461
OG0008658	Thhalv10015100m.g	Caamp.0076s0039, Caamp.1041s1465
OG0008659	Thhalv10014101m.g	Caamp.1041s1474
OG0008660	Thhalv10012798m.g	Caamp.0076s0055, Caamp.1041s1481
OG0008661	Thhalv10013599m.g	Caamp.1041s1525
OG0008662	Thhalv10029352m.g	Caamp.0052s0541, Caamp.1041s1632
OG0008663	Thhalv10028743m.g, Thhalv10022841m.g	Caamp.0052s0540, Caamp.1041s1633
OG0008664	Thhalv10028568m.g	Caamp.1041s1641, Caamp.0052s0534
OG0008665	Thhalv10029277m.g	Caamp.0052s0532, Caamp.1041s1643
OG0008666	Thhalv10028686m.g	Caamp.1041s1644, Caamp.0052s0531
OG0008667	Thhalv10028712m.g	Caamp.0052s0522, Caamp.1041s1650
OG0008668	Thhalv10028659m.g	Caamp.1041s1651, Caamp.0052s0521
OG0008669	Thhalv10028657m.g	Caamp.1041s1652, Caamp.0052s0520
OG0008670	Thhalv10028690m.g	Caamp.1041s1653, Caamp.0052s0519
OG0008671	Thhalv10028663m.g	Caamp.1041s1659, Caamp.0052s0514
OG0008672	Thhalv10028986m.g	Caamp.0052s0513, Caamp.1041s1661
OG0008673	Thhalv10028841m.g	Caamp.0052s0511, Caamp.1041s1663
OG0008674	Thhalv10029006m.g	Caamp.1041s1664, Caamp.0052s0510
OG0008675	Thhalv10028532m.g	Caamp.1041s1668, Caamp.0052s0508
OG0008676	Thhalv10028489m.g	Caamp.1041s1677, Caamp.0052s0501
OG0008677	Thhalv10028844m.g	Caamp.1041s1678, Caamp.0052s0500
OG0008678	Thhalv10028802m.g	Caamp.0052s0488, Caamp.0035s0205, Caamp.1041s1687
OG0008679	Thhalv10028914m.g	Caamp.1041s1691, Caamp.0052s0482
OG0008680	Thhalv10029001m.g	Caamp.1041s1692, Caamp.0052s0481
OG0008681	Thhalv10029480m.g	Caamp.1041s1695, Caamp.0052s0478
OG0008682	Thhalv10028820m.g	Caamp.0052s0473, Caamp.1041s1704
OG0008683	Thhalv10028903m.g	Caamp.0052s0468, Caamp.1041s1709
OG0008684	Thhalv10028788m.g	Caamp.0052s0465, Caamp.1041s1712
OG0008685	Thhalv10009669m.g	Caamp.0024s0226, Caamp.1041s1717, Caamp.0052s0461, Caamp.0052s0421
OG0008686	Thhalv10025838m.g	Caamp.0052s0458, Caamp.1041s1720
OG0008687	Thhalv10028939m.g	Caamp.1041s1723, Caamp.0052s0455
OG0008688	Thhalv10028630m.g	Caamp.1041s1726, Caamp.0052s0452
OG0008689	Thhalv10028855m.g	Caamp.1041s1736, Caamp.0097s1060, Caamp.0052s0441
OG0008690	Thhalv10028789m.g	Caamp.1041s1742
OG0008691	Thhalv10028431m.g	Caamp.0052s0418, Caamp.1041s1752
OG0008692	Thhalv10028391m.g	Caamp.1041s1759, Caamp.0052s0407
OG0008693	Thhalv10029023m.g	Caamp.1041s1761, Caamp.0052s0405
OG0008694	Thhalv10028642m.g	Caamp.1041s1765, Caamp.0052s0401
OG0008695	Thhalv10028993m.g	Caamp.1041s1770, Caamp.0052s0394
OG0008696	Thhalv10028586m.g	Caamp.0052s0392, Caamp.1041s1772
OG0008697	Thhalv10028467m.g	Caamp.0052s0391, Caamp.1041s1773
OG0008698	Thhalv10023556m.g	Caamp.0052s0371, Caamp.1041s1795
OG0008699	Thhalv10028632m.g	Caamp.1041s1800
OG0008700	Thhalv10029477m.g	Caamp.1041s1804, Caamp.1041s1803
OG0008701	Thhalv10029404m.g	Caamp.1041s1805, Caamp.0052s0370
OG0008702	Thhalv10028564m.g	Caamp.0052s0368, Caamp.1041s1813
OG0008703	Thhalv10029089m.g	Caamp.1041s1816, Caamp.0052s0365
OG0008704	Thhalv10028479m.g	Caamp.0052s0354, Caamp.1041s1826
OG0008705	Thhalv10029220m.g	Caamp.1041s1829, Caamp.0052s0351
OG0008706	Thhalv10011277m.g, Thhalv10012194m.g	Caamp.0064s0745, Caamp.1041s1876
OG0008707	Thhalv10011544m.g	Caamp.1041s1882, Caamp.0190s0227
OG0008708	Thhalv10015834m.g	Caamp.1041s1883, Caamp.0190s0228
OG0008709	Thhalv10013614m.g	Caamp.0190s0229, Caamp.1041s1884
OG0008710	Thhalv10011883m.g	Caamp.1041s1886, Caamp.0190s0230
OG0008711	Thhalv10011423m.g	Caamp.1041s1889, Caamp.0190s0231
OG0008712	Thhalv10011282m.g	Caamp.0190s0236, Caamp.1041s1894
OG0008713	Thhalv10011439m.g	Caamp.0190s0180, Caamp.1041s1898
OG0008714	Thhalv10011323m.g	Caamp.0190s0177, Caamp.1041s1900
OG0008715	Thhalv10011695m.g	Caamp.1041s1902, Caamp.0190s0175
OG0008716	Thhalv10011516m.g	Caamp.1041s1905, Caamp.0190s0173
OG0008717	Thhalv10011293m.g	Caamp.0037s0311, Caamp.1041s1924
OG0008718	Thhalv10012305m.g	Caamp.0037s0309, Caamp.1041s1926
OG0008719	Thhalv10011239m.g	Caamp.1041s1930
OG0008720	Thhalv10012181m.g	Caamp.1041s1936
OG0008721	Thhalv10011238m.g	Caamp.1041s1938, Caamp.0037s0300
OG0008722	Thhalv10011813m.g	Caamp.0037s0295, Caamp.1041s1943
OG0008723	Thhalv10000365m.g	Caamp.0037s0294, Caamp.1041s1944
OG0008724	Thhalv10011366m.g	Caamp.0037s0287, Caamp.1041s1954
OG0008726	Thhalv10011252m.g	Caamp.1041s1965, Caamp.0037s0274
OG0008727	Thhalv10003673m.g	Caamp.1041s1971, Caamp.0033s0394
OG0008728	Thhalv10003635m.g	Caamp.0033s0395, Caamp.1041s1972
OG0008729	Thhalv10003742m.g	Caamp.1041s1986, Caamp.0033s0410
OG0008730	Thhalv10003821m.g	Caamp.1041s1989, Caamp.0033s0415
OG0008731	Thhalv10003839m.g	Caamp.1041s2005, Caamp.0033s0432
OG0008732	Thhalv10004849m.g	Caamp.1041s2010, Caamp.0033s0437
OG0008733	Thhalv10003981m.g	Caamp.0033s0439, Caamp.1041s2011
OG0008734	Thhalv10021971m.g	Caamp.0105s0073
OG0008735	Thhalv10017368m.g	Caamp.0105s0084, Caamp.0066s0096
OG0008736	Thhalv10017367m.g	Caamp.0066s0093, Caamp.0105s0088
OG0008737	Thhalv10016851m.g	Caamp.0105s0092, Caamp.0066s0089
OG0008738	Thhalv10016764m.g	Caamp.0066s0086, Caamp.0105s0095
OG0008739	Thhalv10017756m.g	Caamp.0105s0103, Caamp.0066s0107
OG0008740	Thhalv10017409m.g	Caamp.0105s0114, Caamp.0066s0116
OG0008741	Thhalv10016264m.g	Caamp.0105s0118
OG0008742	Thhalv10016299m.g	Caamp.0105s0120, Caamp.0013s0329
OG0008743	Thhalv10016666m.g	Caamp.0105s0123, Caamp.0013s0326
OG0008744	Thhalv10016640m.g, Thhalv10017006m.g	Caamp.0105s0124, Caamp.0013s0325
OG0008745	Thhalv10009956m.g	Caamp.0056s0256, Caamp.0024s0372, Caamp.0105s0141, Caamp.0013s0304
OG0008746	Thhalv10017128m.g	Caamp.0105s0143, Caamp.0013s0301
OG0008747	Thhalv10016438m.g	Caamp.0105s0146, Caamp.0013s0298
OG0008748	Thhalv10016276m.g	Caamp.0013s0297, Caamp.0105s0148
OG0008749	Thhalv10016897m.g	Caamp.0105s0150, Caamp.0013s0295, Caamp.0064s0491
OG0008750	Thhalv10016352m.g	Caamp.0013s0293, Caamp.0105s0151
OG0008751	Thhalv10016870m.g	Caamp.0105s0152, Caamp.0013s0292
OG0008752	Thhalv10016834m.g	Caamp.0013s0288, Caamp.0105s0158
OG0008753	Thhalv10016698m.g	Caamp.0013s0281, Caamp.0105s0159
OG0008754	Thhalv10017162m.g	Caamp.0013s0274, Caamp.0105s0164
OG0008755	Thhalv10017380m.g	Caamp.0105s0170, Caamp.0013s0269
OG0008756	Thhalv10016616m.g	Caamp.0013s0267, Caamp.0105s0172
OG0008757	Thhalv10016226m.g	Caamp.0013s0263, Caamp.0105s0177
OG0008758	Thhalv10016441m.g	Caamp.0105s0178, Caamp.0013s0262
OG0008759	Thhalv10016190m.g	Caamp.0013s0257, Caamp.0105s0185
OG0008760	Thhalv10017816m.g	Caamp.0013s0254, Caamp.0105s0188
OG0008761	Thhalv10016982m.g	Caamp.0013s0252, Caamp.0105s0190
OG0008762	Thhalv10016790m.g	Caamp.0105s0191, Caamp.0013s0251
OG0008763	Thhalv10017252m.g	Caamp.0105s0197, Caamp.0013s0246
OG0008764	Thhalv10021999m.g	Caamp.0105s0201, Caamp.0006s0013
OG0008765	Thhalv10016447m.g	Caamp.0013s0235, Caamp.0105s0207
OG0008766	Thhalv10017765m.g	Caamp.0013s0234, Caamp.0105s0208
OG0008767	Thhalv10017248m.g	Caamp.0105s0210, Caamp.0013s0232
OG0008768	Thhalv10017019m.g	Caamp.0013s0286, Caamp.0013s0228, Caamp.0105s0214
OG0008769	Thhalv10016217m.g	Caamp.0013s0226, Caamp.0105s0216
OG0008770	Thhalv10016302m.g	Caamp.0013s0214, Caamp.0105s0225
OG0008771	Thhalv10016638m.g	Caamp.0105s0226, Caamp.0013s0213
OG0008772	Thhalv10016569m.g	Caamp.0013s0208, Caamp.0105s0230
OG0008773	Thhalv10016528m.g	Caamp.0105s0235
OG0008774	Thhalv10016791m.g	Caamp.0159s0033, Caamp.0105s0243
OG0008775	Thhalv10016613m.g	Caamp.0045s0012, Caamp.0105s0248
OG0008776	Thhalv10016405m.g	Caamp.0045s0015, Caamp.0105s0251
OG0008777	Thhalv10016461m.g	Caamp.0045s0019, Caamp.0105s0254
OG0008778	Thhalv10017021m.g	Caamp.0045s0024, Caamp.0105s0257
OG0008779	Thhalv10017983m.g	Caamp.0105s0258, Caamp.0045s0025
OG0008780	Thhalv10017571m.g	Caamp.0045s0029, Caamp.0105s0261
OG0008781	Thhalv10016148m.g	Caamp.0105s0266
OG0008782	Thhalv10017871m.g	Caamp.0045s0036, Caamp.0105s0268
OG0008783	Thhalv10016884m.g	Caamp.0105s0270, Caamp.0045s0038
OG0008784	Thhalv10016419m.g	Caamp.0105s0272, Caamp.0045s0041
OG0008785	Thhalv10016614m.g	Caamp.0045s0043, Caamp.0105s0274
OG0008786	Thhalv10017325m.g	Caamp.0045s0048, Caamp.0105s0280
OG0008787	Thhalv10016228m.g	Caamp.0105s0284, Caamp.0045s0052
OG0008788	Thhalv10016575m.g	Caamp.0013s0166, Caamp.0105s0286
OG0008789	Thhalv10017291m.g	Caamp.0013s0179, Caamp.0105s0299
OG0008790	Thhalv10017051m.g	Caamp.0105s0301, Caamp.0013s0181
OG0008791	Thhalv10016215m.g	Caamp.0105s0320, Caamp.0159s0013
OG0008792	Thhalv10016224m.g	Caamp.0159s0003, Caamp.0105s0331
OG0008793	Thhalv10016348m.g	Caamp.0159s0002, Caamp.0105s0332
OG0008794	Thhalv10016338m.g	Caamp.0105s0333
OG0008795	Thhalv10016929m.g	Caamp.0105s0338
OG0008797	Thhalv10017161m.g	Caamp.0105s0355, Caamp.0066s0122
OG0008799	Thhalv10016379m.g	Caamp.0105s0532
OG0008800	Thhalv10017682m.g	Caamp.0105s0544
OG0008802	Thhalv10016179m.g	Caamp.0105s0613
OG0008803	Thhalv10016140m.g	Caamp.0105s0656
OG0008804	Thhalv10016362m.g	Caamp.0105s0739
OG0008806	Thhalv10025420m.g	Caamp.0094s0233, Caamp.0105s0900
OG0008807	Thhalv10027253m.g	Caamp.0105s0901, Caamp.0094s0234
OG0008808	Thhalv10025544m.g	Caamp.0094s0235, Caamp.0105s0902
OG0008809	Thhalv10025775m.g	Caamp.0105s0906, Caamp.0094s0239
OG0008810	Thhalv10026207m.g	Caamp.0105s0910, Caamp.0094s0243
OG0008811	Thhalv10025733m.g	Caamp.0094s0244, Caamp.0105s0911
OG0008812	Thhalv10026250m.g	Caamp.0105s0912, Caamp.0094s0245
OG0008813	Thhalv10025306m.g	Caamp.0078s0134, Caamp.0105s0919, Caamp.0094s0253
OG0008814	Thhalv10024305m.g	Caamp.0105s0921, Caamp.0094s0255
OG0008815	Thhalv10024292m.g, Thhalv10021392m.g	Caamp.0105s0922, Caamp.0094s0256
OG0008816	Thhalv10027520m.g	Caamp.0105s0923, Caamp.0094s0257
OG0008817	Thhalv10024500m.g	Caamp.0105s0928, Caamp.0094s0264
OG0008818	Thhalv10024850m.g	Caamp.0105s0936, Caamp.0094s0271
OG0008819	Thhalv10024901m.g	Caamp.0094s0278, Caamp.0105s0942
OG0008820	Thhalv10024673m.g	Caamp.0094s0281, Caamp.0105s0944
OG0008821	Thhalv10025045m.g, Thhalv10022980m.g	Caamp.0094s0283, Caamp.0105s0946
OG0008822	Thhalv10026110m.g	Caamp.0105s0947, Caamp.0094s0285
OG0008823	Thhalv10024296m.g	Caamp.0094s0290, Caamp.0105s0952
OG0008824	Thhalv10024308m.g	Caamp.0094s0293, Caamp.0105s0955
OG0008825	Thhalv10026647m.g	Caamp.0094s0294, Caamp.0105s0956
OG0008826	Thhalv10024382m.g	Caamp.0105s0980, Caamp.0094s0324
OG0008827	Thhalv10025477m.g	Caamp.0105s0985, Caamp.0094s0330
OG0008828	Thhalv10025095m.g	Caamp.0094s0335, Caamp.0105s0989
OG0008829	Thhalv10026899m.g	Caamp.0105s0993
OG0008829	Thhalv10027107m.g	Caamp.0094s0338, Caamp.0105s0995
OG0008830	Thhalv10025989m.g	Caamp.0105s1008, Caamp.0094s0352
OG0008831	Thhalv10025221m.g	Caamp.0105s1013, Caamp.0094s0357
OG0008832	Thhalv10024200m.g	Caamp.0105s1024, Caamp.0094s0366
OG0008833	Thhalv10000553m.g	Caamp.0105s1027
OG0008833	Thhalv10025568m.g	Caamp.0094s0368
OG0008834	Thhalv10025582m.g	Caamp.0105s1028, Caamp.0094s0369
OG0008835	Thhalv10024813m.g	Caamp.0105s1032, Caamp.0094s0374
OG0008836	Thhalv10024384m.g	Caamp.0105s1038, Caamp.0094s0380
OG0008837	Thhalv10025940m.g	Caamp.0094s0387, Caamp.0105s1051
OG0008838	Thhalv10025926m.g	Caamp.0105s1061, Caamp.0094s0397
OG0008839	Thhalv10013368m.g, Thhalv10024759m.g	Caamp.0105s1068, Caamp.0094s0405
OG0008840	Thhalv10025417m.g	Caamp.0094s0409, Caamp.0105s1073
OG0008841	Thhalv10026821m.g	Caamp.0094s0410, Caamp.0105s1074
OG0008842	Thhalv10026649m.g	Caamp.0094s0412, Caamp.0105s1076
OG0008843	Thhalv10026220m.g	Caamp.0105s1082, Caamp.0094s0420
OG0008844	Thhalv10024529m.g	Caamp.0105s1084, Caamp.0094s0422
OG0008845	Thhalv10025594m.g	Caamp.0105s1088, Caamp.0094s0426
OG0008846	Thhalv10026606m.g	Caamp.0094s0429, Caamp.0105s1092
OG0008847	Thhalv10026702m.g	Caamp.0094s0431, Caamp.0105s1094, Caamp.0026s0683
OG0008848	Thhalv10024823m.g	Caamp.0094s0434, Caamp.0105s1097
OG0008849	Thhalv10025748m.g	Caamp.0105s1102, Caamp.0094s0438
OG0008850	Thhalv10025082m.g	Caamp.0094s0442, Caamp.0105s1106
OG0008851	Thhalv10025475m.g	Caamp.0105s1108, Caamp.0094s0444
OG0008852	Thhalv10026394m.g	Caamp.0105s1112, Caamp.0094s0491
OG0008853	Thhalv10024727m.g	Caamp.0094s0487, Caamp.0105s1116
OG0008854	Thhalv10026003m.g	Caamp.0105s1117, Caamp.0094s0486
OG0008855	Thhalv10025525m.g	Caamp.0105s1120, Caamp.0094s0483
OG0008856	Thhalv10024246m.g	Caamp.0105s1121, Caamp.0094s0482
OG0008857	Thhalv10027438m.g	Caamp.0094s0464, Caamp.0105s1141
OG0008858	Thhalv10025679m.g	Caamp.0094s0456, Caamp.0105s1155
OG0008859	Thhalv10026028m.g	Caamp.0094s0455, Caamp.0105s1156
OG0008860	Thhalv10024583m.g	Caamp.0105s1157, Caamp.0094s0454
OG0008861	Thhalv10026267m.g	Caamp.0105s1162, Caamp.0094s0449
OG0008862	Thhalv10025993m.g	Caamp.0105s1169, Caamp.0094s0501
OG0008863	Thhalv10025634m.g	Caamp.0094s0502, Caamp.0105s1170
OG0008864	Thhalv10026460m.g	Caamp.0105s1174, Caamp.0094s0507
OG0008865	Thhalv10025138m.g	Caamp.0105s1178, Caamp.0094s0511
OG0008866	Thhalv10022684m.g	Caamp.0094s0517
OG0008866	Thhalv10024872m.g	Caamp.0105s1180
OG0008867	Thhalv10026671m.g	Caamp.0105s1186, Caamp.0094s0522
OG0008868	Thhalv10024559m.g	Caamp.0105s1199, Caamp.0094s0538
OG0008869	Thhalv10026675m.g	Caamp.0105s1204, Caamp.0094s0545
OG0008870	Thhalv10025702m.g	Caamp.0094s0550, Caamp.0105s1209
OG0008871	Thhalv10024654m.g	Caamp.0105s1211, Caamp.0094s0552
OG0008872	Thhalv10025691m.g	Caamp.0094s0555, Caamp.0105s1213
OG0008873	Thhalv10027291m.g	Caamp.0105s1219, Caamp.0094s0560
OG0008874	Thhalv10026154m.g	Caamp.0094s0562, Caamp.0105s1221
OG0008875	Thhalv10024312m.g	Caamp.0105s1225, Caamp.0094s0565
OG0008876	Thhalv10024287m.g	Caamp.0094s0569, Caamp.0105s1230
OG0008877	Thhalv10026676m.g	Caamp.0094s0574, Caamp.0105s1235
OG0008878	Thhalv10024371m.g	Caamp.0094s0575, Caamp.0105s1236
OG0008879	Thhalv10025014m.g	Caamp.0094s0577, Caamp.0105s1238
OG0008880	Thhalv10025584m.g	Caamp.0105s1242, Caamp.0094s0578
OG0008881	Thhalv10025994m.g	Caamp.0094s0583, Caamp.0105s1247
OG0008882	Thhalv10025837m.g	Caamp.0105s1248, Caamp.0094s0586
OG0008883	Thhalv10024403m.g	Caamp.0094s0593, Caamp.0105s1254
OG0008884	Thhalv10024788m.g	Caamp.0105s1261, Caamp.0094s0602
OG0008885	Thhalv10025284m.g	Caamp.0094s0605, Caamp.0105s1264
OG0008886	Thhalv10025006m.g	Caamp.0094s0606, Caamp.0105s1265
OG0008887	Thhalv10024602m.g	Caamp.0105s1266, Caamp.0094s0607
OG0008888	Thhalv10025880m.g	Caamp.0105s1267, Caamp.0094s0608
OG0008889	Thhalv10025209m.g	Caamp.0105s1269, Caamp.0094s0610
OG0008890	Thhalv10025374m.g	Caamp.0105s1274, Caamp.0094s0616
OG0008891	Thhalv10024632m.g	Caamp.0105s1275, Caamp.0094s0617
OG0008892	Thhalv10025562m.g	Caamp.0094s0625, Caamp.0105s1284
OG0008893	Thhalv10026965m.g	Caamp.0105s1287, Caamp.0094s0628
OG0008894	Thhalv10024908m.g, Thhalv10024909m.g	Caamp.0105s1290, Caamp.0094s0630
OG0008895	Thhalv10025566m.g	Caamp.0094s0636, Caamp.0105s1295
OG0008896	Thhalv10024468m.g	Caamp.0105s1296, Caamp.0094s0637
OG0008897	Thhalv10025387m.g	Caamp.0105s1300, Caamp.0094s0641
OG0008898	Thhalv10024411m.g	Caamp.0094s0650, Caamp.0105s1309
OG0008899	Thhalv10026043m.g	Caamp.0105s1310, Caamp.0094s0651
OG0008900	Thhalv10025453m.g	Caamp.0105s1311, Caamp.0094s0652
OG0008901	Thhalv10024659m.g	Caamp.0105s1316, Caamp.0094s0657
OG0008902	Thhalv10026214m.g	Caamp.0105s1317, Caamp.0094s0658
OG0008903	Thhalv10024530m.g	Caamp.0105s1320, Caamp.0094s0661
OG0008904	Thhalv10025399m.g	Caamp.0105s1322, Caamp.0094s0663
OG0008905	Thhalv10024479m.g	Caamp.0105s1326, Caamp.0094s0669
OG0008906	Thhalv10025671m.g	Caamp.0105s1330, Caamp.0094s0673
OG0008907	Thhalv10024481m.g	Caamp.0105s1332, Caamp.0094s0675
OG0008908	Thhalv10024866m.g	Caamp.0105s1338, Caamp.0094s0682
OG0008909	Thhalv10024366m.g	Caamp.0105s1342, Caamp.0094s0686
OG0008910	Thhalv10026401m.g	Caamp.0105s1348, Caamp.0094s0689
OG0008911	Thhalv10025339m.g	Caamp.0105s1351, Caamp.0094s0692
OG0008912	Thhalv10025612m.g	Caamp.0094s0693, Caamp.0105s1352
OG0008913	Thhalv10025785m.g	Caamp.0105s1353, Caamp.0094s0694
OG0008914	Thhalv10025721m.g	Caamp.0105s1365, Caamp.0094s0709
OG0008915	Thhalv10027316m.g	Caamp.0105s1437, Caamp.0064s0357, Caamp.0007s0148
OG0008916	Thhalv10014127m.g	Caamp.0105s1757, Caamp.0105s1805, Caamp.0105s1780, Caamp.0105s1794
OG0008917	Thhalv10023507m.g	Caamp.0011s0011, Caamp.0007s0423
OG0008918	Thhalv10023597m.g	Caamp.0011s0023
OG0008918	Thhalv10023510m.g	Caamp.0011s0022
OG0008919	Thhalv10023548m.g	Caamp.0007s0438, Caamp.0011s0026
OG0008920	Thhalv10024397m.g	Caamp.0003s0427, Caamp.0011s0027, Caamp.0190s0808
OG0008921	Thhalv10023319m.g	Caamp.0011s0028, Caamp.0007s0440
OG0008922	Thhalv10010969m.g	Caamp.0011s0050
OG0008923	Thhalv10023423m.g	Caamp.0011s0052, Caamp.0007s0466
OG0008924	Thhalv10023275m.g	Caamp.0011s0063, Caamp.0303s1080, Caamp.0266s0028
OG0008925	Thhalv10023228m.g	Caamp.0007s0476, Caamp.0011s0076, Caamp.0007s0477
OG0008926	Thhalv10023634m.g	Caamp.0007s0485, Caamp.0011s0083
OG0008927	Thhalv10023424m.g	Caamp.0007s0487, Caamp.0011s0087
OG0008928	Thhalv10023620m.g	Caamp.0007s0502, Caamp.0011s0097
OG0008929	Thhalv10023508m.g	Caamp.0007s0515, Caamp.0011s0102
OG0008930	Thhalv10023267m.g	Caamp.0011s0107, Caamp.0007s0522
OG0008931	Thhalv10024070m.g	Caamp.0011s0114, Caamp.0007s0534
OG0008932	Thhalv10023627m.g	Caamp.0011s0118, Caamp.0007s0542
OG0008933	Thhalv10000667m.g	Caamp.0011s0124, Caamp.0097s1005, Caamp.0058s0289, Caamp.0036s0013, Caamp.0002s0058
OG0008934	Thhalv10023632m.g	Caamp.0011s0130, Caamp.0007s0558
OG0008937	Thhalv10023239m.g	Caamp.0020s0070, Caamp.0011s0194
OG0008938	Thhalv10023407m.g	Caamp.0074s0009, Caamp.0011s0208
OG0008941	Thhalv10027850m.g	Caamp.0348s0004, Caamp.0011s0246
OG0008943	Thhalv10022998m.g	Caamp.0110s0040
OG0008944	Thhalv10023156m.g	Caamp.0110s0042
OG0008947	Thhalv10004727m.g	Caamp.0097s1035, Caamp.0118s0003
OG0008948	Thhalv10004098m.g	Caamp.0097s1070, Caamp.0118s0018
OG0008951	Thhalv10025701m.g	Caamp.0012s0104, Caamp.0058s0004
OG0008952	Thhalv10019284m.g	Caamp.0006s0561, Caamp.0076s0164, Caamp.0012s0119
OG0008953	Thhalv10026114m.g	Caamp.0088s0025, Caamp.0012s0133
OG0008954	Thhalv10005040m.g	Caamp.0120s0003, Caamp.0076s1074
OG0008955	Thhalv10004291m.g	Caamp.0120s0006, Caamp.0076s1081
OG0008956	Thhalv10004767m.g	Caamp.0076s1089, Caamp.0120s0012
OG0008957	Thhalv10004181m.g	Caamp.0076s1098, Caamp.0120s0021
OG0008958	Thhalv10015257m.g	Caamp.0120s0023, Caamp.0190s1282
OG0008959	Thhalv10005339m.g	Caamp.0076s1100, Caamp.0120s0024
OG0008960	Thhalv10005171m.g	Caamp.0076s1106, Caamp.0120s0027
OG0008961	Thhalv10004778m.g	Caamp.0120s0034, Caamp.0076s1118
OG0008962	Thhalv10004133m.g	Caamp.0076s1132, Caamp.0120s0045
OG0008963	Thhalv10003588m.g	Caamp.0076s1134, Caamp.0120s0047
OG0008964	Thhalv10004120m.g	Caamp.0120s0099
OG0008965	Thhalv10004823m.g	Caamp.0120s0231
OG0008966	Thhalv10005462m.g	Caamp.0120s0249
OG0008967	Thhalv10005422m.g	Caamp.0120s0402
OG0008967	Thhalv10020344m.g	Caamp.0214s0865
OG0008968	Thhalv10005444m.g	Caamp.0120s0465
OG0008969	Thhalv10004800m.g	Caamp.0120s0480
OG0008970	Thhalv10005181m.g	Caamp.0120s0611
OG0008971	Thhalv10004807m.g	Caamp.0120s0724
OG0008972	Thhalv10003512m.g	Caamp.0120s0807
OG0008973	Thhalv10005277m.g	Caamp.0120s0820
OG0008974	Thhalv10003544m.g	Caamp.0026s0415, Caamp.0120s0833
OG0008976	Thhalv10003638m.g	Caamp.0097s0955, Caamp.0129s0020
OG0008977	Thhalv10004243m.g	Caamp.0097s0939, Caamp.0129s0043
OG0008978	Thhalv10003611m.g	Caamp.0129s0058, Caamp.0097s0916
OG0008979	Thhalv10003604m.g	Caamp.0097s0918, Caamp.0129s0059
OG0008980	Thhalv10016434m.g	Caamp.0051s0013, Caamp.0013s0002
OG0008981	Thhalv10016960m.g	Caamp.0013s0007, Caamp.0051s0008
OG0008982	Thhalv10016337m.g	Caamp.0013s0011, Caamp.0051s0004
OG0008983	Thhalv10008668m.g	Caamp.0013s0038, Caamp.0188s0931, Caamp.0056s0008
OG0008984	Thhalv10028117m.g	Caamp.0013s0039, Caamp.0044s0129
OG0008985	Thhalv10002559m.g	Caamp.0013s0112, Caamp.0026s0188
OG0008986	Thhalv10002628m.g	Caamp.0013s0142, Caamp.0026s0211
OG0008987	Thhalv10002723m.g	Caamp.0013s0143, Caamp.0026s0212
OG0008988	Thhalv10024562m.g	Caamp.0095s0092, Caamp.0013s0154
OG0008989	Thhalv10025039m.g	Caamp.0013s0157, Caamp.0095s0095
OG0008990	Thhalv10025117m.g	Caamp.0095s0097, Caamp.0013s0159
OG0008991	Thhalv10026376m.g	Caamp.0013s0161, Caamp.0095s0099
OG0008992	Thhalv10026636m.g	Caamp.0095s0101, Caamp.0013s0163
OG0008993	Thhalv10026833m.g	Caamp.0095s0102, Caamp.0013s0164
OG0008994	Thhalv10017123m.g	Caamp.0013s0310
OG0008997	Thhalv10027929m.g	Caamp.0014s0001, Caamp.0058s0041
OG0008998	Thhalv10027637m.g	Caamp.0058s0048, Caamp.0014s0023
OG0008999	Thhalv10027665m.g	Caamp.0058s0060, Caamp.0014s0031
OG0009000	Thhalv10027780m.g	Caamp.0058s0061, Caamp.0014s0032
OG0009001	Thhalv10023956m.g	Caamp.0015s0001, Caamp.0007s0413
OG0009002	Thhalv10023210m.g	Caamp.0015s0005, Caamp.0007s0410
OG0009003	Thhalv10023403m.g	Caamp.0007s0405, Caamp.0015s0014
OG0009004	Thhalv10024023m.g	Caamp.0015s0030, Caamp.0054s0050
OG0009005	Thhalv10023298m.g	Caamp.0015s0034, Caamp.0054s0052
OG0009006	Thhalv10023553m.g	Caamp.0015s0041, Caamp.0054s0055
OG0009007	Thhalv10023614m.g	Caamp.0015s0055, Caamp.0054s0073
OG0009008	Thhalv10023552m.g	Caamp.0015s0059, Caamp.0054s0075
OG0009009	Thhalv10023363m.g	Caamp.0015s0061, Caamp.0054s0077
OG0009011	Thhalv10023300m.g	Caamp.0015s0077, Caamp.0054s0093
OG0009012	Thhalv10023611m.g	Caamp.0015s0091, Caamp.0054s0027
OG0009013	Thhalv10023320m.g	Caamp.0015s0094, Caamp.0054s0022
OG0009014	Thhalv10023456m.g	Caamp.0015s0097, Caamp.0054s0019
OG0009015	Thhalv10023668m.g	Caamp.0015s0107, Caamp.0054s0008
OG0009016	Thhalv10023307m.g	Caamp.0015s0120
OG0009017	Thhalv10023347m.g	Caamp.0303s1329, Caamp.0015s0136
OG0009018	Thhalv10023837m.g	Caamp.0015s0142, Caamp.0303s1337, Caamp.0015s0141, Caamp.0303s1336
OG0009019	Thhalv10023746m.g	Caamp.0303s1352, Caamp.0303s1355, Caamp.0015s0155
OG0009020	Thhalv10023342m.g	Caamp.0303s1360, Caamp.0015s0161
OG0009021	Thhalv10023426m.g	Caamp.0303s1367, Caamp.0015s0168
OG0009022	Thhalv10023761m.g	Caamp.0015s0172, Caamp.0303s1376
OG0009023	Thhalv10023296m.g	Caamp.0015s0178, Caamp.0303s1319
OG0009024	Thhalv10023448m.g	Caamp.0015s0196, Caamp.0303s1304
OG0009025	Thhalv10023538m.g	Caamp.0303s1298, Caamp.0015s0202
OG0009026	Thhalv10023716m.g	Caamp.0015s0206, Caamp.0303s1296
OG0009027	Thhalv10023636m.g	Caamp.0015s0211, Caamp.0303s1288
OG0009028	Thhalv10023521m.g	Caamp.0303s1283, Caamp.0015s0218
OG0009029	Thhalv10023736m.g	Caamp.0303s1276, Caamp.0015s0225
OG0009030	Thhalv10023567m.g	Caamp.0303s1274, Caamp.0015s0230
OG0009031	Thhalv10003395m.g, Thhalv10023503m.g	Caamp.0015s0231, Caamp.0303s1273
OG0009032	Thhalv10023886m.g, Thhalv10023928m.g	Caamp.0303s1267, Caamp.0015s0237
OG0009033	Thhalv10023699m.g	Caamp.0303s1254, Caamp.0015s0247
OG0009034	Thhalv10023975m.g	Caamp.0303s1229, Caamp.0015s0270
OG0009035	Thhalv10023390m.g	Caamp.0015s0274, Caamp.0303s1226
OG0009036	Thhalv10023520m.g	Caamp.0015s0282, Caamp.0303s1220
OG0009037	Thhalv10023512m.g	Caamp.0303s1217, Caamp.0015s0285
OG0009038	Thhalv10023929m.g	Caamp.0015s0288, Caamp.0303s1215
OG0009039	Thhalv10023499m.g	Caamp.0303s1204, Caamp.0015s0305
OG0009040	Thhalv10023400m.g	Caamp.0015s0330, Caamp.0095s0443
OG0009041	Thhalv10023673m.g	Caamp.0097s0224, Caamp.0015s0363
OG0009042	Thhalv10023707m.g	Caamp.0303s1131, Caamp.0015s0366
OG0009043	Thhalv10023393m.g	Caamp.0303s1129, Caamp.0015s0369
OG0009044	Thhalv10023234m.g	Caamp.0015s0370
OG0009045	Thhalv10023547m.g	Caamp.0303s1126, Caamp.0015s0373
OG0009047	Thhalv10018085m.g	Caamp.0016s0011, Caamp.0002s0099
OG0009048	Thhalv10019014m.g	Caamp.0016s0012, Caamp.0002s0098
OG0009049	Thhalv10019694m.g	Caamp.0002s0096, Caamp.0016s0014
OG0009051	Thhalv10019828m.g	Caamp.0016s0018, Caamp.0002s0087
OG0009052	Thhalv10018635m.g	Caamp.0016s0029, Caamp.0002s0079
OG0009053	Thhalv10018647m.g	Caamp.0016s0034, Caamp.0002s0076
OG0009054	Thhalv10018850m.g	Caamp.0016s0048, Caamp.0002s0064
OG0009055	Thhalv10018270m.g	Caamp.0002s0060, Caamp.0016s0053
OG0009056	Thhalv10018032m.g	Caamp.0002s0057, Caamp.0016s0055
OG0009057	Thhalv10019360m.g	Caamp.0016s0065, Caamp.0016s0064
OG0009058	Thhalv10018535m.g	Caamp.0002s0050, Caamp.0016s0069
OG0009059	Thhalv10018868m.g	Caamp.0002s0043, Caamp.0016s0075
OG0009060	Thhalv10019335m.g	Caamp.0016s0081, Caamp.0002s0038
OG0009061	Thhalv10018833m.g	Caamp.0016s0084, Caamp.0002s0035
OG0009062	Thhalv10022468m.g	Caamp.0002s0007, Caamp.0016s0098
OG0009063	Thhalv10022462m.g	Caamp.0058s0033, Caamp.0016s0110
OG0009064	Thhalv10022460m.g	Caamp.0016s0120, Caamp.0019s0095
OG0009065	Thhalv10025115m.g	Caamp.0016s0123, Caamp.0190s0270
OG0009066	Thhalv10023596m.g, Thhalv10002044m.g	Caamp.0017s0022, Caamp.0039s0007
OG0009067	Thhalv10002061m.g	Caamp.0017s0023, Caamp.0039s0008
OG0009068	Thhalv10016985m.g	Caamp.0039s0010, Caamp.0017s0032
OG0009069	Thhalv10017320m.g	Caamp.0017s0045, Caamp.0039s0028
OG0009070	Thhalv10003484m.g	Caamp.0029s0014, Caamp.0021s0056, Caamp.0034s0025, Caamp.0057s0015, Caamp.0017s0077
OG0009071	Thhalv10022504m.g	Caamp.0017s0089, Caamp.0035s0188
OG0009072	Thhalv10022499m.g	Caamp.0035s0184, Caamp.0017s0093
OG0009073	Thhalv10022501m.g	Caamp.0017s0097, Caamp.0035s0173
OG0009074	Thhalv10024575m.g	Caamp.0172s0001, Caamp.0042s0029
OG0009075	Thhalv10024639m.g	Caamp.0172s0002, Caamp.0042s0028
OG0009076	Thhalv10001638m.g, Thhalv10001634m.g	Caamp.0018s0027
OG0009077	Thhalv10003171m.g	Caamp.0018s0096, Caamp.0058s0065
OG0009078	Thhalv10001529m.g, Thhalv10001556m.g	Caamp.0018s0107
OG0009079	Thhalv10001430m.g	Caamp.0018s0109
OG0009080	Thhalv10001344m.g	Caamp.0018s0294
OG0009080	Thhalv10020194m.g	Caamp.0303s0062
OG0009081	Thhalv10020076m.g	Caamp.0188s0003, Caamp.0214s0878
OG0009082	Thhalv10020105m.g	Caamp.0188s0004, Caamp.0214s0877
OG0009083	Thhalv10020012m.g	Caamp.0214s0859, Caamp.0188s0025
OG0009084	Thhalv10007710m.g	Caamp.0188s0031, Caamp.0052s0069
OG0009085	Thhalv10007865m.g	Caamp.0052s0071, Caamp.0188s0034
OG0009086	Thhalv10007761m.g	Caamp.0188s0039, Caamp.0052s0076
OG0009087	Thhalv10008616m.g	Caamp.0052s0082, Caamp.0188s0045
OG0009088	Thhalv10008026m.g	Caamp.0052s0087, Caamp.0188s0051
OG0009089	Thhalv10007525m.g	Caamp.0188s0054, Caamp.0052s0091
OG0009090	Thhalv10008513m.g	Caamp.0052s0095, Caamp.0188s0058
OG0009091	Thhalv10006887m.g	Caamp.0052s0099, Caamp.0188s0061
OG0009092	Thhalv10008786m.g, Thhalv10026292m.g, Thhalv10027277m.g	Caamp.0188s0062, Caamp.0079s0006
OG0009093	Thhalv10015727m.g, Thhalv10006571m.g	Caamp.0188s0069
OG0009094	Thhalv10001765m.g	Caamp.0188s0070
OG0009094	Thhalv10008888m.g	Caamp.0052s0107
OG0009095	Thhalv10007035m.g	Caamp.0052s0110, Caamp.0188s0074
OG0009096	Thhalv10007484m.g	Caamp.0052s0119, Caamp.0188s0083
OG0009097	Thhalv10006718m.g	Caamp.0188s0086, Caamp.0052s0121
OG0009098	Thhalv10008180m.g	Caamp.0188s0090, Caamp.0052s0127
OG0009099	Thhalv10006679m.g	Caamp.0052s0133, Caamp.0188s0094
OG0009100	Thhalv10007310m.g	Caamp.0188s0104, Caamp.0052s0145
OG0009101	Thhalv10007152m.g	Caamp.0052s0146, Caamp.0188s0105
OG0009102	Thhalv10008047m.g	Caamp.0188s0106, Caamp.0052s0147
OG0009103	Thhalv10007508m.g	Caamp.0188s0107, Caamp.0052s0148
OG0009104	Thhalv10009728m.g	Caamp.0052s0150, Caamp.0188s0109
OG0009105	Thhalv10010041m.g	Caamp.0188s0110, Caamp.0052s0151
OG0009106	Thhalv10007937m.g	Caamp.0188s0111, Caamp.0052s0152
OG0009107	Thhalv10007900m.g	Caamp.0052s0157, Caamp.0188s0115
OG0009108	Thhalv10007579m.g	Caamp.0052s0164, Caamp.0188s0119
OG0009109	Thhalv10008580m.g	Caamp.0052s0171, Caamp.0188s0123
OG0009110	Thhalv10007343m.g	Caamp.0052s0172, Caamp.0188s0124
OG0009111	Thhalv10006625m.g	Caamp.0188s0127, Caamp.0052s0176
OG0009112	Thhalv10008337m.g	Caamp.0052s0177, Caamp.0188s0128
OG0009113	Thhalv10009538m.g	Caamp.0188s0131, Caamp.0052s0181
OG0009114	Thhalv10009922m.g	Caamp.0071s0155, Caamp.0188s0136
OG0009115	Thhalv10008232m.g	Caamp.0188s0138, Caamp.0071s0157
OG0009116	Thhalv10007262m.g	Caamp.0071s0159, Caamp.0188s0140
OG0009117	Thhalv10006686m.g	Caamp.0188s0141, Caamp.0071s0160
OG0009118	Thhalv10008959m.g	Caamp.0188s0143, Caamp.0071s0162
OG0009119	Thhalv10008424m.g	Caamp.0071s0165, Caamp.0188s0147
OG0009120	Thhalv10007001m.g	Caamp.0188s0151, Caamp.0071s0169
OG0009121	Thhalv10007205m.g	Caamp.0071s0175, Caamp.0188s0156
OG0009122	Thhalv10008422m.g	Caamp.0188s0158, Caamp.0071s0177
OG0009123	Thhalv10007790m.g	Caamp.0071s0180, Caamp.0188s0161
OG0009124	Thhalv10007286m.g	Caamp.0071s0181, Caamp.0188s0164
OG0009125	Thhalv10007157m.g	Caamp.0071s0184, Caamp.0188s0167
OG0009126	Thhalv10006975m.g	Caamp.0071s0192, Caamp.0188s0174
OG0009127	Thhalv10009327m.g	Caamp.0071s0193, Caamp.0188s0175
OG0009128	Thhalv10007925m.g	Caamp.0071s0202, Caamp.0188s0181
OG0009129	Thhalv10008483m.g	Caamp.0071s0203, Caamp.0188s0182
OG0009130	Thhalv10008171m.g	Caamp.0071s0206, Caamp.0188s0184
OG0009131	Thhalv10007418m.g	Caamp.0188s0185, Caamp.0071s0207
OG0009132	Thhalv10007953m.g	Caamp.0188s0186, Caamp.0071s0208
OG0009133	Thhalv10009769m.g	Caamp.0188s0192, Caamp.0071s0214
OG0009134	Thhalv10007781m.g	Caamp.0071s0217, Caamp.0188s0193
OG0009135	Thhalv10006713m.g	Caamp.0188s0194, Caamp.0071s0220
OG0009136	Thhalv10008442m.g	Caamp.0071s0227, Caamp.0188s0200
OG0009137	Thhalv10009573m.g	Caamp.0071s0237, Caamp.0188s0211
OG0009138	Thhalv10009112m.g	Caamp.0188s0221, Caamp.0071s0247
OG0009139	Thhalv10009712m.g	Caamp.0071s0249, Caamp.0188s0223
OG0009140	Thhalv10007989m.g	Caamp.0071s0250, Caamp.0188s0224
OG0009141	Thhalv10007686m.g	Caamp.0188s0251, Caamp.0071s0283
OG0009142	Thhalv10006872m.g	Caamp.0188s0270
OG0009143	Thhalv10009677m.g	Caamp.0188s0274, Caamp.0052s0310, Caamp.0188s0272
OG0009144	Thhalv10008134m.g	Caamp.0052s0306, Caamp.0188s0277
OG0009145	Thhalv10008502m.g	Caamp.0188s0279, Caamp.0052s0304
OG0009146	Thhalv10007703m.g	Caamp.0052s0300, Caamp.0188s0281
OG0009147	Thhalv10007533m.g	Caamp.0052s0297, Caamp.0188s0284
OG0009148	Thhalv10009819m.g	Caamp.0052s0279, Caamp.0188s0302
OG0009149	Thhalv10008234m.g	Caamp.0052s0276, Caamp.0188s0306
OG0009150	Thhalv10009594m.g	Caamp.0052s0274, Caamp.0188s0308
OG0009151	Thhalv10009477m.g	Caamp.0052s0272, Caamp.0188s0310
OG0009152	Thhalv10007114m.g	Caamp.0188s0311, Caamp.0052s0271
OG0009153	Thhalv10008474m.g	Caamp.0052s0262, Caamp.0188s0320
OG0009154	Thhalv10007496m.g	Caamp.0052s0260, Caamp.0188s0322
OG0009155	Thhalv10009354m.g	Caamp.0052s0249, Caamp.0188s0330
OG0009156	Thhalv10006738m.g	Caamp.0188s0334, Caamp.0052s0243
OG0009157	Thhalv10006984m.g	Caamp.0188s0335, Caamp.0052s0242
OG0009158	Thhalv10002478m.g	Caamp.0188s0336, Caamp.0052s0241
OG0009159	Thhalv10007903m.g	Caamp.0188s0351
OG0009160	Thhalv10007581m.g	Caamp.0188s0354, Caamp.0052s0222
OG0009161	Thhalv10006833m.g	Caamp.0052s0218, Caamp.0188s0358
OG0009162	Thhalv10007390m.g	Caamp.0188s0360, Caamp.0052s0216
OG0009163	Thhalv10007058m.g	Caamp.0188s0367, Caamp.0052s0209
OG0009164	Thhalv10009118m.g	Caamp.0052s0189, Caamp.0188s0378
OG0009165	Thhalv10008494m.g	Caamp.0052s0198, Caamp.0188s0386
OG0009166	Thhalv10007613m.g	Caamp.0188s0387, Caamp.0052s0199
OG0009167	Thhalv10006645m.g	Caamp.0052s0201, Caamp.0188s0389
OG0009168	Thhalv10009464m.g	Caamp.0188s0390, Caamp.0052s0202
OG0009169	Thhalv10008503m.g	Caamp.0071s0152, Caamp.0188s0395
OG0009170	Thhalv10007365m.g	Caamp.0188s0399, Caamp.0071s0148
OG0009171	Thhalv10009659m.g	Caamp.0188s0402, Caamp.0071s0145
OG0009172	Thhalv10007564m.g	Caamp.0071s0144, Caamp.0188s0403
OG0009173	Thhalv10008688m.g	Caamp.0188s0404, Caamp.0071s0143
OG0009174	Thhalv10008314m.g	Caamp.0071s0136, Caamp.0188s0412
OG0009175	Thhalv10007780m.g	Caamp.0071s0135, Caamp.0188s0413
OG0009176	Thhalv10007566m.g	Caamp.0188s0426, Caamp.0071s0121
OG0009177	Thhalv10008801m.g	Caamp.0071s0119, Caamp.0188s0428
OG0009178	Thhalv10007376m.g	Caamp.0188s0435, Caamp.0071s0113
OG0009179	Thhalv10007850m.g	Caamp.0071s0109, Caamp.0188s0438
OG0009180	Thhalv10007108m.g	Caamp.0188s0441, Caamp.0071s0106
OG0009181	Thhalv10007381m.g	Caamp.0188s0442, Caamp.0071s0105
OG0009182	Thhalv10007702m.g	Caamp.0071s0096, Caamp.0188s0457
OG0009183	Thhalv10023040m.g, Thhalv10009351m.g	Caamp.0071s0084, Caamp.0188s0469
OG0009184	Thhalv10008697m.g	Caamp.0071s0082, Caamp.0188s0472
OG0009185	Thhalv10008809m.g	Caamp.0188s0474, Caamp.0071s0080
OG0009186	Thhalv10008860m.g	Caamp.0071s0079, Caamp.0188s0475
OG0009187	Thhalv10008925m.g	Caamp.0071s0078, Caamp.0188s0476
OG0009188	Thhalv10007748m.g	Caamp.0188s0484, Caamp.0071s0064
OG0009189	Thhalv10009744m.g	Caamp.0071s0058, Caamp.0188s0491
OG0009190	Thhalv10007082m.g	Caamp.0188s0495, Caamp.0071s0055
OG0009191	Thhalv10009757m.g	Caamp.0188s0497, Caamp.0071s0050
OG0009192	Thhalv10008898m.g	Caamp.0071s0049, Caamp.0188s0498
OG0009193	Thhalv10008099m.g	Caamp.0071s0045, Caamp.0188s0503
OG0009194	Thhalv10006952m.g	Caamp.0188s0504
OG0009195	Thhalv10008701m.g	Caamp.0071s0038, Caamp.0188s0506
OG0009197	Thhalv10008166m.g	Caamp.0188s0512
OG0009198	Thhalv10009533m.g	Caamp.0071s0032, Caamp.0188s0513
OG0009199	Thhalv10008975m.g	Caamp.0188s0514, Caamp.0071s0031
OG0009200	Thhalv10008684m.g	Caamp.0071s0022, Caamp.0188s0522
OG0009201	Thhalv10007614m.g	Caamp.0071s0020, Caamp.0188s0524
OG0009202	Thhalv10008257m.g	Caamp.0188s0533, Caamp.0071s0012
OG0009203	Thhalv10008853m.g	Caamp.0071s0009, Caamp.0188s0536
OG0009204	Thhalv10008130m.g	Caamp.0188s0547, Caamp.0040s0008
OG0009205	Thhalv10007659m.g	Caamp.0040s0017, Caamp.0188s0555
OG0009206	Thhalv10007701m.g	Caamp.0040s0019, Caamp.0188s0557
OG0009207	Thhalv10006929m.g	Caamp.0188s0559, Caamp.0040s0021
OG0009208	Thhalv10008170m.g	Caamp.0188s0574, Caamp.0040s0038
OG0009209	Thhalv10007538m.g	Caamp.0188s0576, Caamp.0040s0040
OG0009210	Thhalv10008620m.g	Caamp.0040s0042, Caamp.0188s0578
OG0009211	Thhalv10006906m.g	Caamp.0188s0587
OG0009212	Thhalv10007124m.g	Caamp.0040s0050, Caamp.0188s0592
OG0009213	Thhalv10008705m.g	Caamp.0188s0596, Caamp.0040s0054
OG0009214	Thhalv10009881m.g	Caamp.0188s0600, Caamp.0040s0058
OG0009215	Thhalv10007952m.g	Caamp.0040s0062, Caamp.0188s0603
OG0009216	Thhalv10007102m.g	Caamp.0040s0065, Caamp.0188s0605
OG0009217	Thhalv10007120m.g	Caamp.0040s0066, Caamp.0188s0606
OG0009218	Thhalv10006562m.g	Caamp.0188s0607, Caamp.0040s0067
OG0009219	Thhalv10008895m.g	Caamp.0040s0068, Caamp.0188s0608
OG0009220	Thhalv10008018m.g	Caamp.0040s0084, Caamp.0188s0621
OG0009221	Thhalv10006787m.g	Caamp.0188s0630, Caamp.0040s0092
OG0009222	Thhalv10007720m.g	Caamp.0040s0096, Caamp.0188s0633
OG0009223	Thhalv10008936m.g	Caamp.0188s0637, Caamp.0040s0100
OG0009224	Thhalv10008365m.g	Caamp.0040s0107, Caamp.0188s0645
OG0009225	Thhalv10008912m.g	Caamp.0188s0652, Caamp.0040s0114
OG0009226	Thhalv10009244m.g	Caamp.0188s0653, Caamp.0040s0115
OG0009227	Thhalv10008467m.g	Caamp.0040s0116, Caamp.0188s0654
OG0009228	Thhalv10009053m.g	Caamp.0040s0117, Caamp.0188s0655
OG0009229	Thhalv10008433m.g	Caamp.0040s0121, Caamp.0188s0659
OG0009230	Thhalv10006752m.g	Caamp.0188s0661, Caamp.0040s0123
OG0009231	Thhalv10007131m.g	Caamp.0040s0126, Caamp.0188s0664
OG0009232	Thhalv10008008m.g	Caamp.0040s0132, Caamp.0188s0671
OG0009233	Thhalv10007169m.g	Caamp.0188s0680
OG0009234	Thhalv10006572m.g	Caamp.0040s0149, Caamp.0188s0683
OG0009235	Thhalv10007635m.g	Caamp.0040s0154, Caamp.0188s0686
OG0009236	Thhalv10008041m.g	Caamp.0040s0170, Caamp.0188s0701
OG0009237	Thhalv10007586m.g	Caamp.0188s0702, Caamp.0040s0171
OG0009238	Thhalv10008658m.g	Caamp.0188s0709, Caamp.0040s0177
OG0009239	Thhalv10008118m.g	Caamp.0188s0710, Caamp.0046s0150
OG0009240	Thhalv10008548m.g	Caamp.0188s0741, Caamp.0046s0178
OG0009241	Thhalv10009833m.g	Caamp.0188s0742
OG0009242	Thhalv10009033m.g	Caamp.0046s0180, Caamp.0188s0743
OG0009243	Thhalv10009386m.g	Caamp.0188s0746, Caamp.0046s0183
OG0009244	Thhalv10006808m.g	Caamp.0188s0747, Caamp.0046s0184
OG0009245	Thhalv10007520m.g	Caamp.0046s0186, Caamp.0188s0749
OG0009246	Thhalv10008754m.g	Caamp.0046s0199, Caamp.0188s0765
OG0009247	Thhalv10009114m.g	Caamp.0046s0200, Caamp.0188s0766
OG0009248	Thhalv10009924m.g	Caamp.0188s0779, Caamp.0056s0148
OG0009249	Thhalv10006934m.g	Caamp.0188s0784, Caamp.0056s0144
OG0009250	Thhalv10009219m.g	Caamp.0188s0786, Caamp.0056s0141
OG0009251	Thhalv10009356m.g	Caamp.0188s0790, Caamp.0056s0136
OG0009252	Thhalv10006711m.g	Caamp.0056s0130, Caamp.0188s0795
OG0009253	Thhalv10007730m.g	Caamp.0188s0800, Caamp.0056s0127
OG0009254	Thhalv10009331m.g	Caamp.0188s0815
OG0009254	Thhalv10009447m.g	Caamp.0056s0114
OG0009255	Thhalv10007374m.g	Caamp.0188s0817, Caamp.0056s0113
OG0009256	Thhalv10007628m.g	Caamp.0188s0818, Caamp.0056s0112
OG0009257	Thhalv10007631m.g	Caamp.0188s0821, Caamp.0056s0110
OG0009258	Thhalv10009297m.g	Caamp.0056s0087, Caamp.0188s0840
OG0009259	Thhalv10007576m.g	Caamp.0056s0084, Caamp.0188s0843
OG0009260	Thhalv10008199m.g	Caamp.0056s0077, Caamp.0188s0853
OG0009261	Thhalv10007081m.g, Thhalv10003169m.g	Caamp.0056s0063, Caamp.0188s0866
OG0009262	Thhalv10009937m.g	Caamp.0188s0868
OG0009262	Thhalv10008015m.g	Caamp.0056s0057
OG0009263	Thhalv10009604m.g	Caamp.0188s0870, Caamp.0056s0054
OG0009264	Thhalv10006614m.g, Thhalv10000396m.g	Caamp.0188s0883, Caamp.0056s0042
OG0009265	Thhalv10006925m.g	Caamp.0188s0884, Caamp.0056s0041
OG0009266	Thhalv10006848m.g	Caamp.0188s0890, Caamp.0056s0036
OG0009267	Thhalv10008004m.g	Caamp.0056s0035, Caamp.0188s0891
OG0009268	Thhalv10008519m.g	Caamp.0188s0894, Caamp.0056s0032
OG0009269	Thhalv10006867m.g	Caamp.0188s0941, Caamp.0056s0018
OG0009270	Thhalv10006538m.g	Caamp.0275s0086, Caamp.0188s1088
OG0009271	Thhalv10009579m.g	Caamp.0275s0077, Caamp.0188s1099
OG0009272	Thhalv10008079m.g	Caamp.0275s0070, Caamp.0188s1111
OG0009273	Thhalv10008053m.g	Caamp.0188s1139, Caamp.0275s0036
OG0009274	Thhalv10008083m.g	Caamp.0188s1150, Caamp.0275s0023
OG0009275	Thhalv10009084m.g	Caamp.0188s1151, Caamp.0275s0021
OG0009276	Thhalv10008126m.g	Caamp.0188s1156, Caamp.0275s0015
OG0009277	Thhalv10006946m.g	Caamp.0188s1157, Caamp.0275s0014
OG0009278	Thhalv10007383m.g	Caamp.0275s0007, Caamp.0188s1160
OG0009279	Thhalv10009237m.g	Caamp.0188s1161, Caamp.0275s0006
OG0009280	Thhalv10009534m.g	Caamp.0188s1166, Caamp.0275s0001
OG0009282	Thhalv10022486m.g	Caamp.0019s0006, Caamp.0019s0120
OG0009283	Thhalv10022488m.g	Caamp.0019s0007, Caamp.0019s0116
OG0009284	Thhalv10002486m.g	Caamp.0019s0110, Caamp.0019s0062
OG0009285	Thhalv10022464m.g	Caamp.0019s0085, Caamp.0019s0101
OG0009287	Thhalv10007988m.g	Caamp.0190s0001, Caamp.0046s0474
OG0009288	Thhalv10009132m.g, Thhalv10019327m.g	Caamp.0046s0478, Caamp.0190s0003
OG0009289	Thhalv10008464m.g	Caamp.0046s0482, Caamp.0190s0007
OG0009290	Thhalv10000660m.g	Caamp.0190s0012
OG0009291	Thhalv10006877m.g	Caamp.0046s0487, Caamp.0190s0015
OG0009292	Thhalv10007329m.g	Caamp.0046s0496, Caamp.0190s0024
OG0009293	Thhalv10008599m.g	Caamp.0046s0514, Caamp.0190s0041
OG0009294	Thhalv10007704m.g	Caamp.0046s0516, Caamp.0190s0043
OG0009295	Thhalv10006790m.g	Caamp.0046s0520, Caamp.0190s0048
OG0009296	Thhalv10007011m.g	Caamp.0190s0050, Caamp.0046s0522
OG0009297	Thhalv10008759m.g	Caamp.0190s0057, Caamp.0046s0529
OG0009298	Thhalv10006866m.g	Caamp.0190s0058
OG0009299	Thhalv10007660m.g	Caamp.0046s0539, Caamp.0190s0066
OG0009300	Thhalv10008598m.g	Caamp.0046s0552, Caamp.0190s0080
OG0009301	Thhalv10010018m.g	Caamp.0190s0094, Caamp.0046s0566
OG0009302	Thhalv10008558m.g	Caamp.0046s0573, Caamp.0190s0101
OG0009303	Thhalv10008571m.g	Caamp.0046s0574, Caamp.0190s0102
OG0009304	Thhalv10008107m.g	Caamp.0046s0575, Caamp.0190s0103
OG0009305	Thhalv10007142m.g	Caamp.0046s0582, Caamp.0190s0110
OG0009306	Thhalv10008590m.g	Caamp.0046s0583, Caamp.0190s0111
OG0009307	Thhalv10007584m.g	Caamp.0190s0112, Caamp.0046s0584
OG0009308	Thhalv10011223m.g, Thhalv10011979m.g	Caamp.0190s0156
OG0009309	Thhalv10011752m.g	Caamp.0064s0881, Caamp.0190s0201
OG0009310	Thhalv10025870m.g	Caamp.0303s1300, Caamp.0190s0243
OG0009311	Thhalv10025574m.g	Caamp.0190s0250, Caamp.0094s1062
OG0009312	Thhalv10025479m.g	Caamp.0094s1063, Caamp.0190s0251
OG0009313	Thhalv10025816m.g	Caamp.0094s1064, Caamp.0190s0252
OG0009314	Thhalv10025375m.g	Caamp.0190s0259, Caamp.0094s1071
OG0009315	Thhalv10025473m.g	Caamp.0190s0268, Caamp.0094s1078
OG0009316	Thhalv10025651m.g	Caamp.0094s1080, Caamp.0190s0272
OG0009317	Thhalv10026470m.g	Caamp.0094s1083, Caamp.0190s0275
OG0009318	Thhalv10015755m.g	Caamp.0094s1087
OG0009318	Thhalv10026112m.g	Caamp.0190s0278
OG0009319	Thhalv10027051m.g	Caamp.0094s1091, Caamp.0190s0280
OG0009320	Thhalv10026036m.g	Caamp.0094s1092, Caamp.0190s0281
OG0009321	Thhalv10025300m.g	Caamp.0190s0282, Caamp.0094s1093
OG0009322	Thhalv10025367m.g	Caamp.0094s1098, Caamp.0190s0285
OG0009323	Thhalv10026392m.g	Caamp.0094s1099, Caamp.0190s0286
OG0009324	Thhalv10024285m.g	Caamp.0190s0287, Caamp.0094s1100
OG0009325	Thhalv10025818m.g	Caamp.0094s1103, Caamp.0190s0290
OG0009326	Thhalv10026025m.g	Caamp.0094s1111, Caamp.0190s0300
OG0009327	Thhalv10025342m.g	Caamp.0094s1133, Caamp.0190s0325
OG0009328	Thhalv10024309m.g, Thhalv10024325m.g	Caamp.0094s1136, Caamp.0190s0328
OG0009329	Thhalv10026517m.g	Caamp.0190s0329, Caamp.0094s1137
OG0009330	Thhalv10025598m.g	Caamp.0190s0341, Caamp.0094s1148
OG0009331	Thhalv10026197m.g	Caamp.0190s0342, Caamp.0094s1149
OG0009332	Thhalv10027334m.g	Caamp.0094s1154, Caamp.0190s0347
OG0009333	Thhalv10026732m.g	Caamp.0190s0348, Caamp.0094s1155
OG0009334	Thhalv10024897m.g	Caamp.0094s1160, Caamp.0190s0354
OG0009335	Thhalv10025172m.g	Caamp.0190s0358, Caamp.0094s1164
OG0009336	Thhalv10024758m.g	Caamp.0190s0363, Caamp.0094s1169
OG0009337	Thhalv10025796m.g	Caamp.0003s0013, Caamp.0190s0375
OG0009338	Thhalv10024531m.g	Caamp.0190s0380, Caamp.0003s0018
OG0009339	Thhalv10026008m.g	Caamp.0190s0384, Caamp.0003s0022
OG0009340	Thhalv10025560m.g	Caamp.0190s0386, Caamp.0003s0024
OG0009341	Thhalv10027427m.g	Caamp.0190s0396, Caamp.0003s0037
OG0009342	Thhalv10024746m.g	Caamp.0190s0404, Caamp.0003s0042
OG0009343	Thhalv10026736m.g	Caamp.0190s0413, Caamp.0003s0049
OG0009344	Thhalv10025017m.g	Caamp.0003s0056, Caamp.0190s0419
OG0009345	Thhalv10025322m.g	Caamp.0190s0420, Caamp.0003s0057
OG0009346	Thhalv10025604m.g	Caamp.0003s0058, Caamp.0190s0421
OG0009347	Thhalv10026125m.g	Caamp.0003s0063, Caamp.0190s0426
OG0009348	Thhalv10024383m.g	Caamp.0190s0430, Caamp.0003s0067
OG0009349	Thhalv10025428m.g	Caamp.0190s0432, Caamp.0003s0069
OG0009350	Thhalv10025909m.g	Caamp.0003s0076, Caamp.0190s0438
OG0009351	Thhalv10025307m.g	Caamp.0003s0081, Caamp.0190s0443
OG0009352	Thhalv10024417m.g	Caamp.0190s0447, Caamp.0003s0085
OG0009353	Thhalv10025035m.g	Caamp.0190s0460, Caamp.0003s0094
OG0009354	Thhalv10026122m.g	Caamp.0190s0468, Caamp.0003s0103
OG0009355	Thhalv10026022m.g	Caamp.0190s0469, Caamp.0003s0104
OG0009356	Thhalv10026280m.g	Caamp.0003s0105, Caamp.0190s0470
OG0009358	Thhalv10025434m.g	Caamp.0190s0484, Caamp.0003s0113
OG0009359	Thhalv10026341m.g	Caamp.0003s0115, Caamp.0190s0486
OG0009360	Thhalv10026111m.g	Caamp.0003s0116, Caamp.0190s0489
OG0009361	Thhalv10025390m.g	Caamp.0190s0494, Caamp.0003s0120
OG0009362	Thhalv10026032m.g	Caamp.0190s0498, Caamp.0003s0124
OG0009363	Thhalv10027016m.g	Caamp.0190s0506, Caamp.0003s0131
OG0009364	Thhalv10025722m.g	Caamp.0190s0508
OG0009365	Thhalv10004566m.g, Thhalv10025666m.g	Caamp.0003s0160, Caamp.0190s0509
OG0009366	Thhalv10027215m.g	Caamp.0003s0156, Caamp.0190s0512
OG0009367	Thhalv10025970m.g	Caamp.0190s0518
OG0009367	Thhalv10014437m.g	Caamp.0003s0150
OG0009368	Thhalv10026518m.g	Caamp.0003s0147, Caamp.0190s0521
OG0009369	Thhalv10026410m.g	Caamp.0190s0522, Caamp.0003s0146
OG0009371	Thhalv10025089m.g	Caamp.0190s0554, Caamp.0003s0176
OG0009372	Thhalv10025236m.g	Caamp.0190s0558, Caamp.0003s0179
OG0009373	Thhalv10026080m.g	Caamp.0190s0564, Caamp.0003s0187
OG0009374	Thhalv10027021m.g	Caamp.0190s0566, Caamp.0003s0189
OG0009375	Thhalv10025186m.g	Caamp.0190s0568, Caamp.0003s0191
OG0009376	Thhalv10025274m.g	Caamp.0190s0573
OG0009377	Thhalv10024594m.g	Caamp.0003s0197, Caamp.0190s0575
OG0009378	Thhalv10025204m.g	Caamp.0190s0583, Caamp.0003s0204
OG0009379	Thhalv10024818m.g	Caamp.0003s0205, Caamp.0190s0589
OG0009380	Thhalv10024705m.g	Caamp.0190s0592, Caamp.0003s0208
OG0009381	Thhalv10025630m.g	Caamp.0003s0216, Caamp.0190s0601
OG0009382	Thhalv10027094m.g	Caamp.0003s0222, Caamp.0190s0607
OG0009383	Thhalv10025797m.g	Caamp.0190s0610, Caamp.0037s0584
OG0009384	Thhalv10026459m.g	Caamp.0190s0615, Caamp.0003s0230
OG0009385	Thhalv10024600m.g	Caamp.0003s0231, Caamp.0190s0616
OG0009386	Thhalv10025670m.g	Caamp.0003s0237, Caamp.0190s0621
OG0009387	Thhalv10024337m.g	Caamp.0190s0631, Caamp.0003s0248
OG0009388	Thhalv10026760m.g	Caamp.0190s0632, Caamp.0003s0249
OG0009389	Thhalv10026064m.g	Caamp.0003s0252, Caamp.0190s0636
OG0009390	Thhalv10027518m.g	Caamp.0190s0637, Caamp.0003s0253
OG0009391	Thhalv10025382m.g	Caamp.0003s0257, Caamp.0190s0641
OG0009392	Thhalv10025345m.g	Caamp.0003s0275, Caamp.0190s0658, Caamp.0097s0664
OG0009393	Thhalv10025799m.g	Caamp.0003s0284, Caamp.0190s0667
OG0009394	Thhalv10025364m.g	Caamp.0003s0286, Caamp.0190s0669
OG0009395	Thhalv10025011m.g	Caamp.0003s0290, Caamp.0190s0671
OG0009396	Thhalv10026035m.g	Caamp.0003s0294, Caamp.0190s0675
OG0009397	Thhalv10026387m.g	Caamp.0003s0296, Caamp.0190s0677
OG0009398	Thhalv10024327m.g	Caamp.0003s0297, Caamp.0190s0678
OG0009399	Thhalv10026496m.g	Caamp.0003s0309, Caamp.0190s0686
OG0009400	Thhalv10025774m.g	Caamp.0190s0693, Caamp.0003s0323
OG0009402	Thhalv10025991m.g	Caamp.0190s0705, Caamp.0003s0339
OG0009403	Thhalv10025559m.g	Caamp.0190s0708, Caamp.0003s0343
OG0009404	Thhalv10025848m.g	Caamp.0003s0345, Caamp.0190s0710
OG0009405	Thhalv10027105m.g	Caamp.0003s0351, Caamp.0190s0713
OG0009406	Thhalv10002581m.g	Caamp.0190s0719
OG0009408	Thhalv10027281m.g	Caamp.0003s0366, Caamp.0190s0737
OG0009409	Thhalv10025227m.g	Caamp.0190s0738, Caamp.0003s0367
OG0009410	Thhalv10025482m.g	Caamp.0003s0373, Caamp.0190s0745
OG0009411	Thhalv10026345m.g	Caamp.0003s0375, Caamp.0190s0747
OG0009412	Thhalv10027572m.g	Caamp.0003s0377, Caamp.0190s0749
OG0009413	Thhalv10027584m.g	Caamp.0003s0381, Caamp.0190s0754
OG0009414	Thhalv10027004m.g	Caamp.0190s0757, Caamp.0003s0387
OG0009415	Thhalv10026905m.g	Caamp.0190s0762, Caamp.0003s0393
OG0009416	Thhalv10025624m.g	Caamp.0003s0400, Caamp.0190s0770
OG0009417	Thhalv10024449m.g	Caamp.0003s0404, Caamp.0190s0776
OG0009419	Thhalv10026223m.g	Caamp.0190s0793, Caamp.0003s0417
OG0009420	Thhalv10025134m.g	Caamp.0003s0418, Caamp.0190s0794
OG0009421	Thhalv10027246m.g	Caamp.0190s0796, Caamp.0003s0420
OG0009422	Thhalv10025680m.g	Caamp.0003s0421, Caamp.0190s0797
OG0009423	Thhalv10026386m.g	Caamp.0190s0799
OG0009424	Thhalv10026480m.g	Caamp.0003s0429, Caamp.0190s0810
OG0009425	Thhalv10025484m.g	Caamp.0190s0815, Caamp.0003s0434
OG0009426	Thhalv10026499m.g	Caamp.0190s0821, Caamp.0003s0441
OG0009427	Thhalv10026538m.g	Caamp.0190s0822, Caamp.0003s0442
OG0009428	Thhalv10026412m.g	Caamp.0190s0832, Caamp.0003s0452
OG0009429	Thhalv10025871m.g	Caamp.0190s0836, Caamp.0003s0457
OG0009430	Thhalv10024526m.g	Caamp.0190s0838, Caamp.0003s0458
OG0009431	Thhalv10026245m.g	Caamp.0190s0844, Caamp.0003s0461
OG0009432	Thhalv10026468m.g	Caamp.0190s0850, Caamp.0003s0464
OG0009433	Thhalv10024332m.g	Caamp.0190s0852, Caamp.0003s0466
OG0009434	Thhalv10025498m.g	Caamp.0190s0856, Caamp.0003s0469
OG0009435	Thhalv10025170m.g	Caamp.0003s0476, Caamp.0190s0866
OG0009436	Thhalv10025354m.g	Caamp.0003s0480, Caamp.0190s0869
OG0009437	Thhalv10025765m.g	Caamp.0003s0483, Caamp.0190s0872
OG0009438	Thhalv10025660m.g	Caamp.0190s0875, Caamp.0003s0486
OG0009439	Thhalv10024732m.g	Caamp.0190s0878
OG0009440	Thhalv10025164m.g	Caamp.0190s0896, Caamp.0003s0507
OG0009441	Thhalv10026881m.g	Caamp.0190s0900, Caamp.0003s0511
OG0009442	Thhalv10024389m.g	Caamp.0003s0522, Caamp.0190s0914
OG0009443	Thhalv10025893m.g	Caamp.0190s0916, Caamp.0003s0524
OG0009444	Thhalv10025951m.g	Caamp.0190s0924, Caamp.0003s0532
OG0009445	Thhalv10024247m.g	Caamp.0003s0544, Caamp.0190s0934
OG0009446	Thhalv10025078m.g	Caamp.0190s0942, Caamp.0003s0551
OG0009447	Thhalv10025062m.g	Caamp.0190s0943, Caamp.0003s0552
OG0009448	Thhalv10026477m.g	Caamp.0190s0944, Caamp.0003s0554
OG0009449	Thhalv10025454m.g	Caamp.0190s0945, Caamp.0003s0555
OG0009450	Thhalv10000889m.g, Thhalv10025547m.g	Caamp.0190s0946, Caamp.0003s0556
OG0009451	Thhalv10024627m.g	Caamp.0003s0563, Caamp.0190s0956
OG0009452	Thhalv10026156m.g	Caamp.0190s0961, Caamp.0003s0568
OG0009453	Thhalv10024888m.g	Caamp.0003s0575, Caamp.0190s0967
OG0009454	Thhalv10024849m.g	Caamp.0003s0582, Caamp.0190s0974
OG0009455	Thhalv10026258m.g	Caamp.0190s0980, Caamp.0003s0586
OG0009456	Thhalv10027324m.g	Caamp.0190s0988
OG0009457	Thhalv10024780m.g	Caamp.0190s0990, Caamp.0003s0591
OG0009458	Thhalv10024508m.g	Caamp.0003s0609, Caamp.0190s1008
OG0009459	Thhalv10024718m.g	Caamp.0190s1015, Caamp.0003s0615
OG0009460	Thhalv10024259m.g	Caamp.0190s1022
OG0009461	Thhalv10026567m.g	Caamp.0190s1031, Caamp.0003s0630
OG0009462	Thhalv10026357m.g, Thhalv10026371m.g	Caamp.0003s0633, Caamp.0190s1034
OG0009463	Thhalv10025409m.g	Caamp.0003s0638, Caamp.0190s1040
OG0009464	Thhalv10024714m.g	Caamp.0190s1044, Caamp.0003s0645
OG0009465	Thhalv10027446m.g	Caamp.0003s0646, Caamp.0190s1045
OG0009466	Thhalv10026903m.g	Caamp.0003s0648, Caamp.0190s1048
OG0009467	Thhalv10025247m.g	Caamp.0190s1051
OG0009468	Thhalv10025107m.g	Caamp.0190s1064, Caamp.0003s0663
OG0009469	Thhalv10027050m.g	Caamp.0190s1069, Caamp.0003s0669
OG0009470	Thhalv10010848m.g	Caamp.0190s1070, Caamp.0095s0962, Caamp.0078s0333
OG0009471	Thhalv10027221m.g	Caamp.0190s1071, Caamp.0003s0671
OG0009472	Thhalv10024648m.g	Caamp.0190s1072, Caamp.0003s0672
OG0009473	Thhalv10025410m.g	Caamp.0003s0676, Caamp.0190s1079
OG0009474	Thhalv10026712m.g	Caamp.0190s1081, Caamp.0003s0678
OG0009475	Thhalv10024499m.g	Caamp.0190s1083, Caamp.0003s0680
OG0009476	Thhalv10025291m.g	Caamp.0190s1084, Caamp.0003s0681
OG0009477	Thhalv10026439m.g	Caamp.0190s1086, Caamp.0003s0683
OG0009478	Thhalv10026632m.g	Caamp.0190s1094, Caamp.0003s0693
OG0009479	Thhalv10027014m.g	Caamp.0190s1095, Caamp.0003s0694
OG0009480	Thhalv10025383m.g	Caamp.0003s0696, Caamp.0190s1097
OG0009481	Thhalv10026609m.g	Caamp.0190s1098, Caamp.0003s0697
OG0009482	Thhalv10025369m.g	Caamp.0003s0701, Caamp.0190s1102
OG0009483	Thhalv10024846m.g	Caamp.0003s0705, Caamp.0190s1106
OG0009484	Thhalv10024297m.g	Caamp.0190s1108
OG0009485	Thhalv10002741m.g, Thhalv10026758m.g	Caamp.0190s1121, Caamp.0003s0724, Caamp.0003s0725
OG0009486	Thhalv10025992m.g	Caamp.0003s0728, Caamp.0190s1126
OG0009487	Thhalv10025600m.g	Caamp.0003s0729, Caamp.0190s1127
OG0009488	Thhalv10022557m.g	Caamp.0026s0774, Caamp.0190s1183
OG0009490	Thhalv10022715m.g	Caamp.0026s0770, Caamp.0190s1189
OG0009491	Thhalv10022669m.g	Caamp.0026s0763, Caamp.0190s1205
OG0009492	Thhalv10022719m.g	Caamp.0190s1208, Caamp.0026s0758
OG0009493	Thhalv10022824m.g	Caamp.0190s1211, Caamp.0026s0757
OG0009494	Thhalv10022853m.g	Caamp.0026s0752, Caamp.0190s1215
OG0009495	Thhalv10022577m.g	Caamp.0190s1217
OG0009496	Thhalv10022724m.g	Caamp.0190s1223, Caamp.0026s0744
OG0009497	Thhalv10022580m.g	Caamp.0190s1232, Caamp.0026s0734
OG0009499	Thhalv10022864m.g	Caamp.0026s0722, Caamp.0190s1237
OG0009500	Thhalv10022753m.g	Caamp.0190s1258, Caamp.0026s0716
OG0009502	Thhalv10023200m.g	Caamp.0190s1271, Caamp.0026s0706
OG0009503	Thhalv10022794m.g	Caamp.0190s1276, Caamp.0026s0702
OG0009504	Thhalv10022634m.g	Caamp.0190s1292, Caamp.0026s0684
OG0009505	Thhalv10022900m.g	Caamp.0190s1316, Caamp.0026s0656
OG0009506	Thhalv10023023m.g, Thhalv10022797m.g	Caamp.0026s0648, Caamp.0190s1322
OG0009508	Thhalv10022542m.g	Caamp.0026s0602, Caamp.0190s1362
OG0009509	Thhalv10022708m.g	Caamp.0190s1368, Caamp.0026s0598
OG0009510	Thhalv10022762m.g	Caamp.0190s1369, Caamp.0026s0596
OG0009511	Thhalv10022098m.g	Caamp.0051s0229
OG0009511	Thhalv10015389m.g	Caamp.0034s0140, Caamp.0051s0220
OG0009512	Thhalv10022463m.g	Caamp.0002s0003, Caamp.0002s0001
OG0009513	Thhalv10018927m.g	Caamp.0006s0595, Caamp.0002s0135
OG0009514	Thhalv10019000m.g	Caamp.0002s0138, Caamp.0006s0591
OG0009515	Thhalv10018777m.g	Caamp.0006s0588, Caamp.0002s0142
OG0009516	Thhalv10018817m.g	Caamp.0002s0153, Caamp.0303s0710
OG0009517	Thhalv10018224m.g	Caamp.0303s0707, Caamp.0002s0155
OG0009518	Thhalv10018615m.g	Caamp.0002s0191, Caamp.0303s0681
OG0009519	Thhalv10018775m.g	Caamp.0303s0673, Caamp.0002s0201
OG0009520	Thhalv10018450m.g	Caamp.0002s0208, Caamp.0303s0670
OG0009521	Thhalv10018870m.g	Caamp.0303s0667, Caamp.0002s0211
OG0009522	Thhalv10018989m.g	Caamp.0002s0217, Caamp.0303s0660
OG0009523	Thhalv10018590m.g	Caamp.0002s0218, Caamp.0303s0659
OG0009524	Thhalv10018471m.g	Caamp.0002s0237, Caamp.0303s0644
OG0009525	Thhalv10018287m.g	Caamp.0303s0638, Caamp.0002s0245
OG0009526	Thhalv10018787m.g	Caamp.0002s0247, Caamp.0303s0635
OG0009527	Thhalv10018203m.g	Caamp.0002s0250, Caamp.0303s0632
OG0009528	Thhalv10019020m.g	Caamp.0303s0631, Caamp.0002s0251
OG0009529	Thhalv10018415m.g	Caamp.0303s0629, Caamp.0002s0254
OG0009530	Thhalv10018088m.g	Caamp.0002s0256, Caamp.0002s0258
OG0009532	Thhalv10019754m.g	Caamp.0303s0620, Caamp.0002s0274
OG0009533	Thhalv10018964m.g	Caamp.0303s0618, Caamp.0002s0276
OG0009534	Thhalv10018643m.g	Caamp.0002s0277, Caamp.0303s0617
OG0009535	Thhalv10019051m.g	Caamp.0002s0283, Caamp.0303s0612
OG0009536	Thhalv10018686m.g	Caamp.0303s0611, Caamp.0002s0284
OG0009537	Thhalv10018566m.g	Caamp.0002s0285, Caamp.0006s0711, Caamp.0064s0023
OG0009538	Thhalv10019709m.g	Caamp.0303s0610, Caamp.0002s0286
OG0009539	Thhalv10019008m.g	Caamp.0002s0294, Caamp.0303s0604
OG0009540	Thhalv10019589m.g	Caamp.0303s0602, Caamp.0002s0296
OG0009541	Thhalv10018271m.g	Caamp.0303s0595, Caamp.0002s0303
OG0009542	Thhalv10018688m.g	Caamp.0002s0305, Caamp.0303s0593
OG0009543	Thhalv10018614m.g	Caamp.0002s0309
OG0009544	Thhalv10018839m.g	Caamp.0303s0588, Caamp.0002s0310
OG0009545	Thhalv10019755m.g, Thhalv10019799m.g, Thhalv10019466m.g	Caamp.0002s0319
OG0009546	Thhalv10019817m.g	Caamp.0064s0522, Caamp.0002s0334
OG0009547	Thhalv10018663m.g	Caamp.0002s0349, Caamp.0064s0536
OG0009548	Thhalv10009808m.g	Caamp.0037s0622, Caamp.0002s0353, Caamp.0064s0540
OG0009549	Thhalv10018227m.g	Caamp.0002s0357
OG0009550	Thhalv10019225m.g	Caamp.0002s0359, Caamp.0064s0546
OG0009551	Thhalv10018547m.g	Caamp.0064s0550, Caamp.0002s0363
OG0009552	Thhalv10019264m.g	Caamp.0002s0365, Caamp.0064s0552
OG0009553	Thhalv10018737m.g	Caamp.0064s0553, Caamp.0002s0366
OG0009555	Thhalv10004308m.g	Caamp.0009s0093, Caamp.0021s0008
OG0009556	Thhalv10008991m.g	Caamp.0037s0487, Caamp.0021s0018
OG0009557	Thhalv10003888m.g	Caamp.0009s0087, Caamp.0021s0024
OG0009558	Thhalv10003900m.g	Caamp.0021s0063, Caamp.0008s0100
OG0009559	Thhalv10004223m.g	Caamp.0021s0077, Caamp.0009s0063
OG0009560	Thhalv10020017m.g	Caamp.0214s0005, Caamp.0078s0981
OG0009561	Thhalv10020297m.g	Caamp.0078s0986, Caamp.0214s0010
OG0009562	Thhalv10021017m.g	Caamp.0078s0952, Caamp.0214s0026
OG0009563	Thhalv10021365m.g	Caamp.0078s0951, Caamp.0214s0027
OG0009564	Thhalv10021406m.g	Caamp.0214s0028, Caamp.0078s0950
OG0009565	Thhalv10020523m.g	Caamp.0214s0036
OG0009566	Thhalv10022336m.g	Caamp.0214s0037
OG0009567	Thhalv10022294m.g	Caamp.0214s0039, Caamp.0078s0942
OG0009568	Thhalv10020975m.g	Caamp.0078s0935, Caamp.0214s0044
OG0009569	Thhalv10020384m.g	Caamp.0078s0934, Caamp.0214s0045
OG0009570	Thhalv10021449m.g	Caamp.0078s0932, Caamp.0214s0050
OG0009571	Thhalv10029164m.g, Thhalv10022347m.g	Caamp.0064s0651, Caamp.0214s0062
OG0009572	Thhalv10020324m.g	Caamp.0214s0065, Caamp.0078s0913
OG0009573	Thhalv10020814m.g, Thhalv10026961m.g	Caamp.0214s0067, Caamp.0078s0912
OG0009574	Thhalv10020005m.g	Caamp.0214s0068, Caamp.0078s0911
OG0009575	Thhalv10020532m.g	Caamp.0214s0069, Caamp.0078s0910
OG0009576	Thhalv10021097m.g	Caamp.0214s0070, Caamp.0078s0909
OG0009577	Thhalv10020268m.g	Caamp.0078s0908, Caamp.0214s0071
OG0009578	Thhalv10021498m.g	Caamp.0078s0902, Caamp.0214s0076
OG0009579	Thhalv10020197m.g	Caamp.0078s0878, Caamp.0214s0096
OG0009580	Thhalv10021497m.g	Caamp.0214s0098, Caamp.0078s0876
OG0009581	Thhalv10020007m.g	Caamp.0214s0100, Caamp.0078s0874
OG0009582	Thhalv10019985m.g	Caamp.0078s0871, Caamp.0214s0103
OG0009583	Thhalv10020168m.g	Caamp.0078s0869, Caamp.0214s0105
OG0009584	Thhalv10021400m.g	Caamp.0078s0863, Caamp.0214s0111
OG0009585	Thhalv10020573m.g	Caamp.0078s0861, Caamp.0214s0113
OG0009586	Thhalv10019913m.g	Caamp.0214s0118, Caamp.0097s0079, Caamp.0078s0857
OG0009587	Thhalv10020301m.g	Caamp.0078s0855, Caamp.0214s0120
OG0009588	Thhalv10022132m.g	Caamp.0214s0123
OG0009589	Thhalv10020482m.g	Caamp.0078s0850, Caamp.0214s0124
OG0009590	Thhalv10020316m.g	Caamp.0214s0126, Caamp.0078s0848
OG0009591	Thhalv10020471m.g	Caamp.0078s0847, Caamp.0214s0128
OG0009592	Thhalv10020082m.g	Caamp.0214s0135, Caamp.0078s0841
OG0009593	Thhalv10021529m.g	Caamp.0078s0838, Caamp.0214s0138
OG0009594	Thhalv10020792m.g	Caamp.0214s0144, Caamp.0078s0831
OG0009595	Thhalv10020903m.g	Caamp.0078s0825, Caamp.0214s0150
OG0009596	Thhalv10020625m.g	Caamp.0078s0824, Caamp.0214s0152
OG0009597	Thhalv10021337m.g	Caamp.0078s0823, Caamp.0214s0153
OG0009598	Thhalv10020860m.g	Caamp.0214s0155, Caamp.0078s0821
OG0009599	Thhalv10020030m.g	Caamp.0078s0804, Caamp.0214s0169
OG0009600	Thhalv10020972m.g	Caamp.0078s0802, Caamp.0214s0171
OG0009601	Thhalv10021669m.g	Caamp.0214s0187, Caamp.0078s0785
OG0009602	Thhalv10020637m.g	Caamp.0214s0194, Caamp.0078s0779
OG0009603	Thhalv10021091m.g	Caamp.0214s0197, Caamp.0078s0777
OG0009604	Thhalv10020216m.g	Caamp.0078s0767, Caamp.0214s0200
OG0009605	Thhalv10021354m.g	Caamp.0214s0205, Caamp.0078s0773
OG0009606	Thhalv10020521m.g	Caamp.0214s0212, Caamp.0078s0759
OG0009607	Thhalv10021171m.g	Caamp.0078s0740, Caamp.0214s0233
OG0009608	Thhalv10021725m.g	Caamp.0214s0239, Caamp.0078s0734
OG0009609	Thhalv10021281m.g	Caamp.0078s0724, Caamp.0214s0247
OG0009610	Thhalv10022271m.g	Caamp.0214s0249, Caamp.0078s0722
OG0009611	Thhalv10020119m.g	Caamp.0078s0712, Caamp.0214s0258
OG0009612	Thhalv10020943m.g	Caamp.0214s0259, Caamp.0078s0711
OG0009613	Thhalv10021870m.g, Thhalv10022475m.g	Caamp.0214s0266, Caamp.0078s0703
OG0009614	Thhalv10020959m.g	Caamp.0214s0268, Caamp.0078s0701
OG0009615	Thhalv10021395m.g	Caamp.0214s0269, Caamp.0078s0700
OG0009616	Thhalv10020831m.g	Caamp.0078s0699, Caamp.0214s0270
OG0009617	Thhalv10021422m.g	Caamp.0078s0694, Caamp.0214s0274
OG0009618	Thhalv10022183m.g	Caamp.0078s0693, Caamp.0214s0275
OG0009619	Thhalv10021262m.g	Caamp.0078s0689, Caamp.0214s0280
OG0009620	Thhalv10020550m.g	Caamp.0214s0282, Caamp.0078s0687
OG0009621	Thhalv10020179m.g	Caamp.0078s0685, Caamp.0214s0284
OG0009622	Thhalv10020695m.g	Caamp.0078s0684, Caamp.0214s0285
OG0009623	Thhalv10020552m.g	Caamp.0214s0287, Caamp.0078s0682
OG0009624	Thhalv10020055m.g	Caamp.0214s0288, Caamp.0078s0681
OG0009625	Thhalv10020967m.g	Caamp.0078s0680, Caamp.0214s0289
OG0009626	Thhalv10020951m.g	Caamp.0214s0291, Caamp.0078s0678
OG0009627	Thhalv10021713m.g	Caamp.0214s0295, Caamp.0078s0674
OG0009628	Thhalv10020960m.g	Caamp.0078s0672, Caamp.0214s0296
OG0009629	Thhalv10020176m.g	Caamp.0214s0302, Caamp.0078s0666
OG0009630	Thhalv10020277m.g	Caamp.0214s0312, Caamp.0078s0655
OG0009631	Thhalv10020790m.g	Caamp.0214s0317, Caamp.0078s0650
OG0009632	Thhalv10020977m.g	Caamp.0078s0644, Caamp.0214s0322
OG0009633	Thhalv10007798m.g	Caamp.0078s0643, Caamp.0214s0323
OG0009634	Thhalv10020454m.g	Caamp.0214s0331, Caamp.0078s0635
OG0009635	Thhalv10021816m.g, Thhalv10021611m.g	Caamp.0214s0332, Caamp.0078s0634
OG0009636	Thhalv10020331m.g	Caamp.0214s0335, Caamp.0078s0631
OG0009637	Thhalv10020757m.g	Caamp.0078s0620, Caamp.0214s0344
OG0009638	Thhalv10020770m.g	Caamp.0078s0619, Caamp.0214s0345
OG0009639	Thhalv10020116m.g	Caamp.0078s0618, Caamp.0214s0346
OG0009640	Thhalv10020615m.g	Caamp.0303s0018, Caamp.0214s0362
OG0009641	Thhalv10020074m.g	Caamp.0303s0019, Caamp.0214s0365
OG0009642	Thhalv10020345m.g	Caamp.0214s0379, Caamp.0303s0034
OG0009643	Thhalv10022295m.g	Caamp.0303s0041, Caamp.0214s0386
OG0009644	Thhalv10020686m.g	Caamp.0303s0060, Caamp.0214s0401
OG0009645	Thhalv10020909m.g	Caamp.0214s0404, Caamp.0303s0063
OG0009646	Thhalv10020322m.g	Caamp.0303s0065, Caamp.0214s0407
OG0009647	Thhalv10022251m.g	Caamp.0303s0082, Caamp.0214s0426
OG0009648	Thhalv10022316m.g	Caamp.0214s0447, Caamp.0303s0099
OG0009649	Thhalv10020291m.g	Caamp.0214s0461, Caamp.0303s0114
OG0009650	Thhalv10022198m.g	Caamp.0303s0118, Caamp.0214s0464
OG0009651	Thhalv10020097m.g	Caamp.0303s0119, Caamp.0214s0465
OG0009652	Thhalv10020334m.g	Caamp.0214s0467, Caamp.0303s0120
OG0009653	Thhalv10021138m.g	Caamp.0303s0123, Caamp.0214s0471
OG0009654	Thhalv10021244m.g	Caamp.0214s0475, Caamp.0303s0127
OG0009655	Thhalv10020788m.g	Caamp.0303s0145, Caamp.0214s0488
OG0009656	Thhalv10021402m.g	Caamp.0303s0152, Caamp.0214s0492
OG0009657	Thhalv10020037m.g	Caamp.0303s0155, Caamp.0214s0495
OG0009658	Thhalv10019971m.g	Caamp.0303s0161, Caamp.0214s0502
OG0009659	Thhalv10020230m.g	Caamp.0214s0517, Caamp.0303s0173
OG0009660	Thhalv10020823m.g	Caamp.0214s0521, Caamp.0303s0179
OG0009661	Thhalv10020670m.g	Caamp.0214s0526, Caamp.0303s0184
OG0009662	Thhalv10021054m.g	Caamp.0303s0188, Caamp.0214s0528
OG0009663	Thhalv10021604m.g	Caamp.0214s0538, Caamp.0303s0200
OG0009664	Thhalv10019946m.g	Caamp.0214s0540, Caamp.0303s0201
OG0009665	Thhalv10020402m.g	Caamp.0214s0551
OG0009665	Thhalv10022408m.g	Caamp.0303s0210
OG0009666	Thhalv10021217m.g	Caamp.0303s0214
OG0009666	Thhalv10004492m.g	Caamp.0214s0554
OG0009667	Thhalv10020328m.g	Caamp.0303s0216, Caamp.0214s0556
OG0009668	Thhalv10019885m.g	Caamp.0214s0562, Caamp.0303s0221
OG0009669	Thhalv10020380m.g	Caamp.0214s0573, Caamp.0303s0236
OG0009670	Thhalv10020867m.g	Caamp.0214s0576, Caamp.0303s0239
OG0009671	Thhalv10021319m.g	Caamp.0214s0592, Caamp.0303s0261
OG0009672	Thhalv10020148m.g	Caamp.0303s0269, Caamp.0214s0604
OG0009673	Thhalv10020245m.g	Caamp.0303s0302, Caamp.0214s0632
OG0009674	Thhalv10019953m.g	Caamp.0303s0304, Caamp.0214s0634
OG0009675	Thhalv10021254m.g	Caamp.0080s0043, Caamp.0303s0306, Caamp.0214s0636
OG0009676	Thhalv10020329m.g	Caamp.0303s0312, Caamp.0214s0640
OG0009677	Thhalv10020333m.g	Caamp.0214s0654, Caamp.0303s0325
OG0009678	Thhalv10020852m.g	Caamp.0303s0336, Caamp.0214s0663
OG0009679	Thhalv10021121m.g	Caamp.0214s0668, Caamp.0303s0341
OG0009680	Thhalv10019898m.g	Caamp.0303s0344, Caamp.0214s0671
OG0009681	Thhalv10023058m.g, Thhalv10022055m.g	Caamp.0214s0682, Caamp.0303s0355
OG0009682	Thhalv10020648m.g	Caamp.0303s0375, Caamp.0214s0700
OG0009683	Thhalv10021592m.g	Caamp.0214s0707, Caamp.0303s0382
OG0009684	Thhalv10021193m.g	Caamp.0214s0715, Caamp.0303s0389
OG0009685	Thhalv10001912m.g, Thhalv10020033m.g	Caamp.0214s0724, Caamp.0303s0399
OG0009686	Thhalv10020601m.g	Caamp.0303s0400, Caamp.0214s0725
OG0009687	Thhalv10020801m.g	Caamp.0303s0406, Caamp.0214s0731
OG0009688	Thhalv10011706m.g, Thhalv10021293m.g	Caamp.0214s0739, Caamp.0303s0415
OG0009689	Thhalv10021061m.g	Caamp.0303s0434, Caamp.0214s0757
OG0009690	Thhalv10021805m.g	Caamp.0303s0448, Caamp.0214s0769
OG0009691	Thhalv10020021m.g	Caamp.0303s0455, Caamp.0214s0774
OG0009692	Thhalv10020925m.g	Caamp.0303s0456, Caamp.0214s0775
OG0009693	Thhalv10020652m.g	Caamp.0214s0781, Caamp.0303s0462
OG0009694	Thhalv10020553m.g	Caamp.0303s0475, Caamp.0214s0793
OG0009695	Thhalv10020700m.g	Caamp.0214s0798, Caamp.0303s0480
OG0009696	Thhalv10021268m.g	Caamp.0214s0810, Caamp.0303s0493
OG0009697	Thhalv10006373m.g, Thhalv10017888m.g, Thhalv10017595m.g	Caamp.0214s0814, Caamp.0214s0816, Caamp.0214s0812, Caamp.0214s0819
OG0009698	Thhalv10020393m.g	Caamp.0214s0821, Caamp.0303s0501
OG0009699	Thhalv10021484m.g, Thhalv10022842m.g	Caamp.0303s0508, Caamp.0214s0827
OG0009700	Thhalv10022235m.g	Caamp.0214s0829, Caamp.0303s0511
OG0009701	Thhalv10021571m.g	Caamp.0303s0523, Caamp.0214s0841
OG0009702	Thhalv10022099m.g	Caamp.0303s0526, Caamp.0214s0844
OG0009703	Thhalv10020071m.g	Caamp.0303s0533, Caamp.0214s0847
OG0009704	Thhalv10020201m.g	Caamp.0303s0540, Caamp.0214s0855
OG0009705	Thhalv10010729m.g	Caamp.0219s0001
OG0009705	Thhalv10004903m.g	Caamp.0033s0067
OG0009706	Thhalv10026419m.g	Caamp.0022s0001, Caamp.0097s0475
OG0009707	Thhalv10027441m.g	Caamp.0095s0001, Caamp.0022s0005
OG0009708	Thhalv10026193m.g	Caamp.0097s0480, Caamp.0022s0009
OG0009709	Thhalv10024329m.g	Caamp.0097s0482, Caamp.0022s0011
OG0009710	Thhalv10024700m.g	Caamp.0097s0488, Caamp.0022s0015
OG0009711	Thhalv10024806m.g	Caamp.0022s0022, Caamp.0097s0493
OG0009712	Thhalv10025932m.g	Caamp.0022s0023, Caamp.0097s0494, Caamp.0008s0152
OG0009713	Thhalv10024183m.g	Caamp.0022s0044
OG0009714	Thhalv10025987m.g	Caamp.0022s0046, Caamp.0097s0516
OG0009715	Thhalv10024764m.g	Caamp.0022s0050, Caamp.0097s0520
OG0009716	Thhalv10025321m.g	Caamp.0097s0535, Caamp.0022s0069
OG0009717	Thhalv10020440m.g	Caamp.0022s0077
OG0009718	Thhalv10024593m.g	Caamp.0022s0082, Caamp.0097s0549
OG0009719	Thhalv10025349m.g	Caamp.0097s0557, Caamp.0022s0090
OG0009720	Thhalv10025120m.g	Caamp.0022s0096, Caamp.0097s0567
OG0009721	Thhalv10022369m.g, Thhalv10026369m.g	Caamp.0022s0106, Caamp.0097s0577
OG0009722	Thhalv10024777m.g	Caamp.0022s0107, Caamp.0097s0580
OG0009723	Thhalv10014926m.g	Caamp.0097s0581
OG0009723	Thhalv10026490m.g	Caamp.0022s0108
OG0009724	Thhalv10025252m.g	Caamp.0097s0597, Caamp.0022s0122
OG0009725	Thhalv10026456m.g	Caamp.0022s0129, Caamp.0097s0604
OG0009726	Thhalv10025927m.g	Caamp.0022s0130, Caamp.0097s0605
OG0009727	Thhalv10026437m.g	Caamp.0097s0606, Caamp.0022s0131
OG0009728	Thhalv10026764m.g	Caamp.0022s0132, Caamp.0097s0607
OG0009729	Thhalv10024825m.g	Caamp.0097s0611, Caamp.0022s0137
OG0009730	Thhalv10026537m.g	Caamp.0097s0647, Caamp.0022s0153
OG0009731	Thhalv10025365m.g	Caamp.0022s0154, Caamp.0097s0646
OG0009732	Thhalv10024836m.g	Caamp.0022s0155, Caamp.0097s0641
OG0009733	Thhalv10024795m.g	Caamp.0097s0622, Caamp.0022s0168
OG0009734	Thhalv10025750m.g	Caamp.0022s0178, Caamp.0097s0658
OG0009735	Thhalv10026384m.g	Caamp.0097s0662, Caamp.0022s0179
OG0009736	Thhalv10026167m.g	Caamp.0097s0642, Caamp.0022s0187
OG0009737	Thhalv10025090m.g	Caamp.0022s0199, Caamp.0097s0683
OG0009738	Thhalv10026600m.g	Caamp.0097s0688, Caamp.0022s0202
OG0009739	Thhalv10026283m.g	Caamp.0022s0210, Caamp.0097s0694
OG0009740	Thhalv10025184m.g	Caamp.0061s0008, Caamp.0022s0220
OG0009741	Thhalv10025876m.g	Caamp.0061s0026, Caamp.0022s0224
OG0009742	Thhalv10024808m.g	Caamp.0061s0027, Caamp.0022s0225
OG0009743	Thhalv10025587m.g	Caamp.0061s0028, Caamp.0022s0226
OG0009744	Thhalv10022040m.g	Caamp.0023s0006, Caamp.0078s0990
OG0009745	Thhalv10021416m.g	Caamp.0078s0991, Caamp.0023s0007
OG0009746	Thhalv10020276m.g	Caamp.0078s0998
OG0009746	Thhalv10015509m.g	Caamp.0023s0013
OG0009747	Thhalv10020422m.g	Caamp.0023s0025, Caamp.0078s1009
OG0009748	Thhalv10020917m.g	Caamp.0078s1018, Caamp.0023s0032
OG0009749	Thhalv10021006m.g	Caamp.0023s0045, Caamp.0078s1032
OG0009750	Thhalv10021277m.g	Caamp.0023s0047, Caamp.0078s1036
OG0009751	Thhalv10014115m.g	Caamp.0078s1043
OG0009751	Thhalv10021132m.g	Caamp.0023s0054
OG0009752	Thhalv10020364m.g	Caamp.0078s1048, Caamp.0023s0059
OG0009753	Thhalv10021751m.g	Caamp.0078s1116, Caamp.0023s0064
OG0009754	Thhalv10020338m.g	Caamp.0023s0065, Caamp.0078s1115
OG0009755	Thhalv10021616m.g	Caamp.0078s1109, Caamp.0023s0070
OG0009756	Thhalv10022434m.g	Caamp.0078s1107, Caamp.0023s0072
OG0009757	Thhalv10020154m.g	Caamp.0078s1106, Caamp.0023s0073
OG0009758	Thhalv10006250m.g, Thhalv10006450m.g	Caamp.0095s0591, Caamp.0023s0076
OG0009759	Thhalv10006121m.g	Caamp.0023s0081, Caamp.0095s0587
OG0009760	Thhalv10006294m.g	Caamp.0023s0089, Caamp.0095s0581
OG0009761	Thhalv10006009m.g	Caamp.0095s0578, Caamp.0023s0092
OG0009762	Thhalv10022029m.g	Caamp.0023s0094, Caamp.0303s0277
OG0009763	Thhalv10005955m.g	Caamp.0023s0097, Caamp.0095s0567
OG0009764	Thhalv10005869m.g, Thhalv10027287m.g	Caamp.0095s0560, Caamp.0023s0105
OG0009765	Thhalv10005948m.g	Caamp.0095s0558, Caamp.0023s0107
OG0009766	Thhalv10005871m.g	Caamp.0095s0554, Caamp.0023s0111
OG0009767	Thhalv10006006m.g	Caamp.0023s0113, Caamp.0095s0549
OG0009768	Thhalv10006224m.g	Caamp.0023s0118, Caamp.0095s0544
OG0009769	Thhalv10005740m.g	Caamp.0023s0120, Caamp.0095s0542
OG0009770	Thhalv10006439m.g	Caamp.0023s0131, Caamp.0095s0530
OG0009771	Thhalv10006420m.g	Caamp.0095s0529, Caamp.0023s0132
OG0009773	Thhalv10006489m.g	Caamp.0023s0149, Caamp.0095s0518
OG0009774	Thhalv10005919m.g	Caamp.0095s0517, Caamp.0023s0150
OG0009775	Thhalv10005794m.g	Caamp.0095s0516, Caamp.0023s0151
OG0009776	Thhalv10006035m.g	Caamp.0095s0512, Caamp.0023s0154
OG0009777	Thhalv10006116m.g	Caamp.0095s0506, Caamp.0023s0163
OG0009778	Thhalv10006171m.g	Caamp.0023s0171, Caamp.0095s0499
OG0009779	Thhalv10006306m.g	Caamp.0023s0173, Caamp.0095s0497
OG0009780	Thhalv10006049m.g	Caamp.0023s0179, Caamp.0095s0492
OG0009781	Thhalv10006263m.g, Thhalv10017963m.g	Caamp.0023s0180, Caamp.0095s0491
OG0009783	Thhalv10005785m.g	Caamp.0023s0191, Caamp.0095s0480
OG0009784	Thhalv10005992m.g	Caamp.0023s0194, Caamp.0095s0477
OG0009785	Thhalv10006411m.g	Caamp.0095s0475, Caamp.0023s0196
OG0009786	Thhalv10006107m.g	Caamp.0023s0198, Caamp.0095s0473
OG0009787	Thhalv10006226m.g	Caamp.0023s0199, Caamp.0095s0471
OG0009788	Thhalv10006012m.g	Caamp.0095s0462, Caamp.0023s0206
OG0009789	Thhalv10005868m.g	Caamp.0095s0460, Caamp.0023s0208
OG0009790	Thhalv10005841m.g	Caamp.0095s0456, Caamp.0023s0212
OG0009791	Thhalv10005833m.g	Caamp.0023s0217, Caamp.0095s0451
OG0009792	Thhalv10017643m.g, Thhalv10005848m.g	Caamp.0095s0450, Caamp.0023s0218
OG0009793	Thhalv10006125m.g	Caamp.0095s0449, Caamp.0023s0220
OG0009794	Thhalv10005853m.g	Caamp.0095s0448, Caamp.0023s0221
OG0009796	Thhalv10006105m.g	Caamp.0023s0225, Caamp.0095s0441
OG0009797	Thhalv10005788m.g	Caamp.0023s0227, Caamp.0095s0439
OG0009798	Thhalv10006157m.g	Caamp.0023s0233, Caamp.0095s0433
OG0009799	Thhalv10006182m.g	Caamp.0023s0234, Caamp.0095s0432
OG0009800	Thhalv10006084m.g	Caamp.0095s0425, Caamp.0023s0244
OG0009801	Thhalv10005994m.g	Caamp.0023s0247, Caamp.0095s0422
OG0009802	Thhalv10005898m.g	Caamp.0095s0410, Caamp.0023s0258
OG0009803	Thhalv10006168m.g	Caamp.0095s0394, Caamp.0023s0271
OG0009804	Thhalv10005780m.g	Caamp.0023s0274, Caamp.0095s0391
OG0009805	Thhalv10006367m.g	Caamp.0095s0389, Caamp.0023s0276
OG0009806	Thhalv10006000m.g	Caamp.0023s0284, Caamp.0095s0382
OG0009807	Thhalv10005851m.g	Caamp.0095s0370, Caamp.0023s0295
OG0009808	Thhalv10005896m.g	Caamp.0023s0296, Caamp.0095s0369
OG0009809	Thhalv10006128m.g	Caamp.0023s0300, Caamp.0095s0365
OG0009810	Thhalv10006503m.g	Caamp.0095s0353, Caamp.0023s0313
OG0009811	Thhalv10005835m.g	Caamp.0095s0339, Caamp.0023s0332
OG0009812	Thhalv10006075m.g	Caamp.0095s0329, Caamp.0023s0345
OG0009813	Thhalv10006110m.g	Caamp.0023s0358, Caamp.0095s0316
OG0009814	Thhalv10006475m.g	Caamp.0095s0306, Caamp.0023s0364
OG0009815	Thhalv10005979m.g	Caamp.0023s0368, Caamp.0095s0302
OG0009816	Thhalv10006310m.g	Caamp.0023s0370, Caamp.0095s0300
OG0009817	Thhalv10006202m.g	Caamp.0023s0371, Caamp.0065s0001
OG0009818	Thhalv10006014m.g	Caamp.0023s0380, Caamp.0065s0007
OG0009819	Thhalv10006461m.g	Caamp.0065s0009, Caamp.0023s0382
OG0009820	Thhalv10006164m.g	Caamp.0023s0383, Caamp.0065s0010
OG0009821	Thhalv10005850m.g	Caamp.0023s0385, Caamp.0065s0012
OG0009822	Thhalv10005754m.g	Caamp.0023s0391, Caamp.0065s0016
OG0009823	Thhalv10005830m.g	Caamp.0065s0023, Caamp.0023s0401
OG0009824	Thhalv10006192m.g	Caamp.0065s0030, Caamp.0023s0407
OG0009825	Thhalv10005905m.g	Caamp.0065s0033, Caamp.0023s0411
OG0009826	Thhalv10005820m.g	Caamp.0065s0039, Caamp.0023s0417
OG0009827	Thhalv10006041m.g	Caamp.0023s0429, Caamp.0065s0047
OG0009828	Thhalv10006258m.g	Caamp.0023s0454, Caamp.0065s0068
OG0009829	Thhalv10005970m.g	Caamp.0023s0465, Caamp.0065s0080
OG0009830	Thhalv10005766m.g	Caamp.0065s0099, Caamp.0023s0482
OG0009831	Thhalv10005821m.g	Caamp.0065s0104, Caamp.0023s0487
OG0009832	Thhalv10006166m.g	Caamp.0023s0495, Caamp.0065s0111
OG0009833	Thhalv10005753m.g	Caamp.0023s0509
OG0009834	Thhalv10003202m.g, Thhalv10003319m.g	Caamp.0023s0528
OG0009834	Thhalv10005956m.g	Caamp.0065s0138
OG0009835	Thhalv10005813m.g	Caamp.0065s0146, Caamp.0023s0536
OG0009836	Thhalv10005752m.g	Caamp.0023s0541, Caamp.0065s0149
OG0009837	Thhalv10006078m.g	Caamp.0023s0553, Caamp.0065s0164
OG0009838	Thhalv10006025m.g	Caamp.0023s0555, Caamp.0065s0167
OG0009839	Thhalv10006253m.g	Caamp.0065s0185, Caamp.0023s0571
OG0009840	Thhalv10005973m.g	Caamp.0023s0572, Caamp.0065s0186
OG0009841	Thhalv10005746m.g	Caamp.0023s0578, Caamp.0065s0193
OG0009842	Thhalv10005747m.g	Caamp.0065s0209, Caamp.0023s0594
OG0009843	Thhalv10005880m.g	Caamp.0065s0214, Caamp.0023s0602
OG0009844	Thhalv10006498m.g	Caamp.0023s0603, Caamp.0065s0215
OG0009845	Thhalv10005831m.g	Caamp.0065s0216, Caamp.0023s0604
OG0009846	Thhalv10005768m.g	Caamp.0065s0219, Caamp.0023s0606
OG0009847	Thhalv10005918m.g	Caamp.0023s0618, Caamp.0065s0229
OG0009848	Thhalv10006087m.g	Caamp.0023s0626, Caamp.0065s0236
OG0009849	Thhalv10005863m.g	Caamp.0023s0628, Caamp.0065s0238
OG0009850	Thhalv10005878m.g	Caamp.0023s0629
OG0009851	Thhalv10006062m.g	Caamp.0023s0634, Caamp.0065s0242
OG0009852	Thhalv10005877m.g	Caamp.0065s0243, Caamp.0023s0635
OG0009853	Thhalv10008450m.g	Caamp.0046s0473, Caamp.0024s0003
OG0009854	Thhalv10006839m.g	Caamp.0046s0462, Caamp.0024s0013
OG0009855	Thhalv10006748m.g	Caamp.0046s0460, Caamp.0024s0015
OG0009856	Thhalv10006694m.g	Caamp.0024s0017, Caamp.0046s0458
OG0009857	Thhalv10009412m.g	Caamp.0046s0457, Caamp.0024s0018
OG0009858	Thhalv10008071m.g	Caamp.0046s0456, Caamp.0024s0019
OG0009859	Thhalv10009634m.g	Caamp.0024s0020, Caamp.0046s0455
OG0009860	Thhalv10009681m.g	Caamp.0046s0430, Caamp.0024s0044
OG0009861	Thhalv10006802m.g	Caamp.0024s0045, Caamp.0046s0429
OG0009862	Thhalv10007939m.g	Caamp.0046s0428, Caamp.0024s0046
OG0009863	Thhalv10007370m.g	Caamp.0046s0426, Caamp.0024s0048
OG0009864	Thhalv10006932m.g	Caamp.0046s0425, Caamp.0024s0049
OG0009865	Thhalv10008308m.g	Caamp.0024s0050, Caamp.0046s0424
OG0009866	Thhalv10007712m.g	Caamp.0046s0419, Caamp.0024s0056
OG0009867	Thhalv10008430m.g	Caamp.0024s0061, Caamp.0046s0415
OG0009868	Thhalv10006776m.g	Caamp.0046s0413, Caamp.0024s0063
OG0009869	Thhalv10006725m.g	Caamp.0024s0068, Caamp.0046s0408
OG0009870	Thhalv10006635m.g	Caamp.0024s0069, Caamp.0046s0407
OG0009871	Thhalv10009105m.g	Caamp.0024s0078
OG0009871	Thhalv10002864m.g	Caamp.0046s0400
OG0009872	Thhalv10006890m.g	Caamp.0046s0398, Caamp.0024s0079
OG0009873	Thhalv10007355m.g	Caamp.0046s0390, Caamp.0024s0087
OG0009874	Thhalv10007868m.g	Caamp.0046s0380, Caamp.0024s0099
OG0009875	Thhalv10009699m.g	Caamp.0024s0102, Caamp.0046s0377
OG0009876	Thhalv10007954m.g	Caamp.0024s0106, Caamp.0046s0372
OG0009877	Thhalv10008902m.g	Caamp.0046s0370, Caamp.0024s0108
OG0009878	Thhalv10008334m.g	Caamp.0024s0115, Caamp.0046s0361
OG0009879	Thhalv10009952m.g	Caamp.0024s0117, Caamp.0046s0359
OG0009880	Thhalv10007275m.g	Caamp.0024s0119, Caamp.0046s0357
OG0009881	Thhalv10007318m.g	Caamp.0024s0122, Caamp.0046s0354
OG0009882	Thhalv10009380m.g	Caamp.0046s0348, Caamp.0024s0127
OG0009883	Thhalv10007840m.g	Caamp.0024s0130
OG0009884	Thhalv10007552m.g	Caamp.0024s0131, Caamp.0046s0343
OG0009885	Thhalv10007198m.g	Caamp.0046s0339, Caamp.0024s0135
OG0009886	Thhalv10006702m.g	Caamp.0046s0334, Caamp.0024s0139
OG0009887	Thhalv10008878m.g	Caamp.0024s0147, Caamp.0046s0326
OG0009888	Thhalv10006567m.g	Caamp.0024s0148, Caamp.0046s0325
OG0009889	Thhalv10007197m.g	Caamp.0046s0312, Caamp.0024s0160
OG0009890	Thhalv10007847m.g	Caamp.0046s0308, Caamp.0024s0164
OG0009891	Thhalv10006969m.g	Caamp.0046s0302, Caamp.0024s0172
OG0009892	Thhalv10007680m.g	Caamp.0024s0177, Caamp.0046s0300
OG0009893	Thhalv10006960m.g	Caamp.0046s0299, Caamp.0024s0178
OG0009894	Thhalv10006829m.g	Caamp.0024s0180, Caamp.0046s0297
OG0009895	Thhalv10007478m.g	Caamp.0046s0293, Caamp.0024s0183
OG0009896	Thhalv10006915m.g	Caamp.0024s0186, Caamp.0046s0291
OG0009897	Thhalv10007406m.g	Caamp.0046s0288, Caamp.0024s0189
OG0009898	Thhalv10007911m.g	Caamp.0024s0208, Caamp.0046s0269
OG0009899	Thhalv10006997m.g	Caamp.0046s0265, Caamp.0024s0212
OG0009900	Thhalv10009299m.g	Caamp.0024s0216, Caamp.0046s0263
OG0009901	Thhalv10009909m.g	Caamp.0046s0256, Caamp.0024s0228
OG0009902	Thhalv10006611m.g	Caamp.0024s0233, Caamp.0046s0251
OG0009903	Thhalv10008792m.g	Caamp.0046s0248, Caamp.0024s0236
OG0009904	Thhalv10007918m.g	Caamp.0024s0237, Caamp.0046s0245
OG0009905	Thhalv10008156m.g	Caamp.0024s0240, Caamp.0046s0241
OG0009906	Thhalv10007973m.g	Caamp.0046s0239, Caamp.0024s0242
OG0009907	Thhalv10006749m.g	Caamp.0046s0237, Caamp.0024s0244
OG0009908	Thhalv10008982m.g	Caamp.0046s0234, Caamp.0024s0247
OG0009909	Thhalv10007715m.g	Caamp.0024s0250, Caamp.0046s0231
OG0009910	Thhalv10009282m.g	Caamp.0024s0261, Caamp.0046s0218
OG0009911	Thhalv10007218m.g	Caamp.0046s0217, Caamp.0024s0263
OG0009912	Thhalv10008354m.g	Caamp.0024s0265, Caamp.0046s0215
OG0009913	Thhalv10007506m.g	Caamp.0046s0214, Caamp.0024s0266
OG0009914	Thhalv10008985m.g	Caamp.0024s0268, Caamp.0046s0212
OG0009915	Thhalv10018288m.g	Caamp.0006s0613, Caamp.0064s0104, Caamp.0024s0273
OG0009916	Thhalv10008840m.g	Caamp.0056s0159, Caamp.0024s0279
OG0009917	Thhalv10008449m.g	Caamp.0056s0162, Caamp.0024s0281
OG0009918	Thhalv10006606m.g	Caamp.0056s0181, Caamp.0024s0298
OG0009919	Thhalv10007799m.g	Caamp.0056s0187, Caamp.0024s0303
OG0009920	Thhalv10009313m.g, Thhalv10008892m.g	Caamp.0024s0307
OG0009921	Thhalv10007469m.g	Caamp.0024s0314, Caamp.0056s0199
OG0009922	Thhalv10008864m.g	Caamp.0056s0202, Caamp.0024s0317
OG0009923	Thhalv10009394m.g	Caamp.0056s0203, Caamp.0024s0318
OG0009924	Thhalv10006586m.g	Caamp.0056s0206, Caamp.0024s0322
OG0009925	Thhalv10008811m.g	Caamp.0056s0210, Caamp.0056s0223, Caamp.0024s0325
OG0009926	Thhalv10008266m.g	Caamp.0024s0330, Caamp.0056s0216
OG0009927	Thhalv10008762m.g	Caamp.0056s0217, Caamp.0024s0331
OG0009928	Thhalv10009992m.g	Caamp.0024s0341, Caamp.0056s0226
OG0009929	Thhalv10007923m.g	Caamp.0056s0230, Caamp.0024s0346
OG0009930	Thhalv10008102m.g	Caamp.0056s0236, Caamp.0024s0352
OG0009931	Thhalv10008720m.g	Caamp.0024s0363, Caamp.0056s0246
OG0009932	Thhalv10008017m.g	Caamp.0056s0251, Caamp.0024s0366
OG0009933	Thhalv10009210m.g	Caamp.0056s0254, Caamp.0024s0369
OG0009934	Thhalv10007168m.g	Caamp.0056s0258, Caamp.0024s0374
OG0009935	Thhalv10009408m.g	Caamp.0024s0376, Caamp.0056s0260
OG0009936	Thhalv10007146m.g	Caamp.0056s0262, Caamp.0024s0377
OG0009937	Thhalv10009596m.g	Caamp.0024s0382, Caamp.0056s0266, Caamp.0024s0381
OG0009938	Thhalv10007141m.g	Caamp.0024s0397, Caamp.0056s0282
OG0009939	Thhalv10006660m.g	Caamp.0024s0403, Caamp.0056s0288
OG0009940	Thhalv10007960m.g	Caamp.0024s0404, Caamp.0056s0289
OG0009941	Thhalv10009700m.g	Caamp.0024s0409, Caamp.0056s0295
OG0009942	Thhalv10006901m.g	Caamp.0056s0307, Caamp.0024s0423
OG0009943	Thhalv10007398m.g	Caamp.0024s0434, Caamp.0056s0315
OG0009944	Thhalv10007927m.g	Caamp.0056s0323, Caamp.0024s0442
OG0009945	Thhalv10008395m.g	Caamp.0024s0445, Caamp.0056s0326
OG0009946	Thhalv10006814m.g	Caamp.0024s0461
OG0009947	Thhalv10006868m.g	Caamp.0056s0347, Caamp.0024s0463
OG0009948	Thhalv10007062m.g	Caamp.0056s0348, Caamp.0024s0464
OG0009949	Thhalv10007756m.g	Caamp.0024s0467, Caamp.0056s0352
OG0009950	Thhalv10008140m.g	Caamp.0024s0471, Caamp.0354s0003
OG0009951	Thhalv10008245m.g	Caamp.0024s0495, Caamp.0052s0012
OG0009952	Thhalv10007727m.g	Caamp.0024s0497, Caamp.0052s0015
OG0009953	Thhalv10006825m.g	Caamp.0052s0027, Caamp.0024s0507
OG0009954	Thhalv10008338m.g	Caamp.0024s0508, Caamp.0052s0028
OG0009955	Thhalv10003492m.g	Caamp.0243s0001, Caamp.0097s0967
OG0009956	Thhalv10003493m.g	Caamp.0097s0968, Caamp.0243s0002
OG0009957	Thhalv10001943m.g	Caamp.0025s0053, Caamp.0030s0043
OG0009958	Thhalv10002860m.g	Caamp.0026s0076
OG0009959	Thhalv10002408m.g	Caamp.0026s0141
OG0009960	Thhalv10002618m.g	Caamp.0026s0142
OG0009961	Thhalv10002607m.g	Caamp.0026s0153
OG0009962	Thhalv10002856m.g	Caamp.0026s0174
OG0009963	Thhalv10011084m.g, Thhalv10010928m.g, Thhalv10010959m.g, Thhalv10011107m.g, Thhalv10011008m.g, Thhalv10011099m.g	Caamp.0026s0242
OG0009964	Thhalv10011147m.g	Caamp.0005s0212, Caamp.0026s0244
OG0009965	Thhalv10010831m.g	Caamp.0026s0251, Caamp.0005s0224
OG0009966	Thhalv10010734m.g	Caamp.0005s0241, Caamp.0026s0260
OG0009967	Thhalv10010225m.g	Caamp.0005s0242, Caamp.0026s0261
OG0009968	Thhalv10010697m.g	Caamp.0026s0265, Caamp.0005s0246
OG0009969	Thhalv10010412m.g	Caamp.0026s0272, Caamp.0005s0253
OG0009970	Thhalv10010864m.g	Caamp.0026s0273, Caamp.0005s0254
OG0009971	Thhalv10010525m.g	Caamp.0026s0281
OG0009972	Thhalv10010502m.g	Caamp.0005s0280, Caamp.0026s0299
OG0009973	Thhalv10010746m.g	Caamp.0005s0283, Caamp.0026s0300
OG0009974	Thhalv10010295m.g	Caamp.0005s0284, Caamp.0026s0301
OG0009975	Thhalv10010485m.g	Caamp.0005s0288, Caamp.0026s0304
OG0009976	Thhalv10010214m.g	Caamp.0005s0295, Caamp.0026s0307
OG0009977	Thhalv10010490m.g	Caamp.0005s0296, Caamp.0026s0308
OG0009978	Thhalv10010934m.g	Caamp.0026s0314, Caamp.0005s0303
OG0009979	Thhalv10010754m.g	Caamp.0005s0309, Caamp.0026s0319
OG0009980	Thhalv10010239m.g	Caamp.0005s0312, Caamp.0026s0322
OG0009981	Thhalv10010050m.g	Caamp.0005s0318, Caamp.0026s0330, Caamp.0026s0331
OG0009982	Thhalv10010097m.g	Caamp.0005s0319, Caamp.0026s0332
OG0009983	Thhalv10010082m.g	Caamp.0005s0320, Caamp.0026s0333
OG0009984	Thhalv10010293m.g	Caamp.0005s0328, Caamp.0026s0342
OG0009985	Thhalv10010186m.g	Caamp.0005s0329, Caamp.0026s0344
OG0009986	Thhalv10010405m.g	Caamp.0026s0358, Caamp.0005s0343
OG0009987	Thhalv10010584m.g	Caamp.0026s0361, Caamp.0005s0347
OG0009988	Thhalv10010171m.g	Caamp.0026s0364, Caamp.0005s0349
OG0009989	Thhalv10010594m.g	Caamp.0005s0353, Caamp.0026s0366
OG0009990	Thhalv10010233m.g	Caamp.0005s0355, Caamp.0026s0367
OG0009991	Thhalv10010404m.g	Caamp.0005s0357, Caamp.0026s0368
OG0009992	Thhalv10010294m.g	Caamp.0026s0375, Caamp.0005s0364
OG0009993	Thhalv10010591m.g	Caamp.0005s0371, Caamp.0026s0381
OG0009994	Thhalv10010184m.g	Caamp.0026s0386, Caamp.0005s0378
OG0009995	Thhalv10010519m.g	Caamp.0026s0392, Caamp.0005s0384
OG0009996	Thhalv10025352m.g	Caamp.0005s0387, Caamp.0026s0395
OG0009997	Thhalv10011156m.g, Thhalv10010917m.g	Caamp.0026s0398, Caamp.0005s0389
OG0009998	Thhalv10010809m.g	Caamp.0005s0391, Caamp.0026s0400
OG0009999	Thhalv10011150m.g	Caamp.0026s0406
OG0010000	Thhalv10010396m.g	Caamp.0026s0411
OG0010001	Thhalv10010119m.g	Caamp.0026s0420, Caamp.0078s0011
OG0010002	Thhalv10010220m.g	Caamp.0026s0424, Caamp.0078s0014
OG0010003	Thhalv10010221m.g	Caamp.0026s0435, Caamp.0078s0027
OG0010004	Thhalv10010115m.g	Caamp.0078s0032, Caamp.0026s0438
OG0010005	Thhalv10010340m.g	Caamp.0026s0446, Caamp.0078s0044
OG0010006	Thhalv10010930m.g	Caamp.0078s0047, Caamp.0026s0450
OG0010007	Thhalv10010085m.g	Caamp.0078s0050, Caamp.0026s0454
OG0010008	Thhalv10010217m.g	Caamp.0078s0051, Caamp.0026s0455
OG0010009	Thhalv10010473m.g	Caamp.0026s0473, Caamp.0078s0066
OG0010010	Thhalv10010562m.g	Caamp.0026s0479, Caamp.0078s0070
OG0010011	Thhalv10010291m.g	Caamp.0026s0483, Caamp.0078s0074
OG0010012	Thhalv10010666m.g	Caamp.0026s0488, Caamp.0078s0079
OG0010013	Thhalv10010315m.g	Caamp.0078s0083, Caamp.0026s0492
OG0010014	Thhalv10010170m.g	Caamp.0026s0506, Caamp.0078s0097
OG0010015	Thhalv10010087m.g	Caamp.0078s0098, Caamp.0026s0508
OG0010016	Thhalv10011068m.g	Caamp.0026s0510, Caamp.0078s0103
OG0010017	Thhalv10010051m.g	Caamp.0026s0513, Caamp.0078s0107
OG0010018	Thhalv10010640m.g	Caamp.0078s0114, Caamp.0026s0517
OG0010019	Thhalv10010211m.g	Caamp.0026s0524, Caamp.0078s0122
OG0010020	Thhalv10010517m.g	Caamp.0026s0530, Caamp.0078s0129
OG0010021	Thhalv10010961m.g	Caamp.0078s0131, Caamp.0026s0532
OG0010022	Thhalv10011005m.g	Caamp.0026s0534, Caamp.0078s0133
OG0010023	Thhalv10010375m.g	Caamp.0026s0535
OG0010024	Thhalv10010286m.g	Caamp.0078s0143, Caamp.0026s0542
OG0010025	Thhalv10010793m.g	Caamp.0078s0150, Caamp.0026s0545
OG0010026	Thhalv10022683m.g	Caamp.0093s0188, Caamp.0026s0554
OG0010027	Thhalv10022905m.g	Caamp.0026s0562, Caamp.0093s0197
OG0010028	Thhalv10022789m.g	Caamp.0093s0199, Caamp.0026s0564
OG0010029	Thhalv10022918m.g	Caamp.0026s0566, Caamp.0093s0209, Caamp.0026s0567
OG0010030	Thhalv10022717m.g	Caamp.0093s0204, Caamp.0026s0572
OG0010031	Thhalv10022695m.g	Caamp.0026s0576, Caamp.0093s0200
OG0010032	Thhalv10022914m.g	Caamp.0026s0587
OG0010033	Thhalv10022662m.g	Caamp.0026s0604
OG0010034	Thhalv10022629m.g	Caamp.0026s0620
OG0010035	Thhalv10022620m.g	Caamp.0026s0623
OG0010037	Thhalv10023062m.g	Caamp.0026s0689
OG0010038	Thhalv10022869m.g	Caamp.0026s0727
OG0010039	Thhalv10022609m.g	Caamp.0026s0749
OG0010040	Thhalv10022694m.g	Caamp.0095s0275, Caamp.0026s0828
OG0010041	Thhalv10028929m.g	Caamp.0050s0025, Caamp.0026s0838
OG0010043	Thhalv10027628m.g	Caamp.0266s0001, Caamp.0303s1117
OG0010044	Thhalv10023425m.g	Caamp.0266s0017, Caamp.0303s1095
OG0010045	Thhalv10023416m.g	Caamp.0266s0025, Caamp.0303s1085
OG0010046	Thhalv10023582m.g	Caamp.0266s0055, Caamp.0303s1057
OG0010047	Thhalv10023688m.g	Caamp.0266s0063, Caamp.0303s1048
OG0010048	Thhalv10023752m.g	Caamp.0303s1047, Caamp.0266s0065
OG0010049	Thhalv10023271m.g	Caamp.0303s1043, Caamp.0266s0069
OG0010050	Thhalv10023221m.g	Caamp.0303s1039, Caamp.0266s0073
OG0010051	Thhalv10023366m.g	Caamp.0303s1034, Caamp.0266s0076
OG0010052	Thhalv10023549m.g	Caamp.0266s0079, Caamp.0303s1031
OG0010053	Thhalv10023398m.g	Caamp.0076s0008, Caamp.0266s0082
OG0010054	Thhalv10023709m.g	Caamp.0266s0083, Caamp.0076s0006
OG0010055	Thhalv10023452m.g	Caamp.0266s0084, Caamp.0076s0005
OG0010056	Thhalv10023434m.g	Caamp.0266s0085, Caamp.0076s0003
OG0010057	Thhalv10023504m.g	Caamp.0266s0088, Caamp.0076s0001
OG0010058	Thhalv10004517m.g	Caamp.0027s0004, Caamp.0004s0151
OG0010059	Thhalv10011631m.g	Caamp.0004s0147, Caamp.0027s0008
OG0010061	Thhalv10011775m.g	Caamp.0027s0032, Caamp.0004s0123
OG0010062	Thhalv10011600m.g	Caamp.0027s0047, Caamp.0004s0100
OG0010063	Thhalv10011438m.g	Caamp.0004s0099, Caamp.0027s0048
OG0010064	Thhalv10011718m.g	Caamp.0027s0058, Caamp.0004s0090
OG0010065	Thhalv10011651m.g, Thhalv10011964m.g	Caamp.0027s0064, Caamp.0004s0086
OG0010066	Thhalv10011570m.g	Caamp.0027s0067, Caamp.0004s0083
OG0010067	Thhalv10021201m.g, Thhalv10004660m.g	Caamp.0027s0070, Caamp.0004s0078
OG0010068	Thhalv10011212m.g	Caamp.0027s0074, Caamp.0004s0074
OG0010069	Thhalv10011734m.g	Caamp.0004s0063, Caamp.0027s0076
OG0010070	Thhalv10011616m.g	Caamp.0027s0078, Caamp.0004s0065
OG0010071	Thhalv10011304m.g	Caamp.0027s0090, Caamp.0004s0043
OG0010072	Thhalv10011200m.g	Caamp.0004s0040, Caamp.0027s0091
OG0010073	Thhalv10022632m.g	Caamp.0027s0098
OG0010075	Thhalv10011763m.g	Caamp.0004s0026, Caamp.0027s0106
OG0010076	Thhalv10011627m.g	Caamp.0027s0110, Caamp.0004s0022
OG0010077	Thhalv10012033m.g	Caamp.0004s0018, Caamp.0027s0113
OG0010078	Thhalv10007219m.g	Caamp.0275s0034
OG0010079	Thhalv10029315m.g	Caamp.0028s0088
OG0010080	Thhalv10028400m.g	Caamp.0028s0186
OG0010081	Thhalv10028605m.g	Caamp.0028s0191
OG0010082	Thhalv10029014m.g	Caamp.0071s0295, Caamp.0028s0248
OG0010083	Thhalv10028621m.g	Caamp.0071s0292, Caamp.0028s0251
OG0010084	Thhalv10028497m.g	Caamp.0028s0256, Caamp.0052s0330
OG0010085	Thhalv10028717m.g	Caamp.0052s0334, Caamp.0028s0263
OG0010086	Thhalv10022575m.g	Caamp.0029s0001
OG0010087	Thhalv10024412m.g	Caamp.0003s0271
OG0010088	Thhalv10026755m.g	Caamp.0003s0287
OG0010089	Thhalv10026913m.g, Thhalv10017526m.g, Thhalv10025295m.g	Caamp.0003s0390
OG0010090	Thhalv10024290m.g, Thhalv10024279m.g	Caamp.0004s0048, Caamp.0003s0504
OG0010091	Thhalv10024222m.g	Caamp.0003s0512
OG0010092	Thhalv10028301m.g, Thhalv10027613m.g, Thhalv10028089m.g, Thhalv10027504m.g	Caamp.0003s0721
OG0010093	Thhalv10027064m.g	Caamp.0003s0736, Caamp.0095s0258
OG0010094	Thhalv10027517m.g	Caamp.0003s0738, Caamp.0095s0256
OG0010095	Thhalv10026159m.g	Caamp.0003s0744, Caamp.0095s0250
OG0010096	Thhalv10026268m.g	Caamp.0003s0753, Caamp.0095s0241
OG0010097	Thhalv10025116m.g	Caamp.0095s0233, Caamp.0003s0759
OG0010098	Thhalv10025956m.g	Caamp.0003s0761, Caamp.0095s0231
OG0010099	Thhalv10025174m.g	Caamp.0003s0768, Caamp.0095s0224
OG0010100	Thhalv10024428m.g	Caamp.0003s0774, Caamp.0095s0216
OG0010101	Thhalv10026137m.g	Caamp.0003s0782, Caamp.0095s0209
OG0010102	Thhalv10026178m.g	Caamp.0003s0786, Caamp.0095s0206
OG0010103	Thhalv10025921m.g	Caamp.0003s0790, Caamp.0095s0202
OG0010104	Thhalv10026175m.g	Caamp.0003s0791, Caamp.0095s0200
OG0010105	Thhalv10020169m.g	Caamp.0303s0163
OG0010106	Thhalv10019943m.g	Caamp.0303s0248
OG0010107	Thhalv10027707m.g, Thhalv10027711m.g	Caamp.0303s0289
OG0010108	Thhalv10019951m.g, Thhalv10021119m.g	Caamp.0303s0339
OG0010109	Thhalv10006826m.g	Caamp.0052s0065, Caamp.0303s0545
OG0010110	Thhalv10009047m.g	Caamp.0052s0063, Caamp.0303s0547
OG0010111	Thhalv10007986m.g	Caamp.0052s0062, Caamp.0303s0548
OG0010112	Thhalv10007170m.g	Caamp.0052s0060, Caamp.0303s0550
OG0010113	Thhalv10008125m.g	Caamp.0303s0555, Caamp.0052s0055
OG0010114	Thhalv10006697m.g	Caamp.0303s0561, Caamp.0052s0046
OG0010115	Thhalv10009857m.g	Caamp.0052s0041, Caamp.0303s0566
OG0010116	Thhalv10008555m.g	Caamp.0052s0039, Caamp.0303s0569
OG0010117	Thhalv10008645m.g	Caamp.0303s0570, Caamp.0052s0038
OG0010118	Thhalv10009315m.g	Caamp.0303s0574, Caamp.0052s0037
OG0010119	Thhalv10006530m.g	Caamp.0052s0034, Caamp.0303s0575
OG0010120	Thhalv10018501m.g	Caamp.0303s0591
OG0010121	Thhalv10018890m.g	Caamp.0303s0627
OG0010122	Thhalv10018104m.g	Caamp.0303s0653
OG0010123	Thhalv10018682m.g	Caamp.0303s0679
OG0010124	Thhalv10008870m.g, Thhalv10019196m.g	Caamp.0303s0718
OG0010125	Thhalv10019029m.g	Caamp.0303s0734, Caamp.0076s0133
OG0010126	Thhalv10019369m.g	Caamp.0303s0735, Caamp.0076s0132
OG0010127	Thhalv10018667m.g	Caamp.0076s0131, Caamp.0303s0736
OG0010128	Thhalv10018545m.g	Caamp.0076s0127, Caamp.0303s0739
OG0010129	Thhalv10007345m.g	Caamp.0076s0121, Caamp.0303s0745
OG0010130	Thhalv10019351m.g	Caamp.0076s0114, Caamp.0303s0755
OG0010131	Thhalv10018505m.g	Caamp.0303s0758, Caamp.0076s0111
OG0010132	Thhalv10019179m.g	Caamp.0076s0106, Caamp.0303s0763
OG0010133	Thhalv10018219m.g	Caamp.0076s0105, Caamp.0303s0764
OG0010134	Thhalv10019796m.g	Caamp.0076s0102, Caamp.0303s0766
OG0010135	Thhalv10018253m.g	Caamp.0076s0090, Caamp.0303s0776
OG0010136	Thhalv10018392m.g	Caamp.0303s0782, Caamp.0076s0083
OG0010137	Thhalv10018183m.g	Caamp.0076s0081, Caamp.0303s0784
OG0010138	Thhalv10018126m.g	Caamp.0076s0068, Caamp.0303s0796
OG0010139	Thhalv10019007m.g	Caamp.0303s0909
OG0010140	Thhalv10023253m.g	Caamp.0303s1110
OG0010141	Thhalv10019453m.g, Thhalv10015726m.g, Thhalv10015621m.g, Thhalv10023891m.g, Thhalv10015249m.g	Caamp.0303s1128
OG0010143	Thhalv10023871m.g, Thhalv10023813m.g	Caamp.0303s1349, Caamp.0303s1345
OG0010145	Thhalv10004272m.g	Caamp.0009s0040, Caamp.0031s0028
OG0010146	Thhalv10011878m.g	Caamp.0031s0032, Caamp.0008s0068
OG0010147	Thhalv10025714m.g	Caamp.0008s0069, Caamp.0031s0033
OG0010149	Thhalv10018971m.g	Caamp.0076s0159, Caamp.0311s0001
OG0010150	Thhalv10028476m.g	Caamp.0032s0004, Caamp.0050s0030
OG0010151	Thhalv10028923m.g	Caamp.0032s0008, Caamp.0087s0001
OG0010152	Thhalv10029359m.g	Caamp.0087s0008, Caamp.0032s0013
OG0010153	Thhalv10028724m.g	Caamp.0087s0014, Caamp.0032s0014
OG0010154	Thhalv10029535m.g	Caamp.0049s0002, Caamp.0032s0025
OG0010155	Thhalv10029072m.g	Caamp.0032s0028
OG0010156	Thhalv10028879m.g	Caamp.0032s0048, Caamp.0049s0013
OG0010157	Thhalv10004379m.g	Caamp.0033s0089
OG0010158	Thhalv10004557m.g	Caamp.0033s0174
OG0010158	Thhalv10004567m.g	Caamp.0033s0175
OG0010159	Thhalv10003753m.g	Caamp.0033s0376
OG0010160	Thhalv10005380m.g	Caamp.0436s0002, Caamp.0033s0451
OG0010161	Thhalv10004561m.g	Caamp.0033s0461, Caamp.0436s0014
OG0010162	Thhalv10005172m.g	Caamp.0033s0462, Caamp.0436s0015
OG0010163	Thhalv10027681m.g	Caamp.0436s0019, Caamp.0033s0465
OG0010164	Thhalv10004219m.g	Caamp.0436s0025, Caamp.0033s0474
OG0010165	Thhalv10004296m.g	Caamp.0436s0032, Caamp.0033s0481
OG0010166	Thhalv10003686m.g	Caamp.0436s0035, Caamp.0033s0483
OG0010167	Thhalv10004346m.g	Caamp.0436s0041, Caamp.0033s0488
OG0010168	Thhalv10028045m.g	Caamp.0338s0017
OG0010169	Thhalv10002070m.g, Thhalv10002099m.g	Caamp.0034s0033, Caamp.0060s0006
OG0010170	Thhalv10001876m.g	Caamp.0034s0045, Caamp.0060s0010
OG0010171	Thhalv10001930m.g	Caamp.0060s0015, Caamp.0034s0050
OG0010172	Thhalv10002011m.g	Caamp.0034s0062, Caamp.0060s0018
OG0010173	Thhalv10002092m.g	Caamp.0034s0063, Caamp.0060s0022
OG0010174	Thhalv10001902m.g	Caamp.0060s0032, Caamp.0034s0074
OG0010175	Thhalv10001938m.g	Caamp.0034s0075, Caamp.0060s0033
OG0010176	Thhalv10001893m.g	Caamp.0034s0078, Caamp.0060s0035
OG0010177	Thhalv10002079m.g	Caamp.0034s0082
OG0010178	Thhalv10002172m.g	Caamp.0034s0088, Caamp.0080s0004
OG0010179	Thhalv10002152m.g	Caamp.0034s0089, Caamp.0080s0006
OG0010180	Thhalv10002090m.g	Caamp.0080s0008, Caamp.0034s0091
OG0010181	Thhalv10017835m.g, Thhalv10016780m.g	Caamp.0097s0749, Caamp.0034s0094
OG0010182	Thhalv10016556m.g	Caamp.0097s0750, Caamp.0034s0095
OG0010183	Thhalv10017312m.g	Caamp.0097s0753, Caamp.0034s0101
OG0010184	Thhalv10017364m.g	Caamp.0034s0106, Caamp.0080s0049
OG0010185	Thhalv10016756m.g	Caamp.0080s0047, Caamp.0034s0108
OG0010186	Thhalv10017930m.g	Caamp.0034s0115, Caamp.0080s0045
OG0010187	Thhalv10016271m.g	Caamp.0080s0040, Caamp.0034s0117
OG0010188	Thhalv10002110m.g	Caamp.0034s0122, Caamp.0080s0035
OG0010189	Thhalv10002100m.g	Caamp.0080s0028, Caamp.0034s0129
OG0010190	Thhalv10002219m.g	Caamp.0034s0131
OG0010191	Thhalv10002247m.g	Caamp.0034s0138, Caamp.0080s0017
OG0010193	Thhalv10022676m.g	Caamp.0035s0021, Caamp.0043s0031
OG0010194	Thhalv10022809m.g	Caamp.0043s0012, Caamp.0035s0047
OG0010195	Thhalv10022686m.g	Caamp.0035s0074
OG0010196	Thhalv10022633m.g	Caamp.0095s0290, Caamp.0035s0081
OG0010197	Thhalv10022498m.g	Caamp.0035s0190
OG0010198	Thhalv10001246m.g	Caamp.0035s0204, Caamp.0057s0013
OG0010202	Thhalv10003405m.g	Caamp.0036s0056, Caamp.0058s0100
OG0010203	Thhalv10003240m.g	Caamp.0036s0063
OG0010204	Thhalv10011505m.g	Caamp.0037s0011, Caamp.0046s0012
OG0010205	Thhalv10012353m.g	Caamp.0046s0026, Caamp.0037s0024
OG0010206	Thhalv10011589m.g	Caamp.0079s0048, Caamp.0037s0028, Caamp.0046s0033
OG0010207	Thhalv10011512m.g	Caamp.0046s0036, Caamp.0037s0033
OG0010208	Thhalv10011283m.g	Caamp.0046s0038, Caamp.0037s0035
OG0010209	Thhalv10011262m.g, Thhalv10011418m.g	Caamp.0046s0042, Caamp.0037s0037
OG0010210	Thhalv10011305m.g	Caamp.0037s0041, Caamp.0046s0045
OG0010211	Thhalv10011192m.g	Caamp.0037s0061, Caamp.0046s0061
OG0010212	Thhalv10011785m.g	Caamp.0046s0085, Caamp.0037s0081
OG0010213	Thhalv10011178m.g	Caamp.0037s0083
OG0010214	Thhalv10011496m.g	Caamp.0046s0091, Caamp.0037s0089
OG0010215	Thhalv10011810m.g	Caamp.0037s0095, Caamp.0046s0097
OG0010216	Thhalv10011807m.g	Caamp.0046s0100, Caamp.0037s0098
OG0010217	Thhalv10011413m.g	Caamp.0046s0105, Caamp.0037s0101
OG0010218	Thhalv10011266m.g	Caamp.0037s0105, Caamp.0046s0111
OG0010219	Thhalv10011331m.g	Caamp.0046s0127, Caamp.0037s0121
OG0010220	Thhalv10011868m.g	Caamp.0046s0145, Caamp.0037s0125
OG0010221	Thhalv10011405m.g	Caamp.0046s0143, Caamp.0037s0127
OG0010222	Thhalv10011526m.g	Caamp.0037s0130, Caamp.0046s0141
OG0010223	Thhalv10011582m.g	Caamp.0046s0139, Caamp.0037s0132
OG0010224	Thhalv10012085m.g	Caamp.0037s0145, Caamp.0040s0179
OG0010225	Thhalv10011340m.g	Caamp.0040s0184, Caamp.0037s0154
OG0010226	Thhalv10011271m.g	Caamp.0037s0158, Caamp.0040s0188
OG0010227	Thhalv10011428m.g	Caamp.0040s0191, Caamp.0037s0161
OG0010228	Thhalv10011934m.g	Caamp.0037s0162
OG0010228	Thhalv10028022m.g	Caamp.0040s0193
OG0010229	Thhalv10011273m.g	Caamp.0040s0199, Caamp.0037s0176
OG0010230	Thhalv10011691m.g	Caamp.0040s0206, Caamp.0037s0183
OG0010231	Thhalv10011460m.g	Caamp.0037s0192, Caamp.0040s0215
OG0010232	Thhalv10011566m.g	Caamp.0037s0195, Caamp.0040s0218
OG0010233	Thhalv10011492m.g	Caamp.0040s0222, Caamp.0037s0197
OG0010234	Thhalv10011552m.g	Caamp.0040s0227, Caamp.0037s0202
OG0010235	Thhalv10011332m.g	Caamp.0037s0209, Caamp.0040s0234
OG0010236	Thhalv10011728m.g	Caamp.0037s0212, Caamp.0040s0236
OG0010237	Thhalv10011249m.g	Caamp.0040s0243, Caamp.0037s0218
OG0010238	Thhalv10011374m.g	Caamp.0037s0221, Caamp.0040s0247
OG0010239	Thhalv10011345m.g	Caamp.0037s0227, Caamp.0040s0256
OG0010240	Thhalv10011676m.g	Caamp.0040s0263, Caamp.0037s0232
OG0010241	Thhalv10011607m.g	Caamp.0037s0236, Caamp.0040s0267
OG0010242	Thhalv10012354m.g	Caamp.0040s0270, Caamp.0037s0239
OG0010243	Thhalv10011203m.g	Caamp.0037s0248, Caamp.0040s0275
OG0010244	Thhalv10011645m.g	Caamp.0040s0278, Caamp.0037s0251
OG0010245	Thhalv10011854m.g	Caamp.0040s0285, Caamp.0037s0257
OG0010246	Thhalv10011857m.g	Caamp.0037s0266, Caamp.0040s0297
OG0010247	Thhalv10011553m.g	Caamp.0037s0272, Caamp.0040s0304
OG0010248	Thhalv10011707m.g	Caamp.0004s0001, Caamp.0097s0368
OG0010249	Thhalv10011381m.g	Caamp.0097s0370, Caamp.0004s0004
OG0010250	Thhalv10017831m.g, Thhalv10003347m.g, Thhalv10003313m.g, Thhalv10012065m.g	Caamp.0064s0603, Caamp.0004s0008
OG0010251	Thhalv10018306m.g	Caamp.0004s0140, Caamp.0076s0076
OG0010252	Thhalv10005036m.g	Caamp.0004s0172, Caamp.0009s0030
OG0010253	Thhalv10004217m.g	Caamp.0004s0173, Caamp.0009s0029
OG0010254	Thhalv10001945m.g	Caamp.0008s0149, Caamp.0004s0259
OG0010255	Thhalv10001997m.g	Caamp.0008s0181, Caamp.0004s0296
OG0010256	Thhalv10001999m.g	Caamp.0008s0215, Caamp.0004s0300
OG0010257	Thhalv10001949m.g	Caamp.0004s0301, Caamp.0008s0214
OG0010258	Thhalv10002200m.g	Caamp.0008s0191, Caamp.0004s0307
OG0010259	Thhalv10002013m.g	Caamp.0008s0222, Caamp.0004s0318
OG0010260	Thhalv10001898m.g	Caamp.0004s0329, Caamp.0008s0242
OG0010261	Thhalv10008121m.g	Caamp.0040s0047, Caamp.0076s0970
OG0010262	Thhalv10012228m.g, Thhalv10012246m.g, Thhalv10012067m.g	Caamp.0040s0242
OG0010263	Thhalv10025129m.g	Caamp.0094s0184
OG0010263	Thhalv10024985m.g	Caamp.0040s0266
OG0010264	Thhalv10027545m.g	Caamp.0042s0039, Caamp.0086s0022
OG0010265	Thhalv10028001m.g	Caamp.0044s0026
OG0010266	Thhalv10028129m.g	Caamp.0044s0191
OG0010267	Thhalv10027738m.g	Caamp.0044s0279
OG0010268	Thhalv10026445m.g	Caamp.0044s0302, Caamp.0095s0156
OG0010269	Thhalv10023949m.g	Caamp.0044s0310
OG0010270	Thhalv10025645m.g	Caamp.0095s0163, Caamp.0044s0312
OG0010271	Thhalv10024873m.g	Caamp.0095s0164, Caamp.0044s0313
OG0010272	Thhalv10024842m.g	Caamp.0044s0315, Caamp.0095s0167
OG0010273	Thhalv10025290m.g	Caamp.0044s0316, Caamp.0095s0168
OG0010274	Thhalv10024176m.g	Caamp.0044s0317, Caamp.0095s0169
OG0010275	Thhalv10024903m.g	Caamp.0044s0321, Caamp.0095s0173
OG0010276	Thhalv10026465m.g	Caamp.0044s0323, Caamp.0095s0175
OG0010277	Thhalv10002049m.g	Caamp.0444s0002
OG0010278	Thhalv10011270m.g	Caamp.0046s0005
OG0010279	Thhalv10018401m.g	Caamp.0006s0658
OG0010279	Thhalv10007377m.g	Caamp.0046s0170
OG0010280	Thhalv10009417m.g	Caamp.0046s0226
OG0010281	Thhalv10018531m.g	Caamp.0046s0446, Caamp.0076s0423, Caamp.0006s0299
OG0010282	Thhalv10007426m.g	Caamp.0046s0502
OG0010283	Thhalv10002695m.g	Caamp.0097s0022, Caamp.0047s0014
OG0010285	Thhalv10002673m.g	Caamp.0047s0026, Caamp.0097s0043
OG0010286	Thhalv10021645m.g	Caamp.0097s0068, Caamp.0005s0003
OG0010287	Thhalv10010061m.g	Caamp.0005s0004, Caamp.0097s0066
OG0010290	Thhalv10010440m.g	Caamp.0097s0075, Caamp.0005s0018
OG0010291	Thhalv10010503m.g	Caamp.0005s0040, Caamp.0097s0098
OG0010292	Thhalv10010266m.g	Caamp.0097s0100, Caamp.0005s0042
OG0010293	Thhalv10011075m.g	Caamp.0005s0045, Caamp.0097s0102
OG0010294	Thhalv10011159m.g	Caamp.0097s0103, Caamp.0005s0046
OG0010295	Thhalv10002495m.g	Caamp.0097s0107, Caamp.0005s0049
OG0010296	Thhalv10002440m.g	Caamp.0005s0054, Caamp.0097s0108
OG0010297	Thhalv10009885m.g, Thhalv10009544m.g, Thhalv10009676m.g	Caamp.0005s0070
OG0010298	Thhalv10002475m.g	Caamp.0005s0080, Caamp.0097s0132
OG0010299	Thhalv10002473m.g	Caamp.0097s0147, Caamp.0005s0090
OG0010300	Thhalv10002715m.g	Caamp.0005s0091, Caamp.0097s0148
OG0010301	Thhalv10002688m.g	Caamp.0097s0151, Caamp.0005s0093
OG0010302	Thhalv10002526m.g	Caamp.0005s0104, Caamp.0097s0168
OG0010303	Thhalv10002466m.g	Caamp.0097s0189, Caamp.0005s0122, Caamp.0097s0188
OG0010304	Thhalv10002754m.g	Caamp.0097s0190, Caamp.0005s0124
OG0010305	Thhalv10002573m.g	Caamp.0005s0126
OG0010306	Thhalv10002565m.g	Caamp.0005s0139, Caamp.0097s0202
OG0010307	Thhalv10002595m.g	Caamp.0097s0203, Caamp.0005s0140
OG0010308	Thhalv10002401m.g	Caamp.0005s0166, Caamp.0097s0226
OG0010309	Thhalv10002507m.g	Caamp.0005s0174, Caamp.0097s0235
OG0010310	Thhalv10002619m.g	Caamp.0097s0243, Caamp.0005s0179
OG0010311	Thhalv10002472m.g	Caamp.0005s0184, Caamp.0097s0248
OG0010312	Thhalv10002669m.g	Caamp.0005s0186, Caamp.0097s0252
OG0010313	Thhalv10002433m.g	Caamp.0005s0199, Caamp.0097s0268
OG0010314	Thhalv10011103m.g	Caamp.0005s0274
OG0010315	Thhalv10002374m.g, Thhalv10029231m.g	Caamp.0097s0049, Caamp.0005s0281
OG0010316	Thhalv10010547m.g	Caamp.0005s0310
OG0010317	Thhalv10010463m.g	Caamp.0005s0336, Caamp.0097s0457
OG0010318	Thhalv10017797m.g	Caamp.0066s0014, Caamp.0051s0022
OG0010319	Thhalv10016946m.g	Caamp.0066s0016, Caamp.0051s0024
OG0010320	Thhalv10016787m.g	Caamp.0066s0019, Caamp.0051s0025
OG0010321	Thhalv10017490m.g	Caamp.0066s0031, Caamp.0051s0034
OG0010322	Thhalv10017434m.g	Caamp.0051s0035, Caamp.0066s0032
OG0010323	Thhalv10017594m.g	Caamp.0051s0041, Caamp.0066s0038
OG0010324	Thhalv10016370m.g	Caamp.0051s0042, Caamp.0066s0040
OG0010325	Thhalv10016804m.g	Caamp.0051s0046, Caamp.0066s0044
OG0010326	Thhalv10016540m.g	Caamp.0051s0048, Caamp.0066s0047
OG0010327	Thhalv10016742m.g	Caamp.0051s0053, Caamp.0066s0055
OG0010328	Thhalv10016786m.g	Caamp.0051s0055, Caamp.0066s0060
OG0010329	Thhalv10016325m.g	Caamp.0066s0068, Caamp.0051s0064
OG0010330	Thhalv10016873m.g	Caamp.0051s0079, Caamp.0066s0103
OG0010331	Thhalv10021339m.g	Caamp.0051s0107
OG0010332	Thhalv10019897m.g	Caamp.0051s0119
OG0010333	Thhalv10020215m.g	Caamp.0051s0125
OG0010334	Thhalv10022266m.g, Thhalv10002009m.g	Caamp.0051s0318, Caamp.0051s0372
OG0010335	Thhalv10020656m.g	Caamp.0051s0377
OG0010336	Thhalv10006524m.g	Caamp.0052s0052
OG0010337	Thhalv10009913m.g	Caamp.0090s0015, Caamp.0052s0257
OG0010338	Thhalv10008132m.g	Caamp.0052s0287
OG0010339	Thhalv10025616m.g	Caamp.0052s0471, Caamp.0094s0111
OG0010340	Thhalv10008370m.g	Caamp.0056s0005
OG0010340	Thhalv10029282m.g	Caamp.0052s0477
OG0010341	Thhalv10028679m.g	Caamp.0052s0515
OG0010342	Thhalv10020800m.g	Caamp.0053s0193
OG0010343	Thhalv10002345m.g	Caamp.0055s0023, Caamp.0058s0301
OG0010344	Thhalv10001245m.g	Caamp.0057s0041, Caamp.0081s0002
OG0010345	Thhalv10022461m.g	Caamp.0058s0028
OG0010346	Thhalv10003291m.g	Caamp.0064s0432, Caamp.0058s0127
OG0010347	Thhalv10003147m.g	Caamp.0064s0427, Caamp.0058s0133
OG0010348	Thhalv10003368m.g	Caamp.0058s0134, Caamp.0064s0426
OG0010349	Thhalv10003284m.g	Caamp.0058s0145, Caamp.0064s0412
OG0010350	Thhalv10003331m.g	Caamp.0058s0153, Caamp.0064s0404
OG0010351	Thhalv10003266m.g	Caamp.0058s0164, Caamp.0064s0395
OG0010352	Thhalv10003279m.g	Caamp.0064s0392, Caamp.0058s0166
OG0010353	Thhalv10003197m.g	Caamp.0064s0378, Caamp.0058s0174
OG0010354	Thhalv10003170m.g	Caamp.0064s0359, Caamp.0058s0188
OG0010356	Thhalv10003195m.g	Caamp.0064s0352, Caamp.0058s0193
OG0010357	Thhalv10003153m.g	Caamp.0058s0196, Caamp.0064s0347
OG0010358	Thhalv10003352m.g, Thhalv10017901m.g	Caamp.0064s0346, Caamp.0058s0197
OG0010359	Thhalv10003276m.g	Caamp.0064s0345, Caamp.0058s0198
OG0010360	Thhalv10022202m.g, Thhalv10002965m.g, Thhalv10019741m.g	Caamp.0058s0201
OG0010361	Thhalv10003159m.g	Caamp.0064s0341, Caamp.0058s0202
OG0010362	Thhalv10003424m.g	Caamp.0064s0336, Caamp.0058s0205
OG0010363	Thhalv10002823m.g, Thhalv10003201m.g	Caamp.0058s0207, Caamp.0064s0334
OG0010364	Thhalv10003139m.g	Caamp.0058s0208
OG0010365	Thhalv10003271m.g	Caamp.0064s0325, Caamp.0058s0214
OG0010366	Thhalv10003179m.g	Caamp.0076s0511, Caamp.0058s0221
OG0010367	Thhalv10003230m.g	Caamp.0058s0222, Caamp.0076s0514
OG0010368	Thhalv10003172m.g	Caamp.0076s0515, Caamp.0058s0223
OG0010369	Thhalv10003421m.g	Caamp.0058s0231, Caamp.0076s0522
OG0010370	Thhalv10003258m.g	Caamp.0076s0523, Caamp.0058s0232
OG0010371	Thhalv10003137m.g	Caamp.0058s0233, Caamp.0076s0524
OG0010372	Thhalv10003178m.g	Caamp.0058s0241, Caamp.0076s0529
OG0010373	Thhalv10003234m.g	Caamp.0076s0537, Caamp.0058s0249
OG0010374	Thhalv10003218m.g	Caamp.0058s0250, Caamp.0076s0538
OG0010375	Thhalv10003267m.g	Caamp.0076s0539, Caamp.0058s0251
OG0010376	Thhalv10003260m.g	Caamp.0058s0255, Caamp.0076s0542
OG0010377	Thhalv10003219m.g	Caamp.0058s0258, Caamp.0076s0546
OG0010378	Thhalv10003404m.g	Caamp.0058s0261, Caamp.0076s0549
OG0010379	Thhalv10003427m.g	Caamp.0058s0265, Caamp.0076s0553
OG0010380	Thhalv10003311m.g	Caamp.0076s0558, Caamp.0058s0270
OG0010381	Thhalv10016196m.g	Caamp.0058s0291
OG0010382	Thhalv10018888m.g	Caamp.0006s0010, Caamp.0064s0120
OG0010383	Thhalv10018972m.g	Caamp.0064s0121, Caamp.0006s0011
OG0010384	Thhalv10018425m.g	Caamp.0064s0123, Caamp.0006s0015
OG0010385	Thhalv10018110m.g	Caamp.0064s0127, Caamp.0006s0018
OG0010386	Thhalv10018946m.g	Caamp.0064s0128, Caamp.0006s0019
OG0010387	Thhalv10018644m.g	Caamp.0006s0032, Caamp.0064s0138
OG0010388	Thhalv10018319m.g	Caamp.0006s0048, Caamp.0064s0155
OG0010389	Thhalv10018402m.g	Caamp.0064s0168, Caamp.0006s0055
OG0010390	Thhalv10019236m.g	Caamp.0006s0064, Caamp.0064s0182
OG0010391	Thhalv10019011m.g	Caamp.0064s0198, Caamp.0006s0084
OG0010392	Thhalv10019274m.g	Caamp.0006s0087, Caamp.0064s0195
OG0010393	Thhalv10018161m.g	Caamp.0064s0204, Caamp.0006s0090
OG0010394	Thhalv10018493m.g	Caamp.0006s0093, Caamp.0064s0207
OG0010395	Thhalv10018213m.g	Caamp.0006s0102, Caamp.0064s0216
OG0010396	Thhalv10019334m.g	Caamp.0006s0104
OG0010397	Thhalv10017994m.g	Caamp.0006s0112, Caamp.0006s0111
OG0010398	Thhalv10018521m.g	Caamp.0006s0117
OG0010399	Thhalv10018403m.g	Caamp.0064s0239, Caamp.0006s0129
OG0010400	Thhalv10019841m.g	Caamp.0064s0245, Caamp.0006s0137
OG0010401	Thhalv10018713m.g	Caamp.0006s0144
OG0010401	Thhalv10000200m.g	Caamp.0064s0256
OG0010402	Thhalv10019319m.g	Caamp.0064s0263, Caamp.0006s0152
OG0010403	Thhalv10018336m.g	Caamp.0064s0270, Caamp.0006s0158
OG0010404	Thhalv10018563m.g	Caamp.0006s0174, Caamp.0064s0284
OG0010405	Thhalv10018578m.g	Caamp.0064s0307, Caamp.0006s0190
OG0010406	Thhalv10019300m.g	Caamp.0006s0197, Caamp.0064s0314
OG0010407	Thhalv10018293m.g	Caamp.0064s0320, Caamp.0006s0203
OG0010408	Thhalv10018707m.g	Caamp.0006s0206, Caamp.0064s0323
OG0010409	Thhalv10018128m.g	Caamp.0076s0503, Caamp.0006s0208
OG0010410	Thhalv10019152m.g	Caamp.0076s0488, Caamp.0006s0224
OG0010411	Thhalv10018826m.g	Caamp.0076s0481, Caamp.0006s0232
OG0010412	Thhalv10018992m.g	Caamp.0006s0235, Caamp.0076s0477
OG0010413	Thhalv10019693m.g	Caamp.0076s0466, Caamp.0006s0251
OG0010414	Thhalv10018069m.g	Caamp.0076s0461, Caamp.0006s0260
OG0010415	Thhalv10019009m.g	Caamp.0076s0456, Caamp.0006s0264
OG0010416	Thhalv10018062m.g	Caamp.0076s0444, Caamp.0006s0277
OG0010417	Thhalv10019006m.g	Caamp.0076s0438, Caamp.0006s0283
OG0010418	Thhalv10018860m.g	Caamp.0076s0436, Caamp.0006s0285
OG0010419	Thhalv10018690m.g	Caamp.0076s0432, Caamp.0006s0289
OG0010420	Thhalv10019142m.g	Caamp.0076s0431, Caamp.0006s0290
OG0010421	Thhalv10018958m.g	Caamp.0076s0426, Caamp.0006s0296
OG0010422	Thhalv10018296m.g	Caamp.0006s0303, Caamp.0076s0419
OG0010423	Thhalv10018722m.g	Caamp.0076s0414, Caamp.0006s0307
OG0010424	Thhalv10018007m.g	Caamp.0076s0413, Caamp.0006s0308
OG0010425	Thhalv10018654m.g	Caamp.0006s0314, Caamp.0076s0406
OG0010426	Thhalv10019387m.g	Caamp.0076s0399, Caamp.0006s0321
OG0010427	Thhalv10018668m.g	Caamp.0006s0323, Caamp.0076s0397
OG0010428	Thhalv10018831m.g	Caamp.0076s0390, Caamp.0006s0330
OG0010429	Thhalv10018835m.g	Caamp.0076s0389, Caamp.0006s0331
OG0010430	Thhalv10018185m.g	Caamp.0006s0337, Caamp.0076s0384
OG0010431	Thhalv10019122m.g	Caamp.0076s0378, Caamp.0006s0342
OG0010432	Thhalv10019533m.g	Caamp.0076s0369, Caamp.0006s0353
OG0010433	Thhalv10018113m.g	Caamp.0006s0357, Caamp.0076s0362
OG0010434	Thhalv10018366m.g	Caamp.0076s0361, Caamp.0006s0358
OG0010435	Thhalv10019168m.g	Caamp.0076s0360, Caamp.0006s0359
OG0010436	Thhalv10018321m.g	Caamp.0076s0357, Caamp.0006s0363
OG0010437	Thhalv10019477m.g	Caamp.0006s0367, Caamp.0076s0354
OG0010438	Thhalv10019838m.g	Caamp.0076s0345, Caamp.0006s0376
OG0010439	Thhalv10018743m.g	Caamp.0076s0342, Caamp.0006s0379
OG0010440	Thhalv10019818m.g, Thhalv10018042m.g	Caamp.0006s0391
OG0010441	Thhalv10018206m.g	Caamp.0006s0394, Caamp.0076s0328
OG0010442	Thhalv10018814m.g	Caamp.0076s0327, Caamp.0006s0395
OG0010443	Thhalv10018095m.g	Caamp.0076s0326, Caamp.0006s0396
OG0010444	Thhalv10018011m.g	Caamp.0006s0399, Caamp.0076s0323
OG0010445	Thhalv10018478m.g	Caamp.0006s0417, Caamp.0076s0306
OG0010446	Thhalv10018854m.g	Caamp.0006s0418, Caamp.0076s0305
OG0010447	Thhalv10018852m.g	Caamp.0006s0421, Caamp.0076s0303
OG0010448	Thhalv10018136m.g	Caamp.0076s0297, Caamp.0006s0426
OG0010449	Thhalv10018286m.g	Caamp.0006s0431, Caamp.0076s0292
OG0010450	Thhalv10018209m.g	Caamp.0006s0432, Caamp.0076s0291
OG0010451	Thhalv10018060m.g	Caamp.0076s0286, Caamp.0006s0438
OG0010452	Thhalv10018279m.g	Caamp.0076s0285, Caamp.0006s0439
OG0010453	Thhalv10018702m.g	Caamp.0076s0284, Caamp.0006s0440
OG0010454	Thhalv10019340m.g, Thhalv10019803m.g, Thhalv10019100m.g	Caamp.0006s0442, Caamp.0076s0281
OG0010455	Thhalv10018747m.g	Caamp.0076s0275, Caamp.0006s0446
OG0010456	Thhalv10018327m.g	Caamp.0076s0272, Caamp.0006s0448
OG0010457	Thhalv10018278m.g	Caamp.0006s0462, Caamp.0076s0257
OG0010458	Thhalv10019191m.g	Caamp.0006s0467, Caamp.0076s0254
OG0010459	Thhalv10018492m.g	Caamp.0076s0251, Caamp.0006s0471
OG0010460	Thhalv10018094m.g	Caamp.0006s0479, Caamp.0076s0243
OG0010461	Thhalv10018189m.g	Caamp.0006s0480, Caamp.0076s0242
OG0010462	Thhalv10018455m.g	Caamp.0076s0240, Caamp.0006s0482
OG0010463	Thhalv10018404m.g	Caamp.0076s0234, Caamp.0006s0485
OG0010464	Thhalv10018374m.g	Caamp.0076s0232, Caamp.0006s0487
OG0010465	Thhalv10018413m.g	Caamp.0076s0228, Caamp.0006s0491
OG0010466	Thhalv10019421m.g	Caamp.0076s0227, Caamp.0006s0492
OG0010467	Thhalv10018464m.g	Caamp.0076s0223, Caamp.0006s0496
OG0010468	Thhalv10018630m.g	Caamp.0006s0497, Caamp.0076s0222
OG0010469	Thhalv10018762m.g	Caamp.0006s0506, Caamp.0076s0215
OG0010470	Thhalv10018360m.g	Caamp.0006s0507, Caamp.0076s0214
OG0010471	Thhalv10018308m.g	Caamp.0076s0207, Caamp.0006s0515
OG0010472	Thhalv10018869m.g	Caamp.0076s0201, Caamp.0006s0522
OG0010473	Thhalv10019633m.g	Caamp.0006s0524, Caamp.0076s0198
OG0010474	Thhalv10019375m.g	Caamp.0006s0533
OG0010475	Thhalv10018619m.g	Caamp.0006s0535, Caamp.0076s0189
OG0010476	Thhalv10018914m.g	Caamp.0076s0185, Caamp.0006s0538
OG0010477	Thhalv10019228m.g	Caamp.0006s0550, Caamp.0076s0175
OG0010478	Thhalv10018177m.g	Caamp.0076s0174, Caamp.0006s0551
OG0010479	Thhalv10018416m.g	Caamp.0006s0553, Caamp.0076s0172
OG0010480	Thhalv10018984m.g	Caamp.0006s0556, Caamp.0076s0169
OG0010481	Thhalv10018006m.g	Caamp.0076s0163, Caamp.0006s0562
OG0010482	Thhalv10019095m.g	Caamp.0006s0572, Caamp.0006s0574, Caamp.0006s0573
OG0010483	Thhalv10018786m.g	Caamp.0006s0584, Caamp.0006s0585
OG0010484	Thhalv10018565m.g	Caamp.0006s0609
OG0010484	Thhalv10007630m.g	Caamp.0064s0109
OG0010485	Thhalv10018594m.g	Caamp.0064s0087, Caamp.0006s0629
OG0010486	Thhalv10019040m.g	Caamp.0064s0079, Caamp.0006s0640
OG0010487	Thhalv10019257m.g	Caamp.0006s0643, Caamp.0064s0076
OG0010488	Thhalv10018432m.g	Caamp.0064s0069, Caamp.0006s0651
OG0010489	Thhalv10018121m.g	Caamp.0006s0671, Caamp.0064s0052
OG0010490	Thhalv10018657m.g	Caamp.0064s0046, Caamp.0006s0677
OG0010491	Thhalv10019534m.g	Caamp.0064s0043, Caamp.0006s0680
OG0010492	Thhalv10018198m.g	Caamp.0084s0010, Caamp.0006s0682
OG0010493	Thhalv10018218m.g	Caamp.0006s0686, Caamp.0084s0005
OG0010494	Thhalv10018461m.g	Caamp.0006s0692, Caamp.0064s0002
OG0010495	Thhalv10019243m.g	Caamp.0064s0013, Caamp.0006s0703
OG0010496	Thhalv10018925m.g	Caamp.0006s0705, Caamp.0064s0015
OG0010497	Thhalv10018849m.g	Caamp.0064s0017, Caamp.0006s0707
OG0010498	Thhalv10018162m.g	Caamp.0064s0018, Caamp.0006s0708
OG0010499	Thhalv10018924m.g	Caamp.0006s0712, Caamp.0064s0025
OG0010500	Thhalv10019044m.g	Caamp.0064s0026, Caamp.0006s0713
OG0010501	Thhalv10018649m.g	Caamp.0084s0014, Caamp.0006s0727
OG0010502	Thhalv10018399m.g	Caamp.0006s0740, Caamp.0084s0027
OG0010503	Thhalv10018100m.g	Caamp.0006s0744, Caamp.0084s0031
OG0010504	Thhalv10018674m.g	Caamp.0084s0035, Caamp.0006s0749
OG0010505	Thhalv10018250m.g	Caamp.0084s0041, Caamp.0006s0756
OG0010506	Thhalv10018648m.g	Caamp.0006s0762, Caamp.0084s0047
OG0010508	Thhalv10018440m.g	Caamp.0006s0780, Caamp.0084s0065
OG0010509	Thhalv10018072m.g	Caamp.0084s0073, Caamp.0006s0786
OG0010510	Thhalv10018421m.g	Caamp.0006s0794, Caamp.0084s0081
OG0010511	Thhalv10018077m.g	Caamp.0006s0798, Caamp.0084s0084
OG0010512	Thhalv10019052m.g	Caamp.0006s0802, Caamp.0084s0089
OG0010513	Thhalv10018247m.g	Caamp.0006s0807, Caamp.0084s0093
OG0010515	Thhalv10027496m.g	Caamp.0061s0014, Caamp.0097s1038, Caamp.0061s0019
OG0010516	Thhalv10000289m.g	Caamp.0064s0253
OG0010517	Thhalv10003233m.g	Caamp.0064s0361
OG0010518	Thhalv10019297m.g	Caamp.0064s0559
OG0010519	Thhalv10011537m.g	Caamp.0097s0367, Caamp.0064s0567
OG0010520	Thhalv10011797m.g	Caamp.0064s0578, Caamp.0097s0359
OG0010521	Thhalv10012081m.g	Caamp.0097s0357, Caamp.0064s0580
OG0010522	Thhalv10011476m.g	Caamp.0064s0582, Caamp.0097s0355
OG0010523	Thhalv10012004m.g, Thhalv10011729m.g	Caamp.0097s0349, Caamp.0064s0586
OG0010524	Thhalv10011560m.g	Caamp.0064s0587, Caamp.0097s0348
OG0010525	Thhalv10011394m.g	Caamp.0064s0595, Caamp.0097s0343
OG0010526	Thhalv10011558m.g	Caamp.0064s0597, Caamp.0097s0340, Caamp.0097s0341
OG0010527	Thhalv10011705m.g	Caamp.0097s0337, Caamp.0064s0601
OG0010528	Thhalv10011736m.g	Caamp.0097s0336, Caamp.0064s0602
OG0010529	Thhalv10011499m.g	Caamp.0064s0609, Caamp.0097s0333
OG0010531	Thhalv10012193m.g, Thhalv10021102m.g	Caamp.0097s0325, Caamp.0064s0617
OG0010532	Thhalv10011569m.g	Caamp.0064s0623, Caamp.0097s0319
OG0010533	Thhalv10011351m.g	Caamp.0064s0624
OG0010534	Thhalv10011170m.g	Caamp.0064s0626
OG0010535	Thhalv10011452m.g	Caamp.0064s0627
OG0010536	Thhalv10012405m.g	Caamp.0097s0310, Caamp.0064s0634
OG0010537	Thhalv10011587m.g	Caamp.0064s0641, Caamp.0097s0304
OG0010538	Thhalv10011509m.g	Caamp.0097s0302, Caamp.0064s0643
OG0010539	Thhalv10011644m.g	Caamp.0097s0300, Caamp.0064s0645
OG0010540	Thhalv10011287m.g	Caamp.0097s0298, Caamp.0064s0648
OG0010541	Thhalv10011909m.g	Caamp.0097s0293, Caamp.0064s0652
OG0010542	Thhalv10011822m.g	Caamp.0097s0292, Caamp.0064s0653
OG0010543	Thhalv10011221m.g	Caamp.0097s0291, Caamp.0064s0654
OG0010544	Thhalv10011620m.g	Caamp.0097s0289, Caamp.0064s0656
OG0010545	Thhalv10011507m.g	Caamp.0097s0281, Caamp.0064s0664
OG0010546	Thhalv10011299m.g	Caamp.0064s0671
OG0010547	Thhalv10011966m.g, Thhalv10012180m.g	Caamp.0064s0871
OG0010547	Thhalv10012059m.g, Thhalv10015925m.g	Caamp.0064s0870
OG0010548	Thhalv10011779m.g, Thhalv10012149m.g	Caamp.0064s0884
OG0010549	Thhalv10000062m.g	Caamp.0065s0232
OG0010550	Thhalv10006197m.g	Caamp.0065s0244
OG0010551	Thhalv10004115m.g	Caamp.0097s0898, Caamp.0068s0020
OG0010552	Thhalv10004689m.g	Caamp.0097s0893, Caamp.0068s0025
OG0010553	Thhalv10004016m.g	Caamp.0097s0891, Caamp.0068s0026
OG0010554	Thhalv10027771m.g	Caamp.0097s0889, Caamp.0068s0030
OG0010555	Thhalv10027809m.g	Caamp.0068s0031, Caamp.0097s0888
OG0010556	Thhalv10027656m.g	Caamp.0068s0035, Caamp.0097s0884
OG0010557	Thhalv10028177m.g	Caamp.0068s0039, Caamp.0097s0873
OG0010559	Thhalv10027890m.g	Caamp.0068s0050
OG0010560	Thhalv10027639m.g	Caamp.0097s0857, Caamp.0068s0053
OG0010561	Thhalv10009879m.g	Caamp.0007s0072
OG0010562	Thhalv10008216m.g	Caamp.0007s0129
OG0010563	Thhalv10007930m.g	Caamp.0007s0142
OG0010564	Thhalv10006643m.g	Caamp.0007s0143
OG0010565	Thhalv10008168m.g	Caamp.0007s0318
OG0010566	Thhalv10027652m.g, Thhalv10006801m.g	Caamp.0007s0366
OG0010567	Thhalv10009810m.g	Caamp.0071s0041
OG0010568	Thhalv10001136m.g, Thhalv10029402m.g, Thhalv10003350m.g, Thhalv10023107m.g, Thhalv10003344m.g, Thhalv10002214m.g	Caamp.0074s0005
OG0010569	Thhalv10019489m.g	Caamp.0076s0170
OG0010570	Thhalv10003431m.g	Caamp.0076s0543
OG0010571	Thhalv10001132m.g	Caamp.0076s0658
OG0010572	Thhalv10001169m.g, Thhalv10000798m.g	Caamp.0076s0744
OG0010573	Thhalv10000903m.g	Caamp.0076s0791
OG0010574	Thhalv10000967m.g	Caamp.0076s0835, Caamp.0085s0006
OG0010575	Thhalv10000990m.g	Caamp.0076s0837, Caamp.0085s0007
OG0010576	Thhalv10000820m.g	Caamp.0076s0838, Caamp.0085s0008
OG0010577	Thhalv10000783m.g	Caamp.0085s0010, Caamp.0076s0841
OG0010578	Thhalv10000911m.g	Caamp.0076s0855, Caamp.0085s0025
OG0010579	Thhalv10001034m.g	Caamp.0076s0863, Caamp.0085s0036
OG0010580	Thhalv10001056m.g	Caamp.0076s0864, Caamp.0085s0037
OG0010581	Thhalv10001185m.g	Caamp.0076s0867, Caamp.0085s0041
OG0010582	Thhalv10000897m.g	Caamp.0085s0045, Caamp.0076s0871
OG0010583	Thhalv10000925m.g	Caamp.0076s0877, Caamp.0085s0051
OG0010584	Thhalv10000865m.g	Caamp.0085s0063, Caamp.0076s0890
OG0010585	Thhalv10001009m.g	Caamp.0085s0064, Caamp.0076s0891
OG0010586	Thhalv10001024m.g	Caamp.0076s0893, Caamp.0085s0067
OG0010587	Thhalv10000857m.g	Caamp.0085s0073, Caamp.0076s0899
OG0010588	Thhalv10000795m.g	Caamp.0076s0901, Caamp.0085s0077
OG0010589	Thhalv10001036m.g	Caamp.0076s0902, Caamp.0085s0078
OG0010590	Thhalv10000800m.g	Caamp.0085s0079, Caamp.0076s0903
OG0010591	Thhalv10000862m.g	Caamp.0076s0907, Caamp.0085s0085
OG0010592	Thhalv10001001m.g	Caamp.0076s0908, Caamp.0085s0086
OG0010593	Thhalv10000791m.g	Caamp.0085s0089, Caamp.0076s0911
OG0010594	Thhalv10001016m.g	Caamp.0085s0091, Caamp.0076s0913
OG0010595	Thhalv10000833m.g	Caamp.0085s0094, Caamp.0076s0916
OG0010596	Thhalv10001208m.g	Caamp.0085s0096, Caamp.0076s0917
OG0010597	Thhalv10001113m.g	Caamp.0076s0920, Caamp.0085s0099
OG0010598	Thhalv10000760m.g	Caamp.0076s0921, Caamp.0085s0100
OG0010599	Thhalv10000832m.g	Caamp.0076s0922, Caamp.0085s0101
OG0010600	Thhalv10000916m.g	Caamp.0085s0103, Caamp.0076s0924
OG0010601	Thhalv10000838m.g	Caamp.0085s0105, Caamp.0076s0926
OG0010602	Thhalv10001115m.g	Caamp.0085s0109, Caamp.0076s0930
OG0010603	Thhalv10005039m.g	Caamp.0085s0115, Caamp.0076s0938
OG0010604	Thhalv10004013m.g	Caamp.0076s0943, Caamp.0085s0120
OG0010605	Thhalv10005716m.g	Caamp.0085s0127, Caamp.0076s0950
OG0010606	Thhalv10004560m.g	Caamp.0077s0001, Caamp.0076s0961
OG0010607	Thhalv10004221m.g	Caamp.0076s0971, Caamp.0077s0011
OG0010608	Thhalv10003547m.g	Caamp.0077s0014, Caamp.0076s0975
OG0010609	Thhalv10005178m.g	Caamp.0077s0017, Caamp.0076s0981
OG0010610	Thhalv10004791m.g	Caamp.0077s0018, Caamp.0076s0982
OG0010611	Thhalv10003848m.g	Caamp.0077s0020, Caamp.0076s0984
OG0010612	Thhalv10004880m.g, Thhalv10004878m.g	Caamp.0077s0035, Caamp.0076s1001
OG0010613	Thhalv10004330m.g	Caamp.0077s0038, Caamp.0076s1004
OG0010614	Thhalv10004647m.g	Caamp.0076s1010, Caamp.0077s0044
OG0010615	Thhalv10004677m.g	Caamp.0077s0048, Caamp.0076s1014
OG0010616	Thhalv10004613m.g	Caamp.0076s1015
OG0010617	Thhalv10003702m.g	Caamp.0076s1022
OG0010618	Thhalv10003878m.g	Caamp.0076s1023, Caamp.0077s0054
OG0010619	Thhalv10004126m.g	Caamp.0076s1024, Caamp.0077s0055
OG0010620	Thhalv10004109m.g	Caamp.0077s0057, Caamp.0076s1025
OG0010621	Thhalv10003879m.g	Caamp.0076s1027, Caamp.0077s0059
OG0010622	Thhalv10003943m.g	Caamp.0077s0066, Caamp.0076s1034
OG0010623	Thhalv10004409m.g	Caamp.0077s0071, Caamp.0076s1038
OG0010624	Thhalv10005557m.g	Caamp.0077s0078, Caamp.0076s1046
OG0010625	Thhalv10003931m.g	Caamp.0076s1047, Caamp.0077s0079
OG0010626	Thhalv10005445m.g	Caamp.0077s0094, Caamp.0076s1059
OG0010627	Thhalv10005714m.g	Caamp.0076s1065, Caamp.0077s0092
OG0010628	Thhalv10005024m.g	Caamp.0077s0091, Caamp.0076s1066
OG0010629	Thhalv10004968m.g	Caamp.0077s0089, Caamp.0076s1068
OG0010630	Thhalv10005386m.g	Caamp.0076s1071
OG0010631	Thhalv10005450m.g	Caamp.0076s1076
OG0010632	Thhalv10025408m.g	Caamp.0094s0917
OG0010632	Thhalv10005635m.g, Thhalv10005584m.g	Caamp.0076s1080
OG0010633	Thhalv10022340m.g	Caamp.0076s1154
OG0010634	Thhalv10006820m.g	Caamp.0076s1197
OG0010635	Thhalv10021426m.g	Caamp.0076s1248
OG0010636	Thhalv10019990m.g	Caamp.0076s1260
OG0010637	Thhalv10002711m.g	Caamp.0076s1278
OG0010638	Thhalv10020164m.g	Caamp.0076s1330
OG0010639	Thhalv10016127m.g	Caamp.0076s1580
OG0010640	Thhalv10010561m.g	Caamp.0078s0018
OG0010641	Thhalv10005654m.g	Caamp.0009s0084, Caamp.0078s0029
OG0010642	Thhalv10010198m.g	Caamp.0078s0087
OG0010643	Thhalv10010950m.g	Caamp.0078s0092
OG0010643	Thhalv10011012m.g	Caamp.0078s0091
OG0010644	Thhalv10010986m.g	Caamp.0078s0158, Caamp.0095s1118
OG0010645	Thhalv10010834m.g	Caamp.0095s1115, Caamp.0078s0161
OG0010646	Thhalv10010762m.g	Caamp.0095s1107, Caamp.0078s0170
OG0010647	Thhalv10010167m.g	Caamp.0078s0180, Caamp.0095s1101
OG0010648	Thhalv10010571m.g	Caamp.0095s1097, Caamp.0078s0186
OG0010649	Thhalv10010713m.g	Caamp.0095s1096, Caamp.0078s0187
OG0010650	Thhalv10010086m.g	Caamp.0078s0191, Caamp.0095s1092
OG0010651	Thhalv10010357m.g	Caamp.0078s0199, Caamp.0095s1085
OG0010652	Thhalv10010283m.g	Caamp.0095s1077, Caamp.0078s0207
OG0010654	Thhalv10011113m.g	Caamp.0095s1064, Caamp.0078s0221
OG0010655	Thhalv10010380m.g	Caamp.0095s1060, Caamp.0078s0225
OG0010656	Thhalv10010441m.g	Caamp.0078s0227, Caamp.0095s1058
OG0010657	Thhalv10010829m.g	Caamp.0095s1056, Caamp.0078s0229
OG0010658	Thhalv10010694m.g	Caamp.0078s0230, Caamp.0095s1055
OG0010659	Thhalv10010417m.g	Caamp.0095s1049, Caamp.0078s0236
OG0010660	Thhalv10010941m.g	Caamp.0078s0237, Caamp.0095s1048
OG0010661	Thhalv10010401m.g	Caamp.0078s0240
OG0010662	Thhalv10010123m.g	Caamp.0078s0242, Caamp.0095s1046
OG0010663	Thhalv10010652m.g	Caamp.0078s0244, Caamp.0095s1044
OG0010664	Thhalv10010388m.g	Caamp.0095s1036, Caamp.0078s0253
OG0010665	Thhalv10010447m.g	Caamp.0078s0256, Caamp.0095s1032
OG0010666	Thhalv10011161m.g	Caamp.0095s1009, Caamp.0078s0269
OG0010667	Thhalv10010511m.g	Caamp.0095s1015, Caamp.0078s0275
OG0010668	Thhalv10010636m.g	Caamp.0095s1020, Caamp.0078s0281
OG0010669	Thhalv10010376m.g	Caamp.0078s0283
OG0010670	Thhalv10010991m.g	Caamp.0095s1008, Caamp.0078s0284
OG0010671	Thhalv10010649m.g	Caamp.0078s0286, Caamp.0095s1006
OG0010672	Thhalv10010306m.g	Caamp.0095s1004, Caamp.0078s0289
OG0010673	Thhalv10010192m.g	Caamp.0095s1001, Caamp.0078s0292
OG0010674	Thhalv10010807m.g	Caamp.0095s0998, Caamp.0078s0295
OG0010675	Thhalv10010446m.g	Caamp.0095s0995, Caamp.0078s0298
OG0010676	Thhalv10011052m.g	Caamp.0078s0299, Caamp.0095s0994
OG0010677	Thhalv10010863m.g	Caamp.0095s0988, Caamp.0078s0305
OG0010678	Thhalv10010578m.g	Caamp.0078s0309, Caamp.0095s0985
OG0010679	Thhalv10010514m.g	Caamp.0078s0310, Caamp.0095s0984
OG0010680	Thhalv10010886m.g	Caamp.0078s0311, Caamp.0095s0983
OG0010681	Thhalv10010982m.g	Caamp.0078s0315, Caamp.0095s0979
OG0010682	Thhalv10010339m.g	Caamp.0078s0319, Caamp.0095s0975
OG0010683	Thhalv10010231m.g	Caamp.0078s0328, Caamp.0095s0965
OG0010684	Thhalv10010329m.g	Caamp.0095s0964, Caamp.0078s0331
OG0010685	Thhalv10010197m.g	Caamp.0078s0335, Caamp.0095s0961
OG0010686	Thhalv10010806m.g	Caamp.0078s0340, Caamp.0095s0956
OG0010687	Thhalv10010342m.g	Caamp.0095s0952, Caamp.0078s0342
OG0010688	Thhalv10010362m.g	Caamp.0095s0941, Caamp.0078s0351
OG0010689	Thhalv10010763m.g	Caamp.0078s0354, Caamp.0095s0938
OG0010690	Thhalv10010768m.g	Caamp.0078s0355, Caamp.0095s0937
OG0010691	Thhalv10010453m.g	Caamp.0078s0356, Caamp.0095s0936
OG0010692	Thhalv10010775m.g	Caamp.0095s0935, Caamp.0078s0357
OG0010693	Thhalv10010464m.g	Caamp.0078s0359, Caamp.0095s0933
OG0010694	Thhalv10010602m.g	Caamp.0078s0367, Caamp.0095s0925
OG0010695	Thhalv10010281m.g	Caamp.0078s0369, Caamp.0095s0923
OG0010696	Thhalv10010250m.g	Caamp.0095s0784, Caamp.0078s0386
OG0010697	Thhalv10010227m.g	Caamp.0078s0387, Caamp.0095s0785
OG0010698	Thhalv10010558m.g	Caamp.0078s0388, Caamp.0095s0786
OG0010699	Thhalv10010243m.g	Caamp.0095s0787, Caamp.0078s0389
OG0010700	Thhalv10011060m.g	Caamp.0095s0797, Caamp.0078s0403
OG0010701	Thhalv10010080m.g	Caamp.0095s0802, Caamp.0078s0408
OG0010702	Thhalv10010398m.g	Caamp.0095s0803, Caamp.0078s0411
OG0010703	Thhalv10010421m.g	Caamp.0095s0805, Caamp.0078s0414
OG0010704	Thhalv10010683m.g	Caamp.0095s0807, Caamp.0078s0416
OG0010705	Thhalv10010394m.g	Caamp.0078s0417, Caamp.0095s0808
OG0010706	Thhalv10010495m.g	Caamp.0095s0811, Caamp.0078s0420
OG0010707	Thhalv10010093m.g	Caamp.0095s0816, Caamp.0078s0426
OG0010708	Thhalv10010523m.g	Caamp.0078s0433, Caamp.0095s0823, Caamp.0078s0432
OG0010709	Thhalv10010246m.g	Caamp.0078s0436, Caamp.0095s0825
OG0010710	Thhalv10010732m.g	Caamp.0095s0827, Caamp.0078s0437
OG0010711	Thhalv10010579m.g	Caamp.0078s0438, Caamp.0095s0828
OG0010712	Thhalv10010328m.g	Caamp.0078s0440, Caamp.0095s0830
OG0010713	Thhalv10010505m.g	Caamp.0078s0442, Caamp.0095s0832
OG0010714	Thhalv10010414m.g	Caamp.0095s0834, Caamp.0078s0443
OG0010715	Thhalv10010808m.g	Caamp.0078s0444, Caamp.0095s0835
OG0010716	Thhalv10010478m.g	Caamp.0078s0449, Caamp.0095s0842
OG0010717	Thhalv10010476m.g	Caamp.0095s0847, Caamp.0078s0454
OG0010718	Thhalv10010160m.g	Caamp.0078s0455, Caamp.0095s0848
OG0010719	Thhalv10010595m.g	Caamp.0095s0850, Caamp.0078s0457
OG0010720	Thhalv10010789m.g	Caamp.0078s0460, Caamp.0095s0852
OG0010721	Thhalv10010439m.g	Caamp.0095s0859, Caamp.0078s0464
OG0010722	Thhalv10010145m.g	Caamp.0078s0465, Caamp.0095s0861
OG0010723	Thhalv10010121m.g	Caamp.0095s0864, Caamp.0078s0469
OG0010724	Thhalv10010333m.g	Caamp.0095s0865, Caamp.0078s0470
OG0010725	Thhalv10010142m.g	Caamp.0095s0866, Caamp.0078s0472
OG0010726	Thhalv10010118m.g	Caamp.0078s0473, Caamp.0095s0867
OG0010727	Thhalv10010743m.g	Caamp.0078s0477, Caamp.0095s0871
OG0010728	Thhalv10010477m.g	Caamp.0078s0481, Caamp.0095s0876
OG0010729	Thhalv10010349m.g	Caamp.0078s0482, Caamp.0095s0877
OG0010730	Thhalv10010661m.g	Caamp.0095s0881, Caamp.0078s0484
OG0010731	Thhalv10010545m.g	Caamp.0078s0491, Caamp.0095s0887
OG0010732	Thhalv10011158m.g	Caamp.0078s0496, Caamp.0095s0893
OG0010733	Thhalv10010259m.g	Caamp.0095s0901, Caamp.0078s0503
OG0010735	Thhalv10011131m.g	Caamp.0095s0914, Caamp.0078s0517
OG0010736	Thhalv10010730m.g	Caamp.0078s0528, Caamp.0095s0766
OG0010737	Thhalv10010199m.g	Caamp.0095s0765, Caamp.0078s0529
OG0010738	Thhalv10010843m.g	Caamp.0078s0532, Caamp.0095s0762
OG0010739	Thhalv10010669m.g	Caamp.0078s0533, Caamp.0095s0761
OG0010740	Thhalv10010760m.g	Caamp.0078s0534, Caamp.0095s0760
OG0010741	Thhalv10010320m.g	Caamp.0078s0537, Caamp.0095s0758
OG0010742	Thhalv10010682m.g	Caamp.0078s0548, Caamp.0095s0747
OG0010743	Thhalv10010113m.g	Caamp.0095s0744, Caamp.0078s0551
OG0010744	Thhalv10010415m.g	Caamp.0078s0552
OG0010745	Thhalv10020436m.g	Caamp.0078s0688
OG0010746	Thhalv10020758m.g	Caamp.0078s0707
OG0010747	Thhalv10020632m.g	Caamp.0078s0923
OG0010748	Thhalv10021291m.g	Caamp.0078s0927
OG0010749	Thhalv10020455m.g	Caamp.0078s0971
OG0010750	Thhalv10020260m.g	Caamp.0078s0972
OG0010751	Thhalv10019881m.g	Caamp.0078s1150
OG0010752	Thhalv10020319m.g	Caamp.0078s1168
OG0010753	Thhalv10002117m.g	Caamp.0079s0011, Caamp.0095s1293
OG0010754	Thhalv10002046m.g	Caamp.0095s1292, Caamp.0079s0012
OG0010755	Thhalv10001968m.g	Caamp.0079s0015, Caamp.0095s1288
OG0010756	Thhalv10001998m.g	Caamp.0079s0029, Caamp.0095s1315
OG0010757	Thhalv10001889m.g	Caamp.0095s1316, Caamp.0079s0030
OG0010758	Thhalv10002043m.g	Caamp.0079s0031, Caamp.0095s1317
OG0010759	Thhalv10002075m.g	Caamp.0095s1321, Caamp.0079s0035
OG0010760	Thhalv10001946m.g	Caamp.0079s0041, Caamp.0095s1329
OG0010761	Thhalv10002106m.g	Caamp.0079s0042, Caamp.0095s1330
OG0010762	Thhalv10002105m.g	Caamp.0079s0043, Caamp.0095s1331
OG0010763	Thhalv10001969m.g, Thhalv10011066m.g	Caamp.0079s0051
OG0010764	Thhalv10002002m.g	Caamp.0079s0052, Caamp.0095s1339
OG0010765	Thhalv10001948m.g	Caamp.0095s1346, Caamp.0079s0060
OG0010766	Thhalv10002146m.g	Caamp.0079s0062, Caamp.0095s1347
OG0010767	Thhalv10002226m.g	Caamp.0079s0068
OG0010768	Thhalv10002135m.g	Caamp.0079s0075, Caamp.0095s1361
OG0010769	Thhalv10001984m.g	Caamp.0079s0076
OG0010770	Thhalv10002071m.g	Caamp.0095s1374, Caamp.0079s0091
OG0010771	Thhalv10002370m.g, Thhalv10001810m.g	Caamp.0008s0016
OG0010772	Thhalv10027838m.g, Thhalv10004827m.g	Caamp.0008s0078
OG0010773	Thhalv10000005m.g	Caamp.0008s0111
OG0010774	Thhalv10002290m.g, Thhalv10002210m.g	Caamp.0008s0219
OG0010775	Thhalv10002091m.g	Caamp.0081s0020, Caamp.0008s0244
OG0010776	Thhalv10002014m.g	Caamp.0008s0245, Caamp.0081s0019
OG0010777	Thhalv10016700m.g	Caamp.0080s0055
OG0010778	Thhalv10019705m.g	Caamp.0084s0044
OG0010779	Thhalv10000989m.g	Caamp.0085s0039
OG0010780	Thhalv10003446m.g	Caamp.0089s0004, Caamp.0097s0998
OG0010781	Thhalv10003462m.g	Caamp.0097s0999, Caamp.0089s0005
OG0010783	Thhalv10024313m.g	Caamp.0095s0065, Caamp.0090s0002
OG0010784	Thhalv10024623m.g	Caamp.0095s0064, Caamp.0090s0003
OG0010785	Thhalv10024686m.g	Caamp.0095s0063, Caamp.0090s0004
OG0010786	Thhalv10026960m.g, Thhalv10026780m.g	Caamp.0090s0014, Caamp.0095s0051
OG0010787	Thhalv10025488m.g, Thhalv10025505m.g	Caamp.0095s0050, Caamp.0090s0016
OG0010788	Thhalv10024904m.g	Caamp.0090s0027, Caamp.0095s0036
OG0010789	Thhalv10025397m.g	Caamp.0090s0057, Caamp.0095s0005
OG0010790	Thhalv10024880m.g	Caamp.0095s1283, Caamp.0093s0008
OG0010791	Thhalv10002029m.g	Caamp.0093s0009
OG0010792	Thhalv10022653m.g	Caamp.0093s0017, Caamp.0095s1272
OG0010793	Thhalv10023158m.g	Caamp.0093s0019, Caamp.0095s1270
OG0010794	Thhalv10022870m.g	Caamp.0093s0050, Caamp.0095s1244
OG0010795	Thhalv10022718m.g, Thhalv10022311m.g	Caamp.0093s0052, Caamp.0095s1242
OG0010796	Thhalv10022526m.g	Caamp.0095s1240, Caamp.0093s0055
OG0010797	Thhalv10001950m.g	Caamp.0093s0062, Caamp.0095s1223
OG0010798	Thhalv10022742m.g	Caamp.0095s1227, Caamp.0093s0065
OG0010799	Thhalv10022722m.g	Caamp.0093s0067, Caamp.0095s1229
OG0010800	Thhalv10022848m.g	Caamp.0093s0070, Caamp.0095s1231
OG0010801	Thhalv10022817m.g	Caamp.0093s0079, Caamp.0095s1221
OG0010803	Thhalv10023122m.g	Caamp.0093s0104, Caamp.0095s1194
OG0010804	Thhalv10022737m.g	Caamp.0093s0110
OG0010805	Thhalv10022721m.g	Caamp.0093s0123, Caamp.0095s1175
OG0010806	Thhalv10023063m.g, Thhalv10022713m.g	Caamp.0093s0126, Caamp.0095s1172
OG0010807	Thhalv10022852m.g	Caamp.0093s0127, Caamp.0095s1170
OG0010808	Thhalv10022567m.g	Caamp.0093s0129, Caamp.0095s1168
OG0010809	Thhalv10022883m.g	Caamp.0095s1160, Caamp.0093s0135
OG0010810	Thhalv10022774m.g	Caamp.0093s0136, Caamp.0095s1159
OG0010811	Thhalv10022555m.g	Caamp.0095s1154, Caamp.0093s0141
OG0010812	Thhalv10022756m.g	Caamp.0093s0144, Caamp.0095s1152
OG0010813	Thhalv10022882m.g	Caamp.0095s1151, Caamp.0093s0145
OG0010814	Thhalv10022812m.g	Caamp.0093s0146, Caamp.0095s1150
OG0010815	Thhalv10022823m.g	Caamp.0095s1148, Caamp.0093s0149
OG0010816	Thhalv10022777m.g	Caamp.0093s0155, Caamp.0095s1144
OG0010817	Thhalv10022661m.g	Caamp.0095s1140, Caamp.0093s0160
OG0010818	Thhalv10023091m.g	Caamp.0095s1139, Caamp.0093s0161
OG0010819	Thhalv10022664m.g	Caamp.0093s0164, Caamp.0095s1136
OG0010820	Thhalv10022648m.g	Caamp.0093s0177, Caamp.0095s1126
OG0010821	Thhalv10000178m.g, Thhalv10025347m.g	Caamp.0094s0273, Caamp.0094s0214
OG0010822	Thhalv10024351m.g	Caamp.0094s0373
OG0010823	Thhalv10027540m.g	Caamp.0094s0414
OG0010824	Thhalv10027164m.g	Caamp.0094s0705, Caamp.0094s0703
OG0010825	Thhalv10027333m.g, Thhalv10029251m.g	Caamp.0094s0841
OG0010826	Thhalv10026872m.g, Thhalv10027477m.g, Thhalv10024144m.g	Caamp.0094s0949
OG0010827	Thhalv10027035m.g	Caamp.0094s0994
OG0010828	Thhalv10026687m.g	Caamp.0097s0382, Caamp.0095s0107
OG0010829	Thhalv10026056m.g	Caamp.0095s0111, Caamp.0097s0384
OG0010830	Thhalv10026497m.g	Caamp.0097s0388, Caamp.0095s0116
OG0010831	Thhalv10025106m.g	Caamp.0097s0391, Caamp.0095s0118
OG0010832	Thhalv10026010m.g	Caamp.0095s0121, Caamp.0097s0394
OG0010833	Thhalv10025550m.g	Caamp.0097s0395, Caamp.0095s0122
OG0010834	Thhalv10024831m.g	Caamp.0097s0398, Caamp.0095s0126
OG0010835	Thhalv10024376m.g	Caamp.0097s0399, Caamp.0095s0127
OG0010836	Thhalv10024349m.g	Caamp.0095s0129
OG0010837	Thhalv10026004m.g	Caamp.0095s0130
OG0010838	Thhalv10025903m.g	Caamp.0095s0141, Caamp.0097s0414
OG0010839	Thhalv10026747m.g	Caamp.0095s0143, Caamp.0097s0416
OG0010840	Thhalv10024626m.g	Caamp.0097s0421, Caamp.0095s0148
OG0010841	Thhalv10025772m.g	Caamp.0095s0150, Caamp.0097s0423
OG0010842	Thhalv10022600m.g	Caamp.0095s0298
OG0010843	Thhalv10006492m.g	Caamp.0095s0484, Caamp.0095s0483
OG0010844	Thhalv10007530m.g, Thhalv10008470m.g, Thhalv10005928m.g	Caamp.0095s0536
OG0010845	Thhalv10005916m.g	Caamp.0099s0122, Caamp.0095s0617
OG0010846	Thhalv10006076m.g	Caamp.0099s0120, Caamp.0095s0618
OG0010847	Thhalv10006031m.g	Caamp.0099s0119, Caamp.0095s0619
OG0010848	Thhalv10006146m.g	Caamp.0095s0622, Caamp.0099s0115
OG0010849	Thhalv10005773m.g	Caamp.0095s0624, Caamp.0099s0113
OG0010850	Thhalv10006172m.g	Caamp.0099s0102, Caamp.0095s0638
OG0010851	Thhalv10006174m.g	Caamp.0095s0640, Caamp.0099s0100
OG0010852	Thhalv10006289m.g	Caamp.0099s0098, Caamp.0095s0643
OG0010853	Thhalv10006252m.g	Caamp.0095s0644, Caamp.0099s0097
OG0010854	Thhalv10005775m.g	Caamp.0099s0090, Caamp.0095s0651
OG0010855	Thhalv10005971m.g	Caamp.0099s0086, Caamp.0095s0653
OG0010856	Thhalv10006389m.g	Caamp.0099s0084, Caamp.0095s0655
OG0010857	Thhalv10006270m.g	Caamp.0099s0081, Caamp.0095s0658
OG0010858	Thhalv10006239m.g	Caamp.0099s0076, Caamp.0095s0663
OG0010859	Thhalv10005901m.g	Caamp.0099s0074, Caamp.0095s0665
OG0010860	Thhalv10005860m.g	Caamp.0095s0666, Caamp.0099s0073
OG0010861	Thhalv10006163m.g	Caamp.0095s0667, Caamp.0099s0072
OG0010862	Thhalv10010237m.g	Caamp.0095s0674
OG0010862	Thhalv10010899m.g	Caamp.0099s0064
OG0010863	Thhalv10010434m.g	Caamp.0099s0060, Caamp.0095s0678
OG0010864	Thhalv10010431m.g	Caamp.0099s0054, Caamp.0095s0685
OG0010865	Thhalv10010310m.g	Caamp.0095s0686, Caamp.0099s0053
OG0010866	Thhalv10010241m.g	Caamp.0095s0690, Caamp.0099s0047
OG0010867	Thhalv10010326m.g	Caamp.0095s0698, Caamp.0099s0038
OG0010868	Thhalv10010626m.g	Caamp.0099s0031, Caamp.0095s0702
OG0010869	Thhalv10010654m.g	Caamp.0095s0711, Caamp.0099s0022
OG0010870	Thhalv10010708m.g	Caamp.0099s0020, Caamp.0095s0713
OG0010871	Thhalv10010564m.g	Caamp.0095s0719, Caamp.0099s0013
OG0010872	Thhalv10010599m.g	Caamp.0095s0727, Caamp.0099s0004
OG0010873	Thhalv10010501m.g	Caamp.0095s0815
OG0010874	Thhalv10010371m.g	Caamp.0095s0833
OG0010875	Thhalv10010867m.g	Caamp.0095s0955, Caamp.0095s0954
OG0010875	Thhalv10010872m.g	Caamp.0095s0953
OG0010877	Thhalv10022814m.g	Caamp.0095s1208
OG0010878	Thhalv10022910m.g	Caamp.0095s1215
OG0010879	Thhalv10022572m.g	Caamp.0095s1263
OG0010880	Thhalv10002047m.g	Caamp.0095s1279
OG0010881	Thhalv10002089m.g	Caamp.0095s1381
OG0010882	Thhalv10001991m.g	Caamp.0095s1382
OG0010883	Thhalv10002556m.g	Caamp.0097s0205
OG0010884	Thhalv10002615m.g, Thhalv10002633m.g	Caamp.0097s0220
OG0010887	Thhalv10027002m.g	Caamp.0097s0393
OG0010888	Thhalv10025592m.g	Caamp.0097s0402
OG0010889	Thhalv10027823m.g	Caamp.0097s0443, Caamp.0097s0755
OG0010890	Thhalv10027778m.g	Caamp.0097s0448, Caamp.0097s0765
OG0010891	Thhalv10027987m.g	Caamp.0097s0779, Caamp.0097s0454
OG0010892	Thhalv10028162m.g	Caamp.0097s0460
OG0010893	Thhalv10017094m.g	Caamp.0097s0699
OG0010894	Thhalv10027893m.g, Thhalv10028096m.g	Caamp.0097s0778
OG0010895	Thhalv10027719m.g, Thhalv10028139m.g	Caamp.0097s0865
OG0010953	Thhalv10001006m.g	Caamp.0001s0002, Caamp.0076s0834
OG0010954	Thhalv10000931m.g	Caamp.0076s0831, Caamp.0001s0004
OG0010955	Thhalv10000969m.g	Caamp.0001s0015, Caamp.0076s0818
OG0010956	Thhalv10001043m.g	Caamp.0001s0019, Caamp.0076s0815
OG0010957	Thhalv10001213m.g	Caamp.0076s0860, Caamp.0085s0032, Caamp.0001s0029, Caamp.0076s0806
OG0010958	Thhalv10000785m.g	Caamp.0001s0032, Caamp.0076s0804
OG0010959	Thhalv10000976m.g	Caamp.0076s0799, Caamp.0001s0041
OG0010960	Thhalv10000858m.g	Caamp.0001s0042, Caamp.0076s0798
OG0010961	Thhalv10000853m.g	Caamp.0001s0043
OG0010962	Thhalv10001038m.g	Caamp.0001s0046, Caamp.0076s0795
OG0010963	Thhalv10001070m.g	Caamp.0001s0049
OG0010965	Thhalv10001062m.g	Caamp.0001s0061, Caamp.0076s0781
OG0010966	Thhalv10001180m.g	Caamp.0001s0062, Caamp.0076s0780
OG0010967	Thhalv10001059m.g	Caamp.0076s0769, Caamp.0001s0069
OG0010968	Thhalv10000754m.g	Caamp.0001s0078, Caamp.0076s0760
OG0010969	Thhalv10001155m.g	Caamp.0001s0079
OG0010970	Thhalv10000919m.g	Caamp.0076s0735, Caamp.0001s0105
OG0010971	Thhalv10000949m.g	Caamp.0001s0107, Caamp.0076s0733
OG0010972	Thhalv10000872m.g	Caamp.0001s0110, Caamp.0076s0731
OG0010973	Thhalv10000830m.g	Caamp.0001s0117
OG0010974	Thhalv10000926m.g	Caamp.0001s0124
OG0010975	Thhalv10000940m.g	Caamp.0076s0720, Caamp.0001s0125
OG0010976	Thhalv10001014m.g	Caamp.0076s0719, Caamp.0001s0126
OG0010977	Thhalv10000868m.g	Caamp.0076s0709, Caamp.0001s0136
OG0010978	Thhalv10000817m.g	Caamp.0001s0139, Caamp.0076s0705
OG0010979	Thhalv10019804m.g, Thhalv10000984m.g	Caamp.0001s0148, Caamp.0076s0696
OG0010980	Thhalv10000994m.g	Caamp.0001s0158, Caamp.0076s0686
OG0010981	Thhalv10000781m.g	Caamp.0076s0667, Caamp.0001s0168
OG0010982	Thhalv10001032m.g	Caamp.0076s0660, Caamp.0001s0175
OG0010984	Thhalv10001241m.g	Caamp.0001s0201
OG0010985	Thhalv10000959m.g	Caamp.0076s0635, Caamp.0001s0206
OG0010986	Thhalv10000799m.g	Caamp.0076s0605, Caamp.0001s0221
OG0010987	Thhalv10001143m.g	Caamp.0001s0222, Caamp.0076s0604
OG0010988	Thhalv10000766m.g	Caamp.0001s0223, Caamp.0076s0603
OG0010989	Thhalv10001002m.g	Caamp.0001s0226
OG0010990	Thhalv10001080m.g	Caamp.0076s0595, Caamp.0001s0228
OG0010991	Thhalv10000741m.g	Caamp.0001s0229, Caamp.0076s0594
OG0010992	Thhalv10000779m.g	Caamp.0001s0235, Caamp.0076s0587
OG0010993	Thhalv10001033m.g	Caamp.0001s0251, Caamp.0076s0576
OG0010994	Thhalv10001188m.g	Caamp.0076s0575, Caamp.0001s0252
OG0010995	Thhalv10000979m.g	Caamp.0076s0573, Caamp.0001s0254
OG0010996	Thhalv10000956m.g	Caamp.0001s0260, Caamp.0076s0568
OG0010997	Thhalv10025402m.g	Caamp.0001s0298, Caamp.0061s0059
OG0010999	Thhalv10026311m.g	Caamp.0001s0313, Caamp.0061s0084
OG0011000	Thhalv10024625m.g	Caamp.0001s0320, Caamp.0107s0018
OG0011001	Thhalv10025468m.g	Caamp.0001s0330, Caamp.0010s0360
OG0011002	Thhalv10002154m.g	Caamp.0008s0138, Caamp.0010s0032
OG0011003	Thhalv10001908m.g	Caamp.0008s0132, Caamp.0010s0038
OG0011004	Thhalv10001933m.g	Caamp.0008s0129, Caamp.0010s0045
OG0011005	Thhalv10001899m.g	Caamp.0010s0051
OG0011006	Thhalv10000347m.g	Caamp.0010s0070
OG0011007	Thhalv10000330m.g	Caamp.0010s0074, Caamp.0099s0129
OG0011008	Thhalv10000103m.g	Caamp.1039s0431, Caamp.0010s0080
OG0011009	Thhalv10011247m.g	Caamp.0010s0082, Caamp.1039s0432
OG0011010	Thhalv10000518m.g	Caamp.0010s0089
OG0011011	Thhalv10023629m.g	Caamp.0010s0093, Caamp.1039s0437
OG0011012	Thhalv10000057m.g	Caamp.0010s0112, Caamp.1039s0402
OG0011013	Thhalv10000733m.g	Caamp.0010s0114, Caamp.1039s0400
OG0011014	Thhalv10000655m.g	Caamp.0010s0120, Caamp.1039s0396
OG0011015	Thhalv10000052m.g	Caamp.0010s0130, Caamp.1039s0361
OG0011016	Thhalv10000155m.g	Caamp.1039s0378, Caamp.0010s0140
OG0011017	Thhalv10029137m.g	Caamp.1039s0332, Caamp.0010s0155
OG0011018	Thhalv10000345m.g	Caamp.0010s0177, Caamp.1039s0298
OG0011019	Thhalv10000372m.g	Caamp.0010s0178, Caamp.1039s0297
OG0011020	Thhalv10000139m.g	Caamp.0010s0186, Caamp.1039s0288
OG0011021	Thhalv10000143m.g	Caamp.1039s0279, Caamp.0010s0195
OG0011022	Thhalv10010927m.g	Caamp.0010s0209, Caamp.0078s0128
OG0011023	Thhalv10000269m.g	Caamp.1039s0257, Caamp.0010s0220
OG0011024	Thhalv10000640m.g	Caamp.1039s0251, Caamp.0010s0229
OG0011025	Thhalv10000081m.g	Caamp.1039s0249, Caamp.0010s0231
OG0011026	Thhalv10000692m.g	Caamp.0010s0232, Caamp.1039s0248
OG0011027	Thhalv10000291m.g	Caamp.1039s0242, Caamp.0010s0237
OG0011028	Thhalv10000226m.g	Caamp.1039s0236, Caamp.0010s0240
OG0011029	Thhalv10000091m.g	Caamp.1039s0234, Caamp.0010s0242
OG0011030	Thhalv10000270m.g	Caamp.1039s0203, Caamp.0010s0278
OG0011031	Thhalv10000163m.g	Caamp.0010s0295, Caamp.1039s0191
OG0011032	Thhalv10000392m.g	Caamp.1039s0193, Caamp.0010s0296
OG0011033	Thhalv10000405m.g	Caamp.1039s0194, Caamp.0010s0297
OG0011034	Thhalv10000147m.g	Caamp.1039s0184, Caamp.0010s0302
OG0011035	Thhalv10000500m.g	Caamp.0004s0273, Caamp.0010s0318, Caamp.0038s0016
OG0011036	Thhalv10016829m.g	Caamp.0010s0330, Caamp.0101s0044
OG0011037	Thhalv10017378m.g	Caamp.0101s0008, Caamp.0013s0023
OG0011038	Thhalv10017375m.g	Caamp.0013s0037, Caamp.0101s0021
OG0011039	Thhalv10016592m.g	Caamp.0013s0046, Caamp.0101s0028
OG0011040	Thhalv10017176m.g	Caamp.0013s0052, Caamp.0101s0033
OG0011041	Thhalv10016555m.g	Caamp.0013s0053, Caamp.0101s0034
OG0011042	Thhalv10017921m.g	Caamp.0013s0062, Caamp.0101s0043
OG0011043	Thhalv10016234m.g	Caamp.0101s0045
OG0011044	Thhalv10016806m.g	Caamp.0013s0090, Caamp.0101s0062
OG0011045	Thhalv10016449m.g	Caamp.0101s0065, Caamp.0013s0095
OG0011046	Thhalv10016238m.g	Caamp.0101s0071, Caamp.0097s0700
OG0011047	Thhalv10016649m.g	Caamp.0101s0078, Caamp.0097s0707
OG0011048	Thhalv10016468m.g	Caamp.0101s0080, Caamp.0097s0708
OG0011049	Thhalv10017524m.g	Caamp.0101s0083, Caamp.0097s0709
OG0011050	Thhalv10017279m.g	Caamp.0097s0725, Caamp.0101s0096
OG0011051	Thhalv10016630m.g	Caamp.0097s0726, Caamp.0101s0097
OG0011052	Thhalv10016181m.g	Caamp.0101s0099, Caamp.0097s0728
OG0011053	Thhalv10016681m.g	Caamp.0052s0051, Caamp.0101s0104
OG0011054	Thhalv10017205m.g	Caamp.0101s0107, Caamp.0097s0738
OG0011055	Thhalv10016903m.g	Caamp.0097s0740, Caamp.0101s0109
OG0011056	Thhalv10016598m.g	Caamp.0097s0741, Caamp.0101s0110
OG0011057	Thhalv10002579m.g	Caamp.0026s0231, Caamp.0101s0127
OG0011058	Thhalv10002675m.g	Caamp.0101s0132, Caamp.0026s0234
OG0011059	Thhalv10002477m.g	Caamp.0064s0510, Caamp.0101s0140
OG0011062	Thhalv10008863m.g	Caamp.0101s0146, Caamp.0064s0493
OG0011063	Thhalv10002406m.g	Caamp.0064s0455, Caamp.0101s0150
OG0011064	Thhalv10002563m.g	Caamp.0101s0151, Caamp.0064s0450
OG0011065	Thhalv10002643m.g	Caamp.0101s0155, Caamp.0069s0010
OG0011066	Thhalv10002485m.g	Caamp.0101s0191, Caamp.0026s0225
OG0011067	Thhalv10017917m.g	Caamp.1031s0290, Caamp.0102s0001
OG0011068	Thhalv10017268m.g	Caamp.0102s0007, Caamp.1031s0280
OG0011069	Thhalv10017347m.g	Caamp.1031s0277, Caamp.0102s0010
OG0011070	Thhalv10016915m.g	Caamp.0102s0013, Caamp.1031s0274
OG0011071	Thhalv10016559m.g	Caamp.0102s0016, Caamp.1031s0270
OG0011072	Thhalv10016439m.g	Caamp.0102s0018, Caamp.1031s0268
OG0011073	Thhalv10016691m.g	Caamp.0102s0021, Caamp.1031s0265
OG0011074	Thhalv10016733m.g	Caamp.0102s0026, Caamp.1031s0257
OG0011075	Thhalv10016697m.g	Caamp.1031s0248, Caamp.0102s0035
OG0011076	Thhalv10016208m.g	Caamp.0102s0038
OG0011077	Thhalv10016403m.g	Caamp.1031s0244, Caamp.0102s0039
OG0011078	Thhalv10017060m.g	Caamp.0102s0046, Caamp.1031s0239
OG0011079	Thhalv10017237m.g	Caamp.0102s0047, Caamp.1031s0238
OG0011080	Thhalv10016489m.g	Caamp.1031s0237, Caamp.0102s0048
OG0011081	Thhalv10016128m.g	Caamp.0102s0053, Caamp.1031s0232
OG0011082	Thhalv10017194m.g	Caamp.1031s0231, Caamp.0102s0054
OG0011083	Thhalv10017972m.g	Caamp.1031s0229, Caamp.0102s0057
OG0011084	Thhalv10016794m.g	Caamp.1031s0215, Caamp.0102s0070
OG0011085	Thhalv10016951m.g	Caamp.1031s0210, Caamp.0102s0073
OG0011086	Thhalv10016330m.g	Caamp.0102s0082, Caamp.1031s0197
OG0011087	Thhalv10016600m.g	Caamp.1031s0195, Caamp.0102s0084
OG0011088	Thhalv10017481m.g	Caamp.0065s0194, Caamp.0102s0085
OG0011089	Thhalv10016689m.g	Caamp.1031s0189, Caamp.0102s0091
OG0011090	Thhalv10017011m.g	Caamp.1031s0187, Caamp.0102s0093
OG0011091	Thhalv10016727m.g	Caamp.0102s0097, Caamp.1031s0182
OG0011092	Thhalv10016771m.g	Caamp.0102s0099
OG0011093	Thhalv10017641m.g	Caamp.0102s0122
OG0011094	Thhalv10016278m.g	Caamp.1031s0146, Caamp.0102s0129
OG0011095	Thhalv10016747m.g	Caamp.1031s0144, Caamp.0102s0131
OG0011096	Thhalv10017943m.g	Caamp.1031s0142, Caamp.0102s0134
OG0011097	Thhalv10017189m.g	Caamp.1031s0133, Caamp.0102s0144
OG0011098	Thhalv10016324m.g	Caamp.1031s0130, Caamp.0102s0149
OG0011099	Thhalv10017647m.g	Caamp.0102s0157, Caamp.1031s0127
OG0011100	Thhalv10017396m.g	Caamp.0102s0159, Caamp.1031s0124
OG0011101	Thhalv10016535m.g	Caamp.1031s0120, Caamp.0102s0165
OG0011102	Thhalv10016949m.g	Caamp.1031s0111, Caamp.0102s0174
OG0011103	Thhalv10017250m.g	Caamp.1031s0108, Caamp.0102s0177
OG0011104	Thhalv10016463m.g	Caamp.1031s0107, Caamp.0102s0178
OG0011105	Thhalv10017213m.g	Caamp.0102s0179, Caamp.1031s0106
OG0011106	Thhalv10017245m.g	Caamp.1031s0104, Caamp.0102s0181
OG0011107	Thhalv10016992m.g	Caamp.1031s0103, Caamp.0102s0182
OG0011108	Thhalv10016863m.g	Caamp.0102s0184, Caamp.1031s0101
OG0011109	Thhalv10017266m.g	Caamp.0102s0186, Caamp.1031s0099
OG0011110	Thhalv10017800m.g	Caamp.1031s0094, Caamp.0102s0192
OG0011111	Thhalv10016859m.g	Caamp.1031s0087, Caamp.0102s0199
OG0011112	Thhalv10016346m.g	Caamp.0102s0210
OG0011113	Thhalv10016492m.g	Caamp.0102s0212, Caamp.1031s0071
OG0011114	Thhalv10016571m.g	Caamp.0102s0221, Caamp.1031s0058
OG0011115	Thhalv10017037m.g	Caamp.0102s0223, Caamp.1031s0056
OG0011116	Thhalv10016551m.g	Caamp.1031s0044, Caamp.0102s0236
OG0011117	Thhalv10017008m.g	Caamp.0102s0237, Caamp.1031s0042
OG0011119	Thhalv10017020m.g	Caamp.0102s0244, Caamp.1031s0036
OG0011120	Thhalv10017151m.g	Caamp.1031s0030, Caamp.0102s0251
OG0011121	Thhalv10017238m.g	Caamp.0102s0253, Caamp.1031s0028
OG0011122	Thhalv10016423m.g	Caamp.0102s0258
OG0011123	Thhalv10017650m.g	Caamp.1031s0021, Caamp.0102s0262
OG0011124	Thhalv10017444m.g	Caamp.1031s0020, Caamp.0102s0263
OG0011125	Thhalv10017138m.g	Caamp.0102s0267
OG0011126	Thhalv10017530m.g	Caamp.1031s0010, Caamp.0102s0275
OG0011127	Thhalv10016917m.g	Caamp.1031s0003, Caamp.0102s0283
OG0011128	Thhalv10016930m.g	Caamp.0105s0776, Caamp.0102s0290
OG0011129	Thhalv10017918m.g	Caamp.0105s0762, Caamp.0102s0302
OG0011130	Thhalv10017303m.g	Caamp.0105s0754, Caamp.0102s0309
OG0011131	Thhalv10016170m.g	Caamp.0105s0753, Caamp.0102s0310
OG0011132	Thhalv10017652m.g	Caamp.0102s0312, Caamp.0105s0751
OG0011133	Thhalv10017074m.g	Caamp.0102s0315, Caamp.0105s0747
OG0011134	Thhalv10016916m.g	Caamp.0102s0316, Caamp.0105s0746
OG0011135	Thhalv10017275m.g	Caamp.0105s0738, Caamp.0102s0322
OG0011136	Thhalv10017023m.g	Caamp.0102s0331, Caamp.0105s0731
OG0011137	Thhalv10016485m.g	Caamp.0105s0724, Caamp.0102s0339
OG0011138	Thhalv10016877m.g	Caamp.0102s0344, Caamp.0105s0719
OG0011140	Thhalv10016975m.g	Caamp.0102s0353, Caamp.0105s0710
OG0011141	Thhalv10016168m.g	Caamp.0105s0709, Caamp.0102s0354
OG0011142	Thhalv10016383m.g	Caamp.0102s0358, Caamp.0105s0706
OG0011144	Thhalv10016353m.g	Caamp.0105s0670, Caamp.0102s0392
OG0011145	Thhalv10017537m.g	Caamp.0105s0662, Caamp.0102s0402
OG0011146	Thhalv10017290m.g	Caamp.0102s0405
OG0011147	Thhalv10016843m.g	Caamp.0102s0423, Caamp.0105s0640
OG0011148	Thhalv10016595m.g	Caamp.0102s0425, Caamp.0105s0638
OG0011149	Thhalv10016966m.g	Caamp.0102s0428
OG0011150	Thhalv10017798m.g	Caamp.0105s0636, Caamp.0102s0429
OG0011151	Thhalv10017557m.g	Caamp.0102s0430, Caamp.0105s0635
OG0011152	Thhalv10017064m.g	Caamp.0105s0623, Caamp.0102s0442
OG0011153	Thhalv10017726m.g	Caamp.0102s0447, Caamp.0105s0616
OG0011154	Thhalv10016730m.g	Caamp.0105s0614, Caamp.0102s0449
OG0011155	Thhalv10017882m.g	Caamp.0105s0612, Caamp.0102s0453
OG0011156	Thhalv10017281m.g	Caamp.0105s0611, Caamp.0102s0454
OG0011157	Thhalv10016484m.g	Caamp.0105s0593, Caamp.0102s0472
OG0011158	Thhalv10017258m.g	Caamp.0102s0474
OG0011159	Thhalv10016655m.g	Caamp.0102s0480
OG0011160	Thhalv10016754m.g	Caamp.0102s0481
OG0011161	Thhalv10016740m.g	Caamp.0105s0575, Caamp.0102s0494
OG0011162	Thhalv10016800m.g	Caamp.0102s0497
OG0011163	Thhalv10016892m.g	Caamp.0102s0501, Caamp.0105s0569
OG0011164	Thhalv10016994m.g	Caamp.0102s0503, Caamp.0105s0567
OG0011165	Thhalv10017563m.g	Caamp.0102s0504, Caamp.0105s0566
OG0011166	Thhalv10016900m.g	Caamp.0105s0562, Caamp.0102s0508
OG0011167	Thhalv10016981m.g	Caamp.0105s0556, Caamp.0102s0512
OG0011168	Thhalv10017485m.g	Caamp.0102s0513, Caamp.0105s0555
OG0011169	Thhalv10016759m.g	Caamp.0105s0549, Caamp.0102s0518
OG0011170	Thhalv10017262m.g	Caamp.0105s0546, Caamp.0102s0521
OG0011171	Thhalv10016432m.g	Caamp.0102s0525, Caamp.0105s0542
OG0011172	Thhalv10016553m.g	Caamp.0102s0535, Caamp.0105s0530
OG0011173	Thhalv10017962m.g	Caamp.0105s0527, Caamp.0102s0538
OG0011174	Thhalv10016714m.g	Caamp.0105s0510, Caamp.0102s0555
OG0011175	Thhalv10016496m.g	Caamp.0105s0508, Caamp.0102s0558
OG0011176	Thhalv10017542m.g	Caamp.0102s0566, Caamp.0105s0501
OG0011177	Thhalv10017961m.g	Caamp.0102s0569
OG0011179	Thhalv10017600m.g	Caamp.0102s0579, Caamp.0105s0487
OG0011180	Thhalv10017344m.g	Caamp.0102s0580, Caamp.0190s0751, Caamp.0105s0486
OG0011181	Thhalv10017034m.g	Caamp.0102s0584, Caamp.0105s0481
OG0011182	Thhalv10017730m.g	Caamp.0102s0585, Caamp.0105s0480
OG0011183	Thhalv10016547m.g	Caamp.0105s0477, Caamp.0102s0588
OG0011184	Thhalv10017058m.g	Caamp.0102s0590, Caamp.0105s0474
OG0011185	Thhalv10017825m.g	Caamp.0102s0593, Caamp.0105s0471
OG0011186	Thhalv10016486m.g	Caamp.0102s0594, Caamp.0105s0467
OG0011187	Thhalv10016543m.g	Caamp.0102s0614, Caamp.0105s0448
OG0011188	Thhalv10016874m.g	Caamp.0105s0438, Caamp.0102s0624
OG0011189	Thhalv10017133m.g	Caamp.0105s0437, Caamp.0102s0625
OG0011190	Thhalv10017065m.g	Caamp.0105s0431, Caamp.0102s0629
OG0011191	Thhalv10017206m.g	Caamp.0102s0648, Caamp.0105s0412
OG0011192	Thhalv10017458m.g	Caamp.0105s0411, Caamp.0102s0649
OG0011193	Thhalv10017235m.g	Caamp.0102s0657, Caamp.0105s0401
OG0011194	Thhalv10017732m.g	Caamp.0102s0659, Caamp.0105s0399
OG0011195	Thhalv10016452m.g	Caamp.0102s0662
OG0011196	Thhalv10017002m.g	Caamp.0102s0667, Caamp.0105s0392
OG0011197	Thhalv10017573m.g	Caamp.0105s0382, Caamp.0102s0676
OG0011198	Thhalv10017251m.g	Caamp.0105s0378, Caamp.0102s0680
OG0011199	Thhalv10017201m.g	Caamp.0105s0373, Caamp.0102s0684
OG0011200	Thhalv10017083m.g	Caamp.0105s0370, Caamp.0102s0687
OG0011201	Thhalv10017178m.g	Caamp.0105s0368, Caamp.0102s0691
OG0011202	Thhalv10028825m.g	Caamp.0028s0242, Caamp.0102s0700
OG0011203	Thhalv10029314m.g	Caamp.0102s0704, Caamp.0028s0239
OG0011204	Thhalv10028709m.g	Caamp.0102s0715, Caamp.0028s0227
OG0011205	Thhalv10028390m.g	Caamp.0102s0726
OG0011206	Thhalv10028506m.g	Caamp.0028s0205, Caamp.0102s0735
OG0011207	Thhalv10028811m.g	Caamp.0102s0737, Caamp.0028s0203
OG0011208	Thhalv10029035m.g	Caamp.0028s0198, Caamp.0102s0741
OG0011209	Thhalv10028737m.g	Caamp.0102s0746
OG0011210	Thhalv10029109m.g	Caamp.0028s0174, Caamp.0102s0771
OG0011211	Thhalv10029345m.g	Caamp.0028s0156, Caamp.0102s0779
OG0011212	Thhalv10028928m.g	Caamp.0028s0159, Caamp.0102s0782
OG0011213	Thhalv10028954m.g	Caamp.0102s0785, Caamp.0028s0162
OG0011214	Thhalv10029078m.g	Caamp.0028s0167, Caamp.0102s0791
OG0011215	Thhalv10028973m.g	Caamp.0028s0169, Caamp.0102s0795
OG0011216	Thhalv10028794m.g	Caamp.0028s0170, Caamp.0102s0796
OG0011217	Thhalv10023851m.g, Thhalv10024017m.g, Thhalv10024060m.g	Caamp.0028s0147, Caamp.0102s0812
OG0011218	Thhalv10029450m.g	Caamp.0028s0144, Caamp.0102s0815
OG0011219	Thhalv10028606m.g, Thhalv10029247m.g	Caamp.0102s0820
OG0011221	Thhalv10028781m.g	Caamp.0102s0824, Caamp.0028s0137
OG0011222	Thhalv10028784m.g	Caamp.0102s0826
OG0011223	Thhalv10028770m.g	Caamp.0102s0835
OG0011224	Thhalv10028483m.g	Caamp.0102s0837
OG0011225	Thhalv10028779m.g	Caamp.0102s0841, Caamp.0028s0121
OG0011226	Thhalv10029059m.g	Caamp.0028s0113, Caamp.0102s0849
OG0011227	Thhalv10029048m.g	Caamp.0102s0851, Caamp.0102s0853
OG0011228	Thhalv10029034m.g	Caamp.0028s0107, Caamp.0102s0856
OG0011229	Thhalv10028566m.g	Caamp.0102s0857, Caamp.0028s0106
OG0011230	Thhalv10028921m.g	Caamp.0028s0104, Caamp.0102s0859
OG0011231	Thhalv10029015m.g	Caamp.0102s0864, Caamp.0028s0097
OG0011232	Thhalv10028776m.g	Caamp.0102s0873, Caamp.0028s0091
OG0011233	Thhalv10028854m.g	Caamp.0028s0086, Caamp.0102s0878
OG0011234	Thhalv10028858m.g	Caamp.0028s0085, Caamp.0102s0879
OG0011235	Thhalv10028904m.g	Caamp.0102s0881
OG0011236	Thhalv10028805m.g	Caamp.0102s0898, Caamp.0028s0069
OG0011237	Thhalv10029299m.g	Caamp.0028s0064, Caamp.0102s0902
OG0011238	Thhalv10028665m.g	Caamp.0102s0914
OG0011239	Thhalv10029288m.g	Caamp.0028s0049, Caamp.0102s0915
OG0011240	Thhalv10008544m.g	Caamp.0188s1085, Caamp.0102s0923, Caamp.0275s0089
OG0011241	Thhalv10029064m.g	Caamp.0028s0042, Caamp.0102s0925
OG0011242	Thhalv10028522m.g	Caamp.0028s0041, Caamp.0102s0926
OG0011243	Thhalv10028793m.g	Caamp.0028s0011, Caamp.0102s0991
OG0011244	Thhalv10028848m.g	Caamp.0028s0005, Caamp.0102s0999
OG0011245	Thhalv10028661m.g	Caamp.0049s0045, Caamp.0102s1007
OG0011246	Thhalv10028819m.g	Caamp.0102s1008, Caamp.0049s0043
OG0011247	Thhalv10029031m.g	Caamp.0049s0042, Caamp.0102s1009
OG0011248	Thhalv10028627m.g	Caamp.0102s1014, Caamp.0049s0028
OG0011249	Thhalv10025146m.g	Caamp.1027s0001, Caamp.0059s0150
OG0011250	Thhalv10026049m.g	Caamp.1027s0010
OG0011251	Thhalv10025058m.g	Caamp.1027s0014, Caamp.0059s0138
OG0011252	Thhalv10025229m.g	Caamp.0059s0136, Caamp.1027s0016
OG0011253	Thhalv10024524m.g	Caamp.1027s0020
OG0011254	Thhalv10025065m.g	Caamp.1027s0022
OG0011255	Thhalv10025976m.g	Caamp.1027s0026
OG0011256	Thhalv10024216m.g	Caamp.1027s0029
OG0011257	Thhalv10025358m.g	Caamp.1027s0051
OG0011258	Thhalv10024188m.g	Caamp.0094s0001, Caamp.1027s0053
OG0011259	Thhalv10025990m.g	Caamp.1027s0056, Caamp.0094s0004
OG0011260	Thhalv10025463m.g	Caamp.0094s0005, Caamp.1027s0057
OG0011261	Thhalv10026657m.g	Caamp.1027s0060, Caamp.0094s0008
OG0011262	Thhalv10024895m.g	Caamp.1027s0066, Caamp.0094s0013
OG0011263	Thhalv10024289m.g	Caamp.0094s0030, Caamp.1027s0075
OG0011264	Thhalv10026133m.g	Caamp.0094s0031, Caamp.1027s0076
OG0011265	Thhalv10025644m.g	Caamp.1027s0082, Caamp.0094s0037
OG0011266	Thhalv10025282m.g	Caamp.0094s0039, Caamp.1027s0084
OG0011267	Thhalv10027175m.g	Caamp.1027s0095, Caamp.1035s1194
OG0011268	Thhalv10027542m.g	Caamp.0094s0050, Caamp.1027s0098
OG0011269	Thhalv10025667m.g	Caamp.1027s0106, Caamp.0094s0058
OG0011270	Thhalv10025515m.g	Caamp.1027s0114, Caamp.0094s0068
OG0011272	Thhalv10024641m.g	Caamp.0094s0080, Caamp.1027s0130
OG0011273	Thhalv10025622m.g	Caamp.1027s0139, Caamp.0094s0086
OG0011274	Thhalv10024607m.g	Caamp.0094s0088, Caamp.1027s0141
OG0011275	Thhalv10027166m.g	Caamp.1027s0142, Caamp.0094s0089
OG0011276	Thhalv10026855m.g	Caamp.1027s0144, Caamp.0094s0091
OG0011278	Thhalv10025861m.g	Caamp.0094s0104, Caamp.1027s0158
OG0011279	Thhalv10024923m.g	Caamp.1027s0163, Caamp.0094s0109
OG0011280	Thhalv10027577m.g	Caamp.1027s0166, Caamp.0094s0112
OG0011281	Thhalv10024538m.g	Caamp.1027s0180, Caamp.0094s0126
OG0011282	Thhalv10025280m.g	Caamp.0094s0127, Caamp.1027s0181
OG0011283	Thhalv10024612m.g	Caamp.1027s0182, Caamp.0094s0128
OG0011284	Thhalv10026749m.g	Caamp.1027s0183, Caamp.0094s0130
OG0011285	Thhalv10024934m.g	Caamp.1027s0188, Caamp.0094s0134
OG0011286	Thhalv10026209m.g	Caamp.1027s0189, Caamp.0094s0138, Caamp.0094s0135
OG0011287	Thhalv10026561m.g	Caamp.1027s0200, Caamp.0094s0149
OG0011288	Thhalv10025884m.g	Caamp.0094s0150, Caamp.1027s0201
OG0011289	Thhalv10024807m.g	Caamp.1027s0206, Caamp.0094s0155
OG0011290	Thhalv10024915m.g	Caamp.1027s0207, Caamp.0094s0156
OG0011291	Thhalv10026843m.g	Caamp.1027s0209, Caamp.0073s0032
OG0011292	Thhalv10024767m.g	Caamp.0094s0173, Caamp.1027s0218
OG0011293	Thhalv10025969m.g	Caamp.1027s0227, Caamp.0094s0165
OG0011294	Thhalv10025747m.g	Caamp.1027s0244, Caamp.0094s0191
OG0011295	Thhalv10025742m.g	Caamp.1027s0246, Caamp.0094s0193
OG0011296	Thhalv10024484m.g	Caamp.0094s0194, Caamp.1027s0247
OG0011297	Thhalv10025483m.g	Caamp.0094s0196, Caamp.1027s0249
OG0011298	Thhalv10024924m.g	Caamp.0094s0197, Caamp.1027s0250
OG0011299	Thhalv10026288m.g	Caamp.1027s0251, Caamp.0094s0198
OG0011300	Thhalv10025268m.g	Caamp.1027s0253, Caamp.0094s0200
OG0011301	Thhalv10024737m.g	Caamp.1027s0267, Caamp.0094s0216
OG0011302	Thhalv10025060m.g	Caamp.1027s0271, Caamp.0094s0220
OG0011303	Thhalv10024834m.g	Caamp.0094s0224, Caamp.1027s0277
OG0011304	Thhalv10017944m.g, Thhalv10027500m.g	Caamp.1031s0060
OG0011305	Thhalv10016823m.g	Caamp.1031s0180
OG0011306	Thhalv10017310m.g	Caamp.1031s0181
OG0011307	Thhalv10029353m.g, Thhalv10017439m.g	Caamp.1031s0213
OG0011308	Thhalv10006093m.g	Caamp.0095s0662, Caamp.1031s0255
OG0011309	Thhalv10016426m.g	Caamp.1031s0278
OG0011310	Thhalv10017120m.g	Caamp.1031s0294, Caamp.0076s1679
OG0011311	Thhalv10016719m.g	Caamp.1031s0302, Caamp.0076s1671
OG0011312	Thhalv10016269m.g	Caamp.1031s0305, Caamp.0076s1668
OG0011313	Thhalv10016132m.g	Caamp.1031s0310
OG0011314	Thhalv10016922m.g	Caamp.0076s1658, Caamp.1031s0316
OG0011315	Thhalv10016526m.g	Caamp.0076s1657, Caamp.1031s0317
OG0011316	Thhalv10016932m.g	Caamp.1031s0318, Caamp.0076s1656
OG0011317	Thhalv10016195m.g	Caamp.1031s0319, Caamp.0076s1655
OG0011318	Thhalv10017276m.g	Caamp.0076s1646, Caamp.1031s0327
OG0011319	Thhalv10016332m.g	Caamp.0076s1642, Caamp.1031s0331
OG0011320	Thhalv10016704m.g	Caamp.0076s1641, Caamp.1031s0332
OG0011321	Thhalv10017302m.g	Caamp.1031s0333, Caamp.0076s1640
OG0011322	Thhalv10016844m.g	Caamp.1031s0336, Caamp.0076s1637
OG0011323	Thhalv10017546m.g	Caamp.0076s1630, Caamp.1031s0343
OG0011324	Thhalv10017345m.g	Caamp.0076s1623, Caamp.1031s0349
OG0011325	Thhalv10017768m.g, Thhalv10017269m.g	Caamp.1031s0355
OG0011326	Thhalv10016826m.g	Caamp.0076s1613, Caamp.1031s0359
OG0011327	Thhalv10006358m.g	Caamp.0076s1612, Caamp.1031s0360, Caamp.0023s0099
OG0011328	Thhalv10017004m.g	Caamp.0076s1608, Caamp.1031s0363
OG0011329	Thhalv10017207m.g	Caamp.0076s1604, Caamp.1031s0366
OG0011330	Thhalv10016390m.g	Caamp.1031s0369, Caamp.0076s1602
OG0011331	Thhalv10017295m.g	Caamp.0076s1599, Caamp.1031s0372
OG0011332	Thhalv10016924m.g	Caamp.0076s1598, Caamp.1031s0373
OG0011333	Thhalv10016621m.g	Caamp.0076s1591, Caamp.1031s0380
OG0011334	Thhalv10017244m.g	Caamp.0076s1588, Caamp.1031s0382
OG0011335	Thhalv10016988m.g	Caamp.0076s1584, Caamp.1031s0386
OG0011336	Thhalv10016807m.g	Caamp.1031s0387, Caamp.0076s1583
OG0011337	Thhalv10016628m.g	Caamp.1031s0390, Caamp.0076s1579
OG0011338	Thhalv10016680m.g	Caamp.1031s0402, Caamp.0076s1564
OG0011339	Thhalv10017043m.g	Caamp.1031s0420, Caamp.0076s1548
OG0011340	Thhalv10017981m.g	Caamp.1031s0424, Caamp.0076s1542
OG0011341	Thhalv10016816m.g	Caamp.1031s0425, Caamp.0076s1538
OG0011342	Thhalv10017923m.g	Caamp.0076s1529, Caamp.1031s0439
OG0011343	Thhalv10017175m.g	Caamp.0076s1528, Caamp.1031s0440
OG0011344	Thhalv10016832m.g	Caamp.1031s0456, Caamp.0076s1508
OG0011345	Thhalv10017098m.g	Caamp.1031s0458, Caamp.0076s1506
OG0011346	Thhalv10017090m.g	Caamp.0076s1500, Caamp.1031s0462
OG0011347	Thhalv10016247m.g	Caamp.0076s1495, Caamp.1031s0467
OG0011348	Thhalv10017357m.g	Caamp.0076s1486, Caamp.1031s0477
OG0011349	Thhalv10016927m.g	Caamp.1031s0479, Caamp.0076s1484
OG0011350	Thhalv10017174m.g	Caamp.0076s1482, Caamp.1031s0481
OG0011351	Thhalv10016406m.g	Caamp.0076s1480, Caamp.1031s0483
OG0011352	Thhalv10017103m.g	Caamp.1031s0487, Caamp.0076s1474
OG0011353	Thhalv10017807m.g	Caamp.1031s0488, Caamp.0076s1472
OG0011354	Thhalv10017054m.g	Caamp.1031s0492, Caamp.0076s1468
OG0011355	Thhalv10016328m.g	Caamp.1031s0497
OG0011356	Thhalv10001523m.g	Caamp.1031s0522, Caamp.0076s1438
OG0011357	Thhalv10001651m.g	Caamp.0076s1436, Caamp.1031s0524
OG0011358	Thhalv10001495m.g	Caamp.1031s0526, Caamp.0076s1434
OG0011359	Thhalv10001381m.g	Caamp.1031s0533, Caamp.0076s1430
OG0011360	Thhalv10001762m.g	Caamp.1031s0536
OG0011361	Thhalv10001541m.g	Caamp.1031s0538, Caamp.0076s1426
OG0011362	Thhalv10001685m.g	Caamp.0076s1416, Caamp.1031s0554
OG0011363	Thhalv10001347m.g	Caamp.0076s1413, Caamp.1031s0556
OG0011364	Thhalv10001359m.g	Caamp.1031s0583, Caamp.0018s0001
OG0011365	Thhalv10001637m.g	Caamp.0018s0002, Caamp.1031s0584
OG0011366	Thhalv10001537m.g	Caamp.0018s0007, Caamp.1031s0589
OG0011367	Thhalv10001757m.g	Caamp.1031s0590, Caamp.0018s0008
OG0011368	Thhalv10001785m.g	Caamp.0018s0018, Caamp.1031s0600
OG0011369	Thhalv10001457m.g	Caamp.0018s0021, Caamp.1031s0602
OG0011370	Thhalv10001769m.g	Caamp.1031s0604
OG0011371	Thhalv10001674m.g	Caamp.1031s0606, Caamp.0018s0028
OG0011372	Thhalv10001461m.g	Caamp.1031s0619, Caamp.0018s0039
OG0011373	Thhalv10001479m.g	Caamp.0105s0564, Caamp.1031s0631, Caamp.0018s0045
OG0011374	Thhalv10001633m.g	Caamp.1031s0637, Caamp.0018s0051
OG0011375	Thhalv10001437m.g	Caamp.1031s0639, Caamp.0018s0053
OG0011376	Thhalv10001313m.g	Caamp.1031s0644, Caamp.0018s0059
OG0011377	Thhalv10001488m.g	Caamp.1031s0645, Caamp.0018s0060
OG0011378	Thhalv10001761m.g	Caamp.0018s0062, Caamp.1031s0646
OG0011379	Thhalv10001642m.g	Caamp.1031s0652
OG0011380	Thhalv10001758m.g, Thhalv10027189m.g	Caamp.0018s0071, Caamp.1031s0656
OG0011381	Thhalv10001339m.g	Caamp.0018s0084, Caamp.1031s0667
OG0011382	Thhalv10001591m.g	Caamp.1031s0671, Caamp.0018s0087
OG0011383	Thhalv10001589m.g	Caamp.1031s0676
OG0011383	Thhalv10003327m.g	Caamp.0064s0342
OG0011384	Thhalv10001680m.g	Caamp.1031s0683, Caamp.0018s0099
OG0011385	Thhalv10001475m.g	Caamp.0018s0104, Caamp.1031s0688
OG0011386	Thhalv10001427m.g	Caamp.0018s0106, Caamp.1031s0690
OG0011387	Thhalv10001341m.g	Caamp.0018s0115, Caamp.1031s0698
OG0011388	Thhalv10001519m.g	Caamp.1031s0699, Caamp.0018s0120
OG0011389	Thhalv10001791m.g	Caamp.1031s0701, Caamp.0018s0121
OG0011390	Thhalv10001324m.g	Caamp.0018s0141, Caamp.1031s0720
OG0011391	Thhalv10001632m.g	Caamp.1031s0723, Caamp.0018s0144
OG0011392	Thhalv10001388m.g	Caamp.0018s0145, Caamp.1031s0724
OG0011393	Thhalv10001499m.g	Caamp.0018s0147, Caamp.1031s0726
OG0011394	Thhalv10001358m.g	Caamp.0018s0152, Caamp.1031s0733
OG0011395	Thhalv10001604m.g	Caamp.1031s0739, Caamp.0018s0158
OG0011396	Thhalv10001646m.g	Caamp.0018s0161, Caamp.1031s0742
OG0011397	Thhalv10001517m.g	Caamp.1031s0745, Caamp.0018s0163
OG0011398	Thhalv10001707m.g	Caamp.1031s0746, Caamp.0018s0164
OG0011399	Thhalv10001338m.g	Caamp.1031s0750, Caamp.0018s0168
OG0011400	Thhalv10001310m.g	Caamp.1031s0752, Caamp.0018s0169
OG0011401	Thhalv10001775m.g	Caamp.0018s0172, Caamp.1031s0753
OG0011402	Thhalv10001583m.g	Caamp.0018s0175, Caamp.1031s0756
OG0011403	Thhalv10001635m.g	Caamp.0018s0177, Caamp.1031s0758
OG0011404	Thhalv10001650m.g	Caamp.0018s0179, Caamp.1031s0760
OG0011405	Thhalv10001607m.g	Caamp.1031s0766, Caamp.0018s0186
OG0011406	Thhalv10001605m.g	Caamp.1031s0777, Caamp.0018s0196
OG0011407	Thhalv10001643m.g	Caamp.0018s0198, Caamp.1031s0779
OG0011408	Thhalv10001424m.g	Caamp.0190s1164, Caamp.0018s0199, Caamp.1031s0781
OG0011409	Thhalv10001514m.g	Caamp.1031s0786, Caamp.0018s0204
OG0011410	Thhalv10001291m.g	Caamp.1031s0788, Caamp.0018s0208
OG0011411	Thhalv10001658m.g	Caamp.0018s0229, Caamp.1031s0807
OG0011412	Thhalv10001742m.g	Caamp.0018s0230, Caamp.1031s0808
OG0011413	Thhalv10001600m.g	Caamp.0018s0242, Caamp.1031s0819
OG0011414	Thhalv10001366m.g	Caamp.0018s0244, Caamp.1031s0821
OG0011415	Thhalv10001545m.g	Caamp.1031s0828, Caamp.0018s0252
OG0011416	Thhalv10001803m.g	Caamp.1031s0830, Caamp.0018s0255
OG0011417	Thhalv10001355m.g	Caamp.0018s0258, Caamp.1031s0833
OG0011418	Thhalv10001357m.g	Caamp.0018s0262, Caamp.1031s0837
OG0011419	Thhalv10001308m.g	Caamp.0018s0265, Caamp.1031s0840
OG0011420	Thhalv10001420m.g	Caamp.1031s0847, Caamp.0018s0272
OG0011421	Thhalv10001584m.g	Caamp.1031s0862, Caamp.0018s0291
OG0011422	Thhalv10001452m.g	Caamp.0018s0292, Caamp.1031s0864
OG0011423	Thhalv10001739m.g	Caamp.1031s0867
OG0011423	Thhalv10001346m.g	Caamp.0018s0295
OG0011424	Thhalv10001802m.g	Caamp.0018s0298, Caamp.1031s0868
OG0011425	Thhalv10001438m.g	Caamp.1031s0872, Caamp.0018s0301
OG0011426	Thhalv10001281m.g	Caamp.1031s0881, Caamp.0018s0309
OG0011427	Thhalv10001522m.g	Caamp.0018s0310, Caamp.1031s0882
OG0011428	Thhalv10001498m.g	Caamp.1031s0884, Caamp.0018s0313
OG0011429	Thhalv10001673m.g	Caamp.0018s0316, Caamp.1031s0886
OG0011430	Thhalv10001362m.g	Caamp.0018s0320, Caamp.1031s0890
OG0011431	Thhalv10001442m.g	Caamp.0018s0324, Caamp.1031s0896
OG0011432	Thhalv10001368m.g	Caamp.1031s0909, Caamp.0018s0337
OG0011433	Thhalv10001458m.g	Caamp.1031s0910, Caamp.0018s0338
OG0011434	Thhalv10001647m.g	Caamp.1031s0911, Caamp.0018s0339
OG0011435	Thhalv10001614m.g	Caamp.0018s0340, Caamp.1031s0912
OG0011436	Thhalv10001494m.g	Caamp.0018s0341, Caamp.1031s0913
OG0011437	Thhalv10001431m.g	Caamp.1031s0916, Caamp.0018s0344
OG0011439	Thhalv10001715m.g	Caamp.1031s0925, Caamp.0018s0353
OG0011440	Thhalv10001363m.g	Caamp.0018s0354, Caamp.1031s0926
OG0011441	Thhalv10018568m.g	Caamp.0018s0356, Caamp.1031s0928
OG0011442	Thhalv10001446m.g	Caamp.0018s0360, Caamp.1031s0934
OG0011443	Thhalv10001455m.g	Caamp.0018s0364, Caamp.1031s0938
OG0011444	Thhalv10001800m.g	Caamp.0018s0372, Caamp.1031s0949
OG0011445	Thhalv10001654m.g	Caamp.1031s0950, Caamp.0018s0373
OG0011446	Thhalv10008998m.g	Caamp.1033s0002, Caamp.0190s0123
OG0011447	Thhalv10007934m.g	Caamp.0190s0124, Caamp.1033s0003
OG0011448	Thhalv10006893m.g	Caamp.0190s0126, Caamp.1033s0005
OG0011449	Thhalv10007813m.g	Caamp.0190s0127, Caamp.1033s0006
OG0011450	Thhalv10006535m.g	Caamp.1033s0010
OG0011451	Thhalv10008051m.g	Caamp.1033s0019, Caamp.0190s0138
OG0011452	Thhalv10009375m.g	Caamp.1033s0044
OG0011453	Thhalv10007536m.g	Caamp.0037s0330, Caamp.1033s0049
OG0011454	Thhalv10008264m.g	Caamp.1033s0066, Caamp.0037s0348
OG0011455	Thhalv10008554m.g	Caamp.0037s0355, Caamp.1033s0071
OG0011456	Thhalv10009554m.g	Caamp.0037s0364, Caamp.1033s0081
OG0011457	Thhalv10009836m.g	Caamp.0037s0371, Caamp.1033s0086
OG0011458	Thhalv10008247m.g	Caamp.0037s0377, Caamp.1033s0096
OG0011459	Thhalv10006627m.g	Caamp.0037s0378, Caamp.1033s0097
OG0011460	Thhalv10009125m.g	Caamp.0037s0380, Caamp.1033s0100
OG0011461	Thhalv10007305m.g	Caamp.0037s0382, Caamp.1033s0102
OG0011462	Thhalv10009890m.g	Caamp.0037s0384, Caamp.1033s0104
OG0011463	Thhalv10008318m.g	Caamp.0037s0386, Caamp.1033s0106
OG0011464	Thhalv10008896m.g	Caamp.0037s0390, Caamp.1033s0113
OG0011465	Thhalv10008541m.g	Caamp.1033s0114, Caamp.0037s0391
OG0011467	Thhalv10006998m.g	Caamp.1033s0125, Caamp.0037s0403
OG0011469	Thhalv10007358m.g	Caamp.1033s0132, Caamp.0037s0407
OG0011470	Thhalv10008952m.g	Caamp.1033s0137, Caamp.0037s0412
OG0011471	Thhalv10009563m.g	Caamp.1033s0142, Caamp.0037s0417
OG0011472	Thhalv10007872m.g	Caamp.0037s0418, Caamp.1033s0143
OG0011473	Thhalv10008947m.g	Caamp.1036s0336, Caamp.0037s0427, Caamp.1033s0147
OG0011474	Thhalv10007115m.g	Caamp.1033s0151, Caamp.0037s0432
OG0011475	Thhalv10006791m.g	Caamp.0037s0434, Caamp.1033s0152
OG0011476	Thhalv10008744m.g	Caamp.0037s0455, Caamp.1033s0171
OG0011477	Thhalv10007266m.g	Caamp.0037s0457, Caamp.1033s0174
OG0011478	Thhalv10008158m.g	Caamp.1033s0179, Caamp.0037s0463
OG0011479	Thhalv10009071m.g	Caamp.0037s0469, Caamp.1033s0187
OG0011480	Thhalv10007303m.g	Caamp.0037s0472, Caamp.1033s0190
OG0011481	Thhalv10008869m.g	Caamp.0037s0477, Caamp.1033s0194
OG0011482	Thhalv10007961m.g	Caamp.0037s0482, Caamp.1033s0199
OG0011483	Thhalv10008082m.g	Caamp.1033s0207, Caamp.0037s0492
OG0011484	Thhalv10008745m.g	Caamp.1033s0208, Caamp.0037s0493
OG0011485	Thhalv10007574m.g	Caamp.1033s0209, Caamp.0037s0494
OG0011486	Thhalv10007684m.g	Caamp.1033s0210, Caamp.0037s0496
OG0011487	Thhalv10007867m.g	Caamp.1033s0216, Caamp.0037s0500
OG0011488	Thhalv10009549m.g	Caamp.0037s0503, Caamp.1033s0218
OG0011489	Thhalv10007185m.g	Caamp.0037s0506, Caamp.1033s0221
OG0011490	Thhalv10008691m.g	Caamp.1033s0227, Caamp.0037s0510
OG0011491	Thhalv10006986m.g	Caamp.0037s0511, Caamp.1033s0228
OG0011492	Thhalv10007745m.g	Caamp.1033s0231, Caamp.0037s0514
OG0011493	Thhalv10008298m.g	Caamp.0037s0523, Caamp.1033s0238
OG0011494	Thhalv10008330m.g	Caamp.0037s0524, Caamp.1033s0239
OG0011495	Thhalv10009468m.g	Caamp.0037s0531, Caamp.1033s0246
OG0011496	Thhalv10008235m.g	Caamp.1033s0256, Caamp.0037s0542
OG0011497	Thhalv10008049m.g	Caamp.1033s0259, Caamp.0037s0546
OG0011498	Thhalv10007591m.g	Caamp.0037s0549, Caamp.1033s0262
OG0011499	Thhalv10008848m.g	Caamp.1033s0272, Caamp.0037s0560
OG0011500	Thhalv10008997m.g	Caamp.0037s0561, Caamp.1033s0273
OG0011501	Thhalv10008165m.g	Caamp.0037s0563, Caamp.1033s0275
OG0011502	Thhalv10009562m.g	Caamp.0037s0569, Caamp.1033s0280
OG0011503	Thhalv10009046m.g	Caamp.0037s0572, Caamp.1033s0283
OG0011504	Thhalv10009723m.g	Caamp.0037s0574, Caamp.1033s0285
OG0011505	Thhalv10008445m.g	Caamp.0037s0575, Caamp.1033s0286
OG0011506	Thhalv10009087m.g	Caamp.1033s0287, Caamp.0037s0576
OG0011507	Thhalv10009081m.g	Caamp.1033s0295, Caamp.0037s0583
OG0011508	Thhalv10006590m.g	Caamp.1033s0296
OG0011509	Thhalv10007061m.g	Caamp.1033s0299, Caamp.0037s0586
OG0011510	Thhalv10008844m.g	Caamp.0037s0593, Caamp.1033s0305
OG0011512	Thhalv10008634m.g	Caamp.0037s0595, Caamp.1033s0308
OG0011513	Thhalv10008392m.g	Caamp.1033s0310, Caamp.0037s0597
OG0011514	Thhalv10006742m.g	Caamp.0037s0598, Caamp.1033s0311
OG0011515	Thhalv10009687m.g	Caamp.1033s0314, Caamp.0037s0601
OG0011516	Thhalv10007585m.g	Caamp.0037s0607, Caamp.1033s0318
OG0011517	Thhalv10007220m.g	Caamp.0037s0620, Caamp.1033s0331
OG0011518	Thhalv10008699m.g	Caamp.1033s0346, Caamp.0037s0634
OG0011519	Thhalv10009240m.g	Caamp.1033s0353
OG0011520	Thhalv10009312m.g	Caamp.0037s0639, Caamp.1033s0354
OG0011521	Thhalv10009826m.g	Caamp.1033s0359, Caamp.0037s0644
OG0011522	Thhalv10007963m.g	Caamp.1033s0361, Caamp.0037s0647
OG0011523	Thhalv10009121m.g	Caamp.0037s0665, Caamp.1033s0384
OG0011524	Thhalv10008291m.g	Caamp.0037s0670, Caamp.1033s0390
OG0011525	Thhalv10008222m.g	Caamp.0037s0677, Caamp.1033s0398
OG0011526	Thhalv10006835m.g	Caamp.1033s0402
OG0011527	Thhalv10008591m.g	Caamp.1033s0410, Caamp.0070s0112
OG0011528	Thhalv10009048m.g	Caamp.0070s0113, Caamp.1033s0411
OG0011529	Thhalv10008828m.g	Caamp.1033s0412, Caamp.0070s0114
OG0011530	Thhalv10009274m.g, Thhalv10009276m.g	Caamp.1033s0417, Caamp.1033s0415
OG0011531	Thhalv10007553m.g	Caamp.1033s0416
OG0011532	Thhalv10008785m.g	Caamp.1033s0422
OG0011533	Thhalv10007681m.g	Caamp.1033s0433
OG0011534	Thhalv10007201m.g	Caamp.1033s0436
OG0011535	Thhalv10008280m.g	Caamp.1033s0443, Caamp.0070s0093
OG0011536	Thhalv10022028m.g	Caamp.0214s0328, Caamp.1033s0444, Caamp.0078s0638
OG0011537	Thhalv10007666m.g	Caamp.1033s0449, Caamp.0070s0088
OG0011538	Thhalv10008228m.g	Caamp.1033s0451, Caamp.0070s0086
OG0011539	Thhalv10009915m.g	Caamp.1033s0453, Caamp.0070s0084
OG0011540	Thhalv10006764m.g	Caamp.1033s0458, Caamp.0070s0080
OG0011541	Thhalv10007615m.g	Caamp.0070s0077, Caamp.1033s0462
OG0011542	Thhalv10006874m.g	Caamp.0070s0073, Caamp.1033s0466
OG0011543	Thhalv10007231m.g	Caamp.0070s0072, Caamp.1033s0467
OG0011544	Thhalv10007434m.g	Caamp.1033s0471, Caamp.0070s0068
OG0011545	Thhalv10009378m.g	Caamp.0070s0066, Caamp.1033s0473
OG0011546	Thhalv10009696m.g	Caamp.0070s0065, Caamp.1033s0474
OG0011547	Thhalv10007307m.g	Caamp.1033s0481, Caamp.0070s0059
OG0011548	Thhalv10008411m.g	Caamp.0070s0058, Caamp.1033s0482
OG0011549	Thhalv10007688m.g	Caamp.0070s0048, Caamp.1033s0492
OG0011550	Thhalv10009673m.g	Caamp.1033s0493, Caamp.0070s0047
OG0011551	Thhalv10008551m.g	Caamp.1033s0501, Caamp.0070s0041
OG0011552	Thhalv10009947m.g	Caamp.0070s0034, Caamp.1033s0510
OG0011553	Thhalv10009195m.g	Caamp.1033s0518, Caamp.0070s0028
OG0011554	Thhalv10008438m.g	Caamp.0070s0026, Caamp.1033s0520
OG0011555	Thhalv10007091m.g	Caamp.0070s0017, Caamp.1033s0530
OG0011556	Thhalv10009467m.g	Caamp.1033s0544, Caamp.0078s0612
OG0011557	Thhalv10009513m.g	Caamp.1033s0545, Caamp.0078s0611
OG0011558	Thhalv10009067m.g	Caamp.1033s0549, Caamp.0078s0609
OG0011560	Thhalv10007736m.g	Caamp.1033s0559, Caamp.0078s0598
OG0011561	Thhalv10008237m.g	Caamp.0078s0591, Caamp.1033s0563
OG0011562	Thhalv10007360m.g	Caamp.0078s0589, Caamp.1033s0566
OG0011563	Thhalv10008510m.g	Caamp.1033s0571, Caamp.0078s0585
OG0011564	Thhalv10008700m.g	Caamp.0078s0576, Caamp.1033s0580
OG0011565	Thhalv10006838m.g	Caamp.1033s0581, Caamp.0078s0575
OG0011566	Thhalv10009455m.g	Caamp.1033s0600
OG0011567	Thhalv10007234m.g	Caamp.1033s0606, Caamp.0007s0014
OG0011568	Thhalv10009499m.g	Caamp.1033s0607, Caamp.0007s0015
OG0011569	Thhalv10002347m.g	Caamp.0002s0172, Caamp.1033s0608, Caamp.0007s0016
OG0011570	Thhalv10009586m.g	Caamp.0007s0018, Caamp.1033s0612
OG0011571	Thhalv10009741m.g	Caamp.0007s0019, Caamp.1033s0613
OG0011572	Thhalv10009162m.g	Caamp.0007s0020, Caamp.1033s0614
OG0011573	Thhalv10008867m.g	Caamp.1033s0617, Caamp.0007s0023
OG0011574	Thhalv10009888m.g	Caamp.1033s0630, Caamp.0007s0033
OG0011575	Thhalv10007824m.g	Caamp.0007s0041, Caamp.1033s0641
OG0011576	Thhalv10007818m.g	Caamp.1033s0644, Caamp.0007s0044
OG0011577	Thhalv10009598m.g	Caamp.1033s0649, Caamp.0007s0049
OG0011578	Thhalv10007605m.g	Caamp.0007s0059, Caamp.1033s0660
OG0011579	Thhalv10006807m.g	Caamp.0007s0060, Caamp.1033s0661
OG0011580	Thhalv10007346m.g	Caamp.1033s0675, Caamp.0007s0065
OG0011581	Thhalv10009012m.g	Caamp.0007s0077, Caamp.1033s0685
OG0011582	Thhalv10022832m.g	Caamp.1033s0690, Caamp.0007s0083
OG0011583	Thhalv10006779m.g	Caamp.0007s0085, Caamp.1033s0691
OG0011584	Thhalv10006799m.g	Caamp.1033s0694
OG0011585	Thhalv10006701m.g	Caamp.1033s0695
OG0011586	Thhalv10009324m.g, Thhalv10007337m.g	Caamp.1033s0704, Caamp.0007s0096
OG0011587	Thhalv10009135m.g	Caamp.1033s0721, Caamp.0007s0109
OG0011588	Thhalv10016034m.g	Caamp.0097s0845, Caamp.0097s0844, Caamp.1033s0732
OG0011589	Thhalv10006741m.g	Caamp.0007s0140, Caamp.1033s0744
OG0011590	Thhalv10009264m.g	Caamp.0007s0151, Caamp.1033s0751
OG0011591	Thhalv10007222m.g	Caamp.1033s0757
OG0011592	Thhalv10008873m.g	Caamp.1033s0769
OG0011593	Thhalv10006871m.g	Caamp.0007s0172, Caamp.1033s0772
OG0011594	Thhalv10009206m.g	Caamp.1033s0781, Caamp.0007s0179
OG0011595	Thhalv10009580m.g	Caamp.1033s0782
OG0011596	Thhalv10008095m.g	Caamp.1033s0792, Caamp.0007s0184
OG0011597	Thhalv10007477m.g	Caamp.1033s0795
OG0011598	Thhalv10009222m.g	Caamp.0007s0189, Caamp.1033s0798
OG0011599	Thhalv10009399m.g	Caamp.1033s0802
OG0011599	Thhalv10010009m.g	Caamp.0007s0193
OG0011600	Thhalv10007571m.g, Thhalv10007559m.g, Thhalv10009366m.g, Thhalv10007570m.g	Caamp.1033s0804
OG0011601	Thhalv10008400m.g	Caamp.1033s0807, Caamp.0007s0196
OG0011603	Thhalv10009342m.g	Caamp.0007s0223, Caamp.1033s0834
OG0011604	Thhalv10009100m.g	Caamp.1033s0837
OG0011605	Thhalv10006886m.g	Caamp.0007s0230, Caamp.1033s0843
OG0011606	Thhalv10009466m.g	Caamp.0007s0238, Caamp.1033s0852
OG0011607	Thhalv10008641m.g	Caamp.1033s0853
OG0011608	Thhalv10006944m.g	Caamp.1033s0854
OG0011609	Thhalv10009848m.g	Caamp.0007s0242, Caamp.1033s0857
OG0011610	Thhalv10009407m.g	Caamp.1033s0858
OG0011611	Thhalv10007075m.g	Caamp.1033s0861, Caamp.0007s0246
OG0011612	Thhalv10009443m.g	Caamp.1033s0865
OG0011613	Thhalv10008345m.g	Caamp.1033s0868
OG0011614	Thhalv10009787m.g	Caamp.1033s0870, Caamp.0007s0254
OG0011615	Thhalv10007671m.g	Caamp.1033s0876, Caamp.0007s0263
OG0011616	Thhalv10009221m.g	Caamp.1033s0891, Caamp.0007s0273
OG0011617	Thhalv10007949m.g, Thhalv10016033m.g	Caamp.1033s0904
OG0011618	Thhalv10009208m.g	Caamp.1033s0906, Caamp.0007s0293
OG0011619	Thhalv10007003m.g	Caamp.0007s0295, Caamp.1033s0908
OG0011620	Thhalv10008295m.g	Caamp.0007s0308, Caamp.1033s0926
OG0011621	Thhalv10010002m.g	Caamp.0007s0316, Caamp.1033s0934
OG0011622	Thhalv10008214m.g	Caamp.1033s0940
OG0011623	Thhalv10007891m.g	Caamp.1033s0943
OG0011624	Thhalv10007233m.g	Caamp.0007s0352, Caamp.1033s0960
OG0011625	Thhalv10009525m.g	Caamp.1033s0975, Caamp.0007s0363
OG0011626	Thhalv10008072m.g	Caamp.1033s0983, Caamp.0007s0372
OG0011627	Thhalv10001858m.g	Caamp.0007s0390, Caamp.1033s0996
OG0011628	Thhalv10001837m.g	Caamp.1033s1005, Caamp.0007s0396
OG0011629	Thhalv10001870m.g	Caamp.0007s0398, Caamp.1033s1011
OG0011630	Thhalv10001823m.g	Caamp.0007s0399, Caamp.1033s1023
OG0011631	Thhalv10001819m.g	Caamp.0007s0401, Caamp.1033s1024
OG0011632	Thhalv10001873m.g	Caamp.1033s1063, Caamp.0008s0041
OG0011633	Thhalv10004887m.g	Caamp.0008s0054, Caamp.1033s1076, Caamp.0021s0002
OG0011634	Thhalv10004742m.g	Caamp.0033s0378, Caamp.1035s0013
OG0011635	Thhalv10004143m.g	Caamp.1035s0016, Caamp.0033s0374
OG0011636	Thhalv10003834m.g	Caamp.1035s0026, Caamp.0033s0364
OG0011637	Thhalv10005011m.g	Caamp.0033s0357, Caamp.1035s0034
OG0011638	Thhalv10004637m.g	Caamp.1035s0036, Caamp.0033s0355
OG0011639	Thhalv10004811m.g	Caamp.0033s0353, Caamp.1035s0038
OG0011640	Thhalv10003621m.g	Caamp.1035s0042, Caamp.0033s0348
OG0011641	Thhalv10004148m.g	Caamp.1035s0049, Caamp.0033s0343
OG0011642	Thhalv10005509m.g	Caamp.0033s0342, Caamp.1035s0050
OG0011643	Thhalv10005299m.g	Caamp.0033s0321, Caamp.1035s0068
OG0011644	Thhalv10004176m.g	Caamp.0033s0318, Caamp.1035s0074
OG0011645	Thhalv10003723m.g	Caamp.1039s0153, Caamp.0033s0314, Caamp.1035s0082
OG0011646	Thhalv10004732m.g	Caamp.0033s0311, Caamp.1035s0085
OG0011647	Thhalv10003865m.g	Caamp.0033s0304, Caamp.1035s0092
OG0011648	Thhalv10005529m.g	Caamp.0033s0301, Caamp.1035s0095
OG0011650	Thhalv10005325m.g	Caamp.0033s0299, Caamp.1035s0098
OG0011651	Thhalv10005077m.g	Caamp.1035s0100, Caamp.0033s0297
OG0011652	Thhalv10004644m.g	Caamp.0033s0292, Caamp.1035s0106
OG0011653	Thhalv10005568m.g	Caamp.1035s0107, Caamp.0033s0291
OG0011654	Thhalv10005471m.g	Caamp.0033s0290, Caamp.1035s0108
OG0011655	Thhalv10003703m.g	Caamp.1035s0115, Caamp.0033s0280
OG0011656	Thhalv10004256m.g	Caamp.0033s0279, Caamp.1035s0116
OG0011657	Thhalv10004756m.g	Caamp.0033s0275, Caamp.1035s0120
OG0011658	Thhalv10005362m.g	Caamp.1035s0132
OG0011659	Thhalv10004405m.g	Caamp.0033s0265, Caamp.1035s0133
OG0011660	Thhalv10005326m.g	Caamp.1035s0134, Caamp.0033s0264
OG0011661	Thhalv10004547m.g	Caamp.1035s0135, Caamp.0033s0263
OG0011662	Thhalv10003747m.g	Caamp.1035s0136, Caamp.0033s0262
OG0011663	Thhalv10004049m.g	Caamp.1035s0138, Caamp.0033s0260
OG0011664	Thhalv10003690m.g	Caamp.0033s0249, Caamp.1035s0151
OG0011665	Thhalv10005173m.g	Caamp.1035s0156
OG0011666	Thhalv10004519m.g	Caamp.1035s0165, Caamp.0033s0240
OG0011667	Thhalv10005395m.g	Caamp.1035s0175, Caamp.0033s0222, Caamp.0033s0233
OG0011668	Thhalv10004738m.g	Caamp.0033s0229, Caamp.1035s0182
OG0011669	Thhalv10003640m.g	Caamp.1035s0192, Caamp.0033s0221
OG0011670	Thhalv10005594m.g	Caamp.0033s0215, Caamp.1035s0198
OG0011671	Thhalv10004273m.g	Caamp.1035s0199, Caamp.0033s0214
OG0011672	Thhalv10004097m.g	Caamp.0033s0213, Caamp.1035s0200
OG0011673	Thhalv10004332m.g	Caamp.0033s0211, Caamp.1035s0202
OG0011674	Thhalv10004095m.g	Caamp.1035s0210, Caamp.0033s0201
OG0011675	Thhalv10005425m.g	Caamp.0033s0197, Caamp.1035s0213
OG0011676	Thhalv10003922m.g	Caamp.1035s0218
OG0011677	Thhalv10004470m.g	Caamp.0033s0187, Caamp.1035s0222
OG0011678	Thhalv10005697m.g	Caamp.0033s0184, Caamp.1035s0225
OG0011679	Thhalv10004709m.g	Caamp.0033s0183, Caamp.1035s0226
OG0011680	Thhalv10004872m.g	Caamp.0033s0180, Caamp.1035s0230
OG0011681	Thhalv10004403m.g	Caamp.0033s0179, Caamp.1035s0231
OG0011682	Thhalv10003654m.g	Caamp.0033s0167, Caamp.1035s0239
OG0011683	Thhalv10004337m.g	Caamp.1035s0240, Caamp.0033s0166
OG0011684	Thhalv10004421m.g	Caamp.1035s0243, Caamp.0033s0164
OG0011685	Thhalv10004312m.g	Caamp.1035s0244, Caamp.0033s0163
OG0011686	Thhalv10003565m.g	Caamp.0033s0161, Caamp.1035s0246
OG0011687	Thhalv10003727m.g	Caamp.1035s0249, Caamp.0033s0159
OG0011688	Thhalv10005134m.g	Caamp.1035s0252, Caamp.0033s0157
OG0011689	Thhalv10004899m.g	Caamp.1035s0254, Caamp.0033s0154
OG0011690	Thhalv10003705m.g	Caamp.1035s0261, Caamp.0033s0144
OG0011691	Thhalv10004786m.g	Caamp.0033s0142, Caamp.1035s0263
OG0011692	Thhalv10003672m.g	Caamp.0033s0130, Caamp.1035s0273
OG0011693	Thhalv10004142m.g	Caamp.0033s0128, Caamp.1035s0275
OG0011695	Thhalv10004858m.g	Caamp.0033s0113, Caamp.1035s0291
OG0011696	Thhalv10005605m.g	Caamp.1035s0302
OG0011697	Thhalv10004112m.g	Caamp.0033s0103, Caamp.1035s0303
OG0011698	Thhalv10005223m.g	Caamp.1035s0305, Caamp.0033s0101
OG0011699	Thhalv10004783m.g	Caamp.1035s0320
OG0011700	Thhalv10004444m.g	Caamp.1035s0322, Caamp.0033s0080
OG0011701	Thhalv10004952m.g	Caamp.1035s0324, Caamp.1035s0323
OG0011702	Thhalv10004944m.g	Caamp.0033s0078, Caamp.1035s0326
OG0011703	Thhalv10004507m.g	Caamp.0033s0076, Caamp.1035s0328
OG0011704	Thhalv10005662m.g	Caamp.1035s0329, Caamp.0033s0074
OG0011705	Thhalv10004568m.g	Caamp.0033s0071, Caamp.1035s0333
OG0011706	Thhalv10004703m.g	Caamp.0033s0064, Caamp.1035s0339
OG0011707	Thhalv10004696m.g	Caamp.1035s0341, Caamp.0033s0061
OG0011708	Thhalv10003739m.g	Caamp.0033s0046, Caamp.1035s0354
OG0011709	Thhalv10004734m.g	Caamp.0033s0042, Caamp.1035s0359
OG0011710	Thhalv10003887m.g	Caamp.1035s0361, Caamp.0033s0040
OG0011711	Thhalv10003944m.g	Caamp.0033s0039, Caamp.1035s0362
OG0011712	Thhalv10004664m.g	Caamp.1035s0372, Caamp.0033s0027
OG0011713	Thhalv10004655m.g	Caamp.1035s0374, Caamp.0033s0025
OG0011714	Thhalv10004861m.g	Caamp.1035s0386, Caamp.0033s0014
OG0011715	Thhalv10004390m.g	Caamp.1035s0391, Caamp.0033s0009
OG0011716	Thhalv10003732m.g	Caamp.1035s0396, Caamp.0033s0002
OG0011717	Thhalv10005485m.g	Caamp.1035s0398
OG0011718	Thhalv10005374m.g	Caamp.1035s0399, Caamp.0120s1018
OG0011719	Thhalv10004160m.g	Caamp.1035s0409, Caamp.0120s1008
OG0011720	Thhalv10003592m.g	Caamp.0120s1005, Caamp.1035s0412
OG0011721	Thhalv10005416m.g	Caamp.0120s0999, Caamp.1035s0418
OG0011722	Thhalv10005470m.g	Caamp.0120s0998, Caamp.1035s0419
OG0011723	Thhalv10004369m.g	Caamp.0120s0990, Caamp.1035s0427
OG0011724	Thhalv10003971m.g	Caamp.1035s0449, Caamp.0120s0972
OG0011725	Thhalv10003692m.g	Caamp.1035s0452, Caamp.0120s0970
OG0011726	Thhalv10004733m.g	Caamp.1035s0459, Caamp.0120s0965
OG0011727	Thhalv10004100m.g	Caamp.0120s0956, Caamp.1035s0469
OG0011728	Thhalv10004785m.g	Caamp.1035s0479, Caamp.0120s0948
OG0011729	Thhalv10004458m.g	Caamp.0120s0947, Caamp.1035s0480
OG0011730	Thhalv10005353m.g	Caamp.0013s0125, Caamp.1035s0481, Caamp.0120s0946
OG0011731	Thhalv10005013m.g	Caamp.1035s0484, Caamp.0120s0944
OG0011732	Thhalv10004672m.g	Caamp.0120s0940, Caamp.1035s0487
OG0011733	Thhalv10004206m.g	Caamp.1035s0500, Caamp.0120s0926
OG0011734	Thhalv10004006m.g	Caamp.0120s0922, Caamp.1035s0505
OG0011735	Thhalv10003526m.g	Caamp.1035s0508, Caamp.0120s0919
OG0011736	Thhalv10004638m.g	Caamp.1035s0514, Caamp.0120s0916
OG0011737	Thhalv10004579m.g	Caamp.1035s0516, Caamp.0120s0790
OG0011738	Thhalv10004182m.g	Caamp.0120s0799, Caamp.1035s0523
OG0011739	Thhalv10005048m.g	Caamp.1035s0524, Caamp.0120s0801
OG0011740	Thhalv10004019m.g	Caamp.1035s0528, Caamp.0120s0805
OG0011741	Thhalv10003701m.g	Caamp.0120s0811, Caamp.1035s0530
OG0011742	Thhalv10003896m.g	Caamp.1035s0531, Caamp.0120s0812
OG0011743	Thhalv10004425m.g	Caamp.0120s0813, Caamp.1035s0532
OG0011744	Thhalv10003837m.g	Caamp.1035s0538, Caamp.0120s0824
OG0011745	Thhalv10004528m.g	Caamp.0120s0827, Caamp.1035s0540
OG0011746	Thhalv10004068m.g	Caamp.0120s0828, Caamp.1035s0541
OG0011747	Thhalv10003655m.g	Caamp.0120s0831, Caamp.1035s0544
OG0011748	Thhalv10000145m.g	Caamp.1039s0244, Caamp.1035s0555
OG0011749	Thhalv10004341m.g	Caamp.1035s0577, Caamp.0120s0867
OG0011750	Thhalv10003713m.g	Caamp.0120s0868, Caamp.1035s0578
OG0011751	Thhalv10004817m.g	Caamp.1035s0584, Caamp.0120s0873
OG0011752	Thhalv10004171m.g	Caamp.1035s0595, Caamp.0120s0881
OG0011753	Thhalv10004796m.g	Caamp.0120s0883, Caamp.1035s0597
OG0011754	Thhalv10004353m.g	Caamp.1035s0603
OG0011755	Thhalv10004540m.g	Caamp.0120s0892, Caamp.1035s0605
OG0011756	Thhalv10003499m.g	Caamp.1035s0611
OG0011757	Thhalv10004373m.g	Caamp.0120s0901, Caamp.1035s0615
OG0011758	Thhalv10004782m.g	Caamp.0120s0905, Caamp.1035s0618
OG0011759	Thhalv10004975m.g	Caamp.1035s0625, Caamp.0120s0911
OG0011760	Thhalv10004213m.g	Caamp.0120s0914, Caamp.1035s0628
OG0011761	Thhalv10003876m.g	Caamp.1035s0631, Caamp.0120s0788
OG0011762	Thhalv10004495m.g	Caamp.0120s0782, Caamp.1035s0635
OG0011763	Thhalv10004515m.g	Caamp.0120s0780, Caamp.1035s0637
OG0011764	Thhalv10005694m.g	Caamp.1035s0641, Caamp.0120s0774
OG0011765	Thhalv10004269m.g	Caamp.1035s0642, Caamp.0120s0772
OG0011766	Thhalv10003880m.g	Caamp.0120s0756, Caamp.1035s0653
OG0011767	Thhalv10004821m.g	Caamp.1035s0654, Caamp.0120s0755
OG0011768	Thhalv10003995m.g	Caamp.0120s0754, Caamp.1035s0655
OG0011769	Thhalv10004061m.g	Caamp.0120s0742, Caamp.1035s0666
OG0011770	Thhalv10004978m.g	Caamp.1035s0669, Caamp.0120s0739
OG0011771	Thhalv10004898m.g	Caamp.1035s0676, Caamp.0120s0735
OG0011772	Thhalv10005131m.g	Caamp.1035s0682, Caamp.0120s0730
OG0011773	Thhalv10004426m.g	Caamp.1035s0685, Caamp.0120s0727
OG0011774	Thhalv10004121m.g	Caamp.0120s0722, Caamp.1035s0690
OG0011775	Thhalv10003665m.g, Thhalv10003659m.g	Caamp.1035s0694
OG0011776	Thhalv10005514m.g	Caamp.0120s0716, Caamp.1035s0695
OG0011777	Thhalv10003768m.g	Caamp.1035s0698, Caamp.0120s0712
OG0011778	Thhalv10004397m.g	Caamp.1035s0701
OG0011779	Thhalv10005310m.g	Caamp.1035s0703, Caamp.0120s0706
OG0011781	Thhalv10003915m.g	Caamp.1035s0716, Caamp.0120s0693
OG0011782	Thhalv10004692m.g	Caamp.0120s0692, Caamp.1035s0717
OG0011783	Thhalv10004493m.g	Caamp.0120s0687, Caamp.1035s0722
OG0011784	Thhalv10004002m.g	Caamp.0120s0686, Caamp.1035s0723
OG0011785	Thhalv10003904m.g	Caamp.1035s0724
OG0011786	Thhalv10003568m.g	Caamp.0120s0684, Caamp.1035s0725
OG0011787	Thhalv10003790m.g	Caamp.1035s0727, Caamp.0120s0682
OG0011788	Thhalv10004553m.g	Caamp.1035s0728, Caamp.0120s0681
OG0011789	Thhalv10005007m.g	Caamp.1035s0729, Caamp.0120s0680
OG0011790	Thhalv10005725m.g	Caamp.1035s0731, Caamp.0120s0677
OG0011791	Thhalv10004521m.g	Caamp.1035s0737
OG0011792	Thhalv10004371m.g	Caamp.1035s0739, Caamp.0120s0668
OG0011793	Thhalv10005575m.g	Caamp.0120s0661, Caamp.1035s0749
OG0011794	Thhalv10004558m.g	Caamp.1035s0756, Caamp.0120s0654
OG0011795	Thhalv10004981m.g	Caamp.1035s0760, Caamp.0120s0650
OG0011796	Thhalv10003980m.g	Caamp.0120s0649, Caamp.1035s0761
OG0011797	Thhalv10005170m.g	Caamp.1035s0769
OG0011798	Thhalv10004386m.g	Caamp.1035s0776, Caamp.0120s0634
OG0011799	Thhalv10003593m.g	Caamp.1035s0792
OG0011800	Thhalv10004305m.g	Caamp.0120s0608, Caamp.1035s0798
OG0011801	Thhalv10004414m.g	Caamp.0120s0599, Caamp.1035s0804
OG0011802	Thhalv10003812m.g	Caamp.0120s0598, Caamp.1035s0805
OG0011803	Thhalv10004490m.g, Thhalv10005385m.g	Caamp.0120s0587, Caamp.1035s0817
OG0011804	Thhalv10004288m.g	Caamp.0120s0586, Caamp.1035s0818
OG0011805	Thhalv10004554m.g	Caamp.0120s0576, Caamp.1035s0829
OG0011806	Thhalv10004542m.g	Caamp.0120s0573, Caamp.1035s0832
OG0011807	Thhalv10020613m.g	Caamp.1035s0834, Caamp.0303s0168
OG0011808	Thhalv10004396m.g	Caamp.0120s0567, Caamp.1035s0841
OG0011809	Thhalv10004360m.g	Caamp.0120s0564, Caamp.1035s0844
OG0011810	Thhalv10004533m.g	Caamp.0120s0554, Caamp.1035s0856
OG0011811	Thhalv10003562m.g	Caamp.0120s0551, Caamp.1035s0860
OG0011812	Thhalv10003818m.g	Caamp.0120s0544, Caamp.1035s0873
OG0011813	Thhalv10004982m.g	Caamp.0120s0534, Caamp.1035s0881
OG0011814	Thhalv10004283m.g	Caamp.1035s0883, Caamp.0120s0532
OG0011815	Thhalv10004720m.g	Caamp.1035s0884, Caamp.0120s0531
OG0011816	Thhalv10004237m.g	Caamp.1035s0888, Caamp.0120s0527
OG0011817	Thhalv10004974m.g	Caamp.1035s0889, Caamp.0120s0525
OG0011818	Thhalv10005135m.g	Caamp.0120s0496, Caamp.1035s0919
OG0011819	Thhalv10003778m.g	Caamp.1035s0941, Caamp.0120s0473
OG0011820	Thhalv10004959m.g	Caamp.1035s0950
OG0011821	Thhalv10004047m.g	Caamp.0120s0464, Caamp.1035s0951
OG0011822	Thhalv10003518m.g	Caamp.1035s0953, Caamp.0120s0462
OG0011823	Thhalv10004478m.g	Caamp.0120s0459, Caamp.1035s0955
OG0011825	Thhalv10005169m.g	Caamp.1035s0963
OG0011826	Thhalv10005585m.g	Caamp.1035s0973, Caamp.0120s0445
OG0011827	Thhalv10005202m.g	Caamp.0120s0443, Caamp.1035s0974
OG0011828	Thhalv10004656m.g	Caamp.1035s0975, Caamp.0120s0442
OG0011829	Thhalv10004618m.g	Caamp.0120s0441, Caamp.1035s0976
OG0011830	Thhalv10003813m.g	Caamp.0120s0437, Caamp.1035s0980
OG0011831	Thhalv10003630m.g	Caamp.0120s0428, Caamp.1035s0985
OG0011832	Thhalv10004021m.g	Caamp.0120s0429, Caamp.1035s0986
OG0011833	Thhalv10004673m.g	Caamp.1035s0990, Caamp.0120s0430
OG0011834	Thhalv10004460m.g	Caamp.1035s0997
OG0011835	Thhalv10004814m.g	Caamp.0120s0424, Caamp.1035s0998
OG0011836	Thhalv10005016m.g	Caamp.0120s0418, Caamp.1035s1004
OG0011837	Thhalv10005044m.g	Caamp.0120s0411, Caamp.1035s1012
OG0011838	Thhalv10004189m.g	Caamp.1035s1018, Caamp.0120s0404
OG0011839	Thhalv10003660m.g	Caamp.0120s0397, Caamp.1035s1025
OG0011840	Thhalv10003907m.g	Caamp.1035s1026, Caamp.0120s0396
OG0011841	Thhalv10004053m.g	Caamp.0120s0380, Caamp.1035s1042
OG0011842	Thhalv10004139m.g	Caamp.0120s0379, Caamp.1035s1044
OG0011843	Thhalv10003552m.g	Caamp.0120s0378, Caamp.1035s1045
OG0011844	Thhalv10004881m.g	Caamp.0120s0371, Caamp.1035s1051
OG0011845	Thhalv10005412m.g	Caamp.0120s0366, Caamp.1035s1055
OG0011846	Thhalv10004241m.g	Caamp.0120s0364, Caamp.1035s1057
OG0011847	Thhalv10004173m.g	Caamp.1035s1059
OG0011848	Thhalv10004416m.g	Caamp.0120s0354, Caamp.1035s1068
OG0011849	Thhalv10005611m.g	Caamp.0120s0352, Caamp.1035s1069
OG0011850	Thhalv10004826m.g	Caamp.0120s0340, Caamp.1035s1082
OG0011851	Thhalv10005153m.g	Caamp.0120s0335, Caamp.1035s1089
OG0011852	Thhalv10003771m.g	Caamp.1035s1096, Caamp.0120s0326
OG0011853	Thhalv10005647m.g	Caamp.1035s1099, Caamp.0120s0323
OG0011854	Thhalv10005494m.g	Caamp.1035s1100, Caamp.0120s0322
OG0011855	Thhalv10005014m.g	Caamp.1035s1108, Caamp.0120s0313
OG0011856	Thhalv10004603m.g	Caamp.1035s1112, Caamp.0120s0308
OG0011857	Thhalv10004549m.g	Caamp.0120s0306, Caamp.1035s1115
OG0011858	Thhalv10004355m.g	Caamp.0120s0305, Caamp.1035s1116
OG0011859	Thhalv10005146m.g	Caamp.0120s0303, Caamp.1035s1118
OG0011860	Thhalv10005724m.g	Caamp.0120s0296, Caamp.1035s1125
OG0011861	Thhalv10005292m.g	Caamp.1035s1133, Caamp.0120s0288
OG0011862	Thhalv10004712m.g	Caamp.0120s0286, Caamp.1035s1135
OG0011864	Thhalv10005165m.g	Caamp.0120s0255, Caamp.1035s1168
OG0011865	Thhalv10004896m.g	Caamp.0120s0248, Caamp.1035s1174
OG0011866	Thhalv10004882m.g	Caamp.1035s1176, Caamp.0120s0246
OG0011867	Thhalv10004449m.g	Caamp.1035s1179, Caamp.0120s0243
OG0011868	Thhalv10004977m.g	Caamp.0120s0242, Caamp.1035s1181
OG0011869	Thhalv10005387m.g	Caamp.1035s1185
OG0011870	Thhalv10004446m.g	Caamp.1035s1187, Caamp.0120s0234
OG0011871	Thhalv10003517m.g	Caamp.1035s1189, Caamp.0120s0232
OG0011872	Thhalv10003775m.g	Caamp.0120s0229, Caamp.1035s1191
OG0011873	Thhalv10004293m.g	Caamp.1035s1192, Caamp.0120s0227
OG0011874	Thhalv10004246m.g	Caamp.1035s1193, Caamp.0120s0226
OG0011875	Thhalv10004956m.g	Caamp.0120s0225, Caamp.1035s1195
OG0011876	Thhalv10004260m.g	Caamp.1035s1203, Caamp.0120s0217
OG0011877	Thhalv10003551m.g	Caamp.1035s1205, Caamp.0120s0215
OG0011878	Thhalv10003508m.g	Caamp.1035s1209
OG0011879	Thhalv10004412m.g	Caamp.0120s0207, Caamp.1035s1216
OG0011880	Thhalv10004728m.g	Caamp.0120s0200, Caamp.1035s1224
OG0011882	Thhalv10004158m.g	Caamp.1035s1245, Caamp.0120s0179
OG0011883	Thhalv10005161m.g	Caamp.0120s0160, Caamp.1035s1262
OG0011884	Thhalv10004992m.g	Caamp.0120s0156, Caamp.1035s1267
OG0011885	Thhalv10004391m.g	Caamp.1035s1272, Caamp.0120s0150
OG0011886	Thhalv10005021m.g	Caamp.1035s1274, Caamp.0120s0148
OG0011887	Thhalv10004751m.g	Caamp.0120s0138, Caamp.1035s1283
OG0011888	Thhalv10004350m.g	Caamp.0120s0128, Caamp.1035s1293
OG0011889	Thhalv10004768m.g	Caamp.0120s0121, Caamp.1035s1301
OG0011890	Thhalv10004401m.g	Caamp.1035s1302, Caamp.0120s0120
OG0011891	Thhalv10004929m.g	Caamp.1035s1303
OG0011892	Thhalv10004491m.g	Caamp.1035s1315, Caamp.0120s0110
OG0011893	Thhalv10003891m.g	Caamp.0120s0109, Caamp.1035s1316
OG0011894	Thhalv10004356m.g	Caamp.0120s0102, Caamp.1035s1323
OG0011895	Thhalv10004667m.g	Caamp.1035s1324, Caamp.0120s0101
OG0011897	Thhalv10005389m.g	Caamp.1035s1341
OG0011898	Thhalv10004665m.g	Caamp.0120s0079, Caamp.1035s1352
OG0011899	Thhalv10005512m.g	Caamp.1035s1361, Caamp.0120s0071
OG0011900	Thhalv10004759m.g	Caamp.0120s0068, Caamp.1035s1364
OG0011901	Thhalv10004489m.g	Caamp.1035s1365, Caamp.0120s0067
OG0011902	Thhalv10005195m.g	Caamp.0120s0066, Caamp.1035s1366
OG0011903	Thhalv10004526m.g	Caamp.0120s0064, Caamp.1035s1368
OG0011904	Thhalv10005164m.g	Caamp.0120s0063, Caamp.1035s1369
OG0011905	Thhalv10004077m.g	Caamp.0120s0061, Caamp.1035s1371
OG0011906	Thhalv10004824m.g	Caamp.0120s0053, Caamp.1035s1381
OG0011907	Thhalv10021462m.g	Caamp.1035s1384, Caamp.1039s0644
OG0011908	Thhalv10020706m.g	Caamp.1035s1391
OG0011909	Thhalv10020996m.g	Caamp.1035s1392, Caamp.1039s0636
OG0011910	Thhalv10011317m.g	Caamp.0037s0129, Caamp.1035s1397
OG0011911	Thhalv10021763m.g	Caamp.1035s1398, Caamp.1039s0632
OG0011912	Thhalv10007395m.g	Caamp.0188s1084, Caamp.1035s1400
OG0011913	Thhalv10009402m.g	Caamp.1035s1402, Caamp.0188s1082
OG0011914	Thhalv10009311m.g	Caamp.1035s1407, Caamp.0188s1076
OG0011915	Thhalv10007351m.g	Caamp.0188s1070, Caamp.1035s1413
OG0011916	Thhalv10007695m.g	Caamp.0188s1065, Caamp.1035s1416
OG0011917	Thhalv10007463m.g	Caamp.0188s1033, Caamp.1035s1432
OG0011918	Thhalv10008621m.g	Caamp.0188s1029, Caamp.1035s1436
OG0011919	Thhalv10008722m.g	Caamp.1035s1437, Caamp.0188s1028
OG0011920	Thhalv10008324m.g	Caamp.1035s1438, Caamp.0188s1024
OG0011921	Thhalv10006955m.g	Caamp.0188s1018, Caamp.1035s1445
OG0011922	Thhalv10006597m.g	Caamp.0188s1011, Caamp.1035s1452
OG0011923	Thhalv10007721m.g	Caamp.0188s1007, Caamp.1035s1456
OG0011924	Thhalv10008908m.g	Caamp.1035s1457, Caamp.0188s1003
OG0011925	Thhalv10008755m.g	Caamp.1035s1464, Caamp.0188s0998
OG0011926	Thhalv10009124m.g	Caamp.1035s1468, Caamp.0188s0994
OG0011927	Thhalv10008570m.g	Caamp.0188s0992, Caamp.1035s1471
OG0011928	Thhalv10007049m.g	Caamp.1035s1477, Caamp.0188s0986
OG0011929	Thhalv10008317m.g	Caamp.1035s1479, Caamp.0188s0984
OG0011930	Thhalv10008279m.g	Caamp.0188s0983, Caamp.1035s1480
OG0011931	Thhalv10008499m.g	Caamp.1035s1481, Caamp.0188s0981
OG0011932	Thhalv10009479m.g	Caamp.1035s1486, Caamp.0188s0975
OG0011933	Thhalv10007706m.g	Caamp.1035s1487, Caamp.0188s0974
OG0011934	Thhalv10008339m.g	Caamp.0107s0005, Caamp.1035s1497, Caamp.0188s0965
OG0011935	Thhalv10008549m.g	Caamp.0188s0964, Caamp.1035s1498
OG0011936	Thhalv10009692m.g	Caamp.0188s0954, Caamp.1035s1505
OG0011937	Thhalv10008200m.g	Caamp.0188s0953, Caamp.1035s1506
OG0011938	Thhalv10006805m.g	Caamp.0188s0952, Caamp.1035s1507
OG0011939	Thhalv10007833m.g	Caamp.0188s0947, Caamp.1035s1511
OG0011940	Thhalv10025637m.g	Caamp.1035s1518, Caamp.0095s0087
OG0011941	Thhalv10027022m.g	Caamp.1035s1524, Caamp.0095s0079
OG0011942	Thhalv10026021m.g	Caamp.1035s1525, Caamp.0095s0078
OG0011943	Thhalv10012865m.g	Caamp.1037s0370, Caamp.1036s0004
OG0011944	Thhalv10012330m.g	Caamp.0034s0069, Caamp.1036s0005, Caamp.0013s0091
OG0011945	Thhalv10012423m.g	Caamp.1037s0366, Caamp.1036s0009
OG0011946	Thhalv10013401m.g	Caamp.1037s0364, Caamp.1036s0011
OG0011947	Thhalv10013606m.g	Caamp.1036s0020, Caamp.1037s0356
OG0011948	Thhalv10015717m.g	Caamp.1037s0353, Caamp.1036s0022
OG0011949	Thhalv10014060m.g	Caamp.1037s0345, Caamp.1036s0030
OG0011950	Thhalv10013729m.g	Caamp.1037s0342, Caamp.1036s0034
OG0011951	Thhalv10013996m.g	Caamp.1036s0038
OG0011952	Thhalv10014046m.g	Caamp.1037s0334, Caamp.1036s0045
OG0011953	Thhalv10014257m.g	Caamp.1036s0047, Caamp.1037s0332
OG0011954	Thhalv10014873m.g	Caamp.1037s0330, Caamp.1036s0049
OG0011955	Thhalv10013530m.g	Caamp.1036s0067, Caamp.1037s0318
OG0011956	Thhalv10014907m.g	Caamp.1036s0076, Caamp.1037s0309
OG0011957	Thhalv10015580m.g	Caamp.1037s0308, Caamp.1036s0077
OG0011958	Thhalv10013634m.g	Caamp.1037s0302, Caamp.1036s0081
OG0011959	Thhalv10014120m.g	Caamp.1037s0298, Caamp.1036s0085
OG0011960	Thhalv10014137m.g	Caamp.1036s0089, Caamp.1037s0294
OG0011961	Thhalv10014195m.g	Caamp.1036s0090, Caamp.1037s0293
OG0011962	Thhalv10014961m.g	Caamp.1036s0094
OG0011963	Thhalv10012819m.g	Caamp.1037s0280, Caamp.1036s0102
OG0011964	Thhalv10013879m.g	Caamp.1037s0278, Caamp.1036s0104
OG0011965	Thhalv10014279m.g	Caamp.1036s0117, Caamp.1037s0267
OG0011966	Thhalv10013104m.g	Caamp.1036s0118, Caamp.1037s0266
OG0011967	Thhalv10014812m.g	Caamp.1036s0120, Caamp.1037s0264
OG0011968	Thhalv10014860m.g	Caamp.1037s0261, Caamp.1036s0122, Caamp.1037s0262
OG0011969	Thhalv10014026m.g	Caamp.1037s0254, Caamp.1036s0129
OG0011970	Thhalv10014934m.g	Caamp.1037s0253, Caamp.1036s0130
OG0011971	Thhalv10015946m.g	Caamp.1037s0249, Caamp.1036s0134
OG0011972	Thhalv10013641m.g	Caamp.1037s0245, Caamp.1036s0138
OG0011973	Thhalv10017419m.g	Caamp.1037s0241, Caamp.1036s0141
OG0011974	Thhalv10014449m.g	Caamp.1036s0145, Caamp.1037s0239
OG0011975	Thhalv10013472m.g	Caamp.1036s0147, Caamp.1037s0237
OG0011976	Thhalv10016053m.g	Caamp.1037s0231, Caamp.1036s0152
OG0011977	Thhalv10012670m.g	Caamp.1036s0159, Caamp.1037s0222
OG0011978	Thhalv10013428m.g	Caamp.1036s0164, Caamp.1037s0218
OG0011979	Thhalv10013656m.g	Caamp.1037s0217, Caamp.1036s0165
OG0011980	Thhalv10012684m.g	Caamp.1036s0168, Caamp.1037s0212
OG0011981	Thhalv10014130m.g	Caamp.1037s0210, Caamp.1036s0170
OG0011982	Thhalv10012846m.g	Caamp.1036s0174
OG0011983	Thhalv10014086m.g	Caamp.1037s0193, Caamp.1036s0187
OG0011984	Thhalv10012966m.g	Caamp.1036s0188, Caamp.1037s0192
OG0011985	Thhalv10012976m.g	Caamp.1036s0195, Caamp.1037s0187
OG0011986	Thhalv10013999m.g	Caamp.1037s0186, Caamp.1036s0196
OG0011987	Thhalv10012825m.g	Caamp.1037s0185, Caamp.1036s0197
OG0011988	Thhalv10013226m.g	Caamp.1041s1576, Caamp.1036s0205
OG0011989	Thhalv10014313m.g	Caamp.1041s1573, Caamp.1036s0207
OG0011990	Thhalv10016107m.g	Caamp.1036s0213, Caamp.1041s1565
OG0011991	Thhalv10012836m.g	Caamp.1041s1554, Caamp.1036s0223
OG0011992	Thhalv10013176m.g	Caamp.1036s0226, Caamp.1041s1551
OG0011993	Thhalv10012535m.g	Caamp.1036s0248, Caamp.1041s1530
OG0011994	Thhalv10014393m.g	Caamp.1041s1529, Caamp.1036s0249
OG0011995	Thhalv10013629m.g	Caamp.1041s1528, Caamp.1036s0250
OG0011996	Thhalv10013895m.g	Caamp.1041s1524, Caamp.1036s0255
OG0011997	Thhalv10013685m.g	Caamp.1036s0258, Caamp.1041s1521
OG0011998	Thhalv10014794m.g	Caamp.1041s1514, Caamp.1036s0266
OG0011999	Thhalv10013581m.g	Caamp.1041s1512, Caamp.1036s0268
OG0012000	Thhalv10013604m.g	Caamp.1041s1504, Caamp.1036s0276
OG0012001	Thhalv10013619m.g	Caamp.1036s0282, Caamp.1041s1497
OG0012002	Thhalv10012599m.g	Caamp.1036s0283, Caamp.1041s1496
OG0012003	Thhalv10014486m.g	Caamp.1036s0286, Caamp.1041s1492
OG0012004	Thhalv10002882m.g, Thhalv10015968m.g	Caamp.1041s1486, Caamp.1036s0292
OG0012006	Thhalv10019710m.g	Caamp.0303s0823, Caamp.1036s0327
OG0012007	Thhalv10019301m.g	Caamp.1036s0328, Caamp.0303s0824
OG0012008	Thhalv10019195m.g	Caamp.1036s0338, Caamp.0303s0839
OG0012009	Thhalv10018598m.g	Caamp.1036s0344, Caamp.0303s0845
OG0012010	Thhalv10018343m.g	Caamp.1036s0354, Caamp.0303s0854
OG0012011	Thhalv10018207m.g	Caamp.0303s0856, Caamp.1036s0357
OG0012012	Thhalv10019249m.g	Caamp.1036s0365
OG0012013	Thhalv10018613m.g	Caamp.0303s0889, Caamp.1036s0393
OG0012014	Thhalv10018424m.g	Caamp.0303s0895, Caamp.1036s0398
OG0012015	Thhalv10018717m.g	Caamp.1036s0402, Caamp.0303s0898
OG0012016	Thhalv10018164m.g	Caamp.0303s0899, Caamp.1036s0403
OG0012017	Thhalv10019602m.g	Caamp.0303s0901, Caamp.1036s0405, Caamp.0023s0390, Caamp.0094s0027
OG0012018	Thhalv10019031m.g	Caamp.1036s0422
OG0012019	Thhalv10018099m.g	Caamp.1036s0431
OG0012020	Thhalv10018677m.g	Caamp.1036s0432, Caamp.0303s0926
OG0012021	Thhalv10018221m.g	Caamp.1036s0450, Caamp.0303s0945
OG0012022	Thhalv10025826m.g	Caamp.1036s0452, Caamp.0095s0253, Caamp.0003s0741
OG0012023	Thhalv10018601m.g	Caamp.1036s0458, Caamp.0303s0950
OG0012024	Thhalv10018997m.g	Caamp.1036s0470, Caamp.0303s0957
OG0012025	Thhalv10018335m.g	Caamp.1036s0499, Caamp.0303s0983
OG0012026	Thhalv10018761m.g	Caamp.1036s0500, Caamp.0303s0984
OG0012027	Thhalv10018878m.g	Caamp.1036s0512, Caamp.0303s0995
OG0012028	Thhalv10019777m.g	Caamp.1036s0514, Caamp.0303s0997
OG0012029	Thhalv10019115m.g	Caamp.1036s0515, Caamp.0303s0998
OG0012030	Thhalv10018133m.g	Caamp.1036s0521, Caamp.0303s1004
OG0012031	Thhalv10017999m.g	Caamp.0303s1013, Caamp.1036s0530
OG0012032	Thhalv10018830m.g	Caamp.0303s1025, Caamp.1036s0535
OG0012033	Thhalv10018496m.g	Caamp.1036s0538, Caamp.0303s1029
OG0012034	Thhalv10019379m.g	Caamp.1036s0544, Caamp.0303s0648
OG0012035	Thhalv10027750m.g	Caamp.1041s0021, Caamp.0059s0120, Caamp.1036s0564
OG0012036	Thhalv10011769m.g	Caamp.1036s0574
OG0012037	Thhalv10001931m.g	Caamp.1036s0576, Caamp.0097s0818
OG0012038	Thhalv10028111m.g	Caamp.1036s0585, Caamp.0097s0831
OG0012039	Thhalv10028240m.g, Thhalv10028002m.g	Caamp.1036s0593
OG0012041	Thhalv10027781m.g	Caamp.1036s0599, Caamp.0097s0843
OG0012042	Thhalv10028036m.g	Caamp.1036s0600
OG0012043	Thhalv10027788m.g	Caamp.1036s0602
OG0012044	Thhalv10028687m.g	Caamp.1037s0008
OG0012045	Thhalv10028898m.g	Caamp.1037s0015, Caamp.1040s0020
OG0012046	Thhalv10028931m.g	Caamp.1037s0018, Caamp.1040s0022
OG0012047	Thhalv10028822m.g	Caamp.1037s0021, Caamp.1040s0025
OG0012048	Thhalv10028937m.g	Caamp.1040s0027, Caamp.1037s0023
OG0012049	Thhalv10002944m.g, Thhalv10028716m.g	Caamp.1037s0024, Caamp.1040s0028
OG0012050	Thhalv10028840m.g	Caamp.1040s0035, Caamp.1037s0030
OG0012051	Thhalv10028429m.g	Caamp.1040s0037, Caamp.1037s0031
OG0012052	Thhalv10028551m.g	Caamp.1037s0036, Caamp.1040s0041
OG0012053	Thhalv10028418m.g	Caamp.1037s0037, Caamp.1040s0044
OG0012054	Thhalv10029523m.g	Caamp.1037s0041, Caamp.1040s0048
OG0012055	Thhalv10028512m.g	Caamp.1040s0065, Caamp.1037s0055
OG0012056	Thhalv10028647m.g	Caamp.1037s0056, Caamp.1040s0066
OG0012057	Thhalv10028752m.g	Caamp.1037s0057, Caamp.1040s0067
OG0012058	Thhalv10028885m.g	Caamp.1037s0063, Caamp.1040s0075
OG0012059	Thhalv10028843m.g	Caamp.1040s0079, Caamp.1037s0067
OG0012060	Thhalv10028761m.g	Caamp.1037s0077, Caamp.1040s0088
OG0012061	Thhalv10028675m.g	Caamp.1040s0093, Caamp.1037s0081
OG0012062	Thhalv10028649m.g	Caamp.1040s0096, Caamp.1037s0084
OG0012063	Thhalv10028866m.g	Caamp.1037s0092, Caamp.1040s0106
OG0012064	Thhalv10028612m.g	Caamp.1040s0108, Caamp.1037s0094
OG0012065	Thhalv10000422m.g, Thhalv10028990m.g	Caamp.1037s0097, Caamp.1040s0111
OG0012066	Thhalv10028952m.g	Caamp.1040s0115, Caamp.1037s0101
OG0012067	Thhalv10028602m.g	Caamp.1040s0117, Caamp.1037s0103
OG0012068	Thhalv10028815m.g	Caamp.1040s0126, Caamp.1037s0114
OG0012069	Thhalv10028437m.g	Caamp.1040s0131, Caamp.1037s0123
OG0012070	Thhalv10029452m.g	Caamp.1040s0132, Caamp.1037s0124
OG0012071	Thhalv10028918m.g	Caamp.1037s0130
OG0012072	Thhalv10028590m.g	Caamp.1037s0136, Caamp.0064s0496, Caamp.1040s0143
OG0012073	Thhalv10028421m.g	Caamp.1040s0147, Caamp.1037s0139
OG0012074	Thhalv10028706m.g	Caamp.1037s0140, Caamp.1040s0149
OG0012075	Thhalv10028644m.g, Thhalv10028645m.g	Caamp.1037s0143
OG0012076	Thhalv10028983m.g	Caamp.1037s0147, Caamp.1040s0156
OG0012077	Thhalv10028874m.g	Caamp.1037s0148, Caamp.1040s0160
OG0012078	Thhalv10028897m.g	Caamp.1040s0165, Caamp.1037s0153
OG0012079	Thhalv10028470m.g	Caamp.1037s0154, Caamp.1040s0166
OG0012080	Thhalv10028423m.g	Caamp.1037s0155, Caamp.1040s0167
OG0012081	Thhalv10028471m.g	Caamp.1040s0171, Caamp.1037s0159
OG0012082	Thhalv10028364m.g	Caamp.1037s0160, Caamp.1040s0172
OG0012083	Thhalv10028896m.g	Caamp.1037s0166, Caamp.1040s0177
OG0012085	Thhalv10015164m.g, Thhalv10015162m.g	Caamp.1037s0283
OG0012086	Thhalv10012439m.g	Caamp.1037s0314, Caamp.0064s0698
OG0012087	Thhalv10013215m.g	Caamp.1037s0380, Caamp.0105s0788
OG0012088	Thhalv10013987m.g	Caamp.0105s0809, Caamp.1037s0395
OG0012089	Thhalv10014002m.g	Caamp.1037s0396, Caamp.0105s0810
OG0012090	Thhalv10015859m.g	Caamp.1037s0406, Caamp.0105s0821
OG0012091	Thhalv10013904m.g	Caamp.1037s0407, Caamp.0105s0822
OG0012092	Thhalv10014319m.g	Caamp.1037s0409, Caamp.0105s0824
OG0012093	Thhalv10012831m.g	Caamp.1037s0416, Caamp.0105s0831
OG0012094	Thhalv10013830m.g	Caamp.1037s0418, Caamp.0105s0833
OG0012095	Thhalv10013731m.g	Caamp.1037s0430, Caamp.0105s0845
OG0012096	Thhalv10014687m.g	Caamp.0105s0846, Caamp.1037s0433
OG0012097	Thhalv10013175m.g	Caamp.0105s0847, Caamp.1037s0434
OG0012098	Thhalv10014227m.g	Caamp.1037s0439, Caamp.0105s0852
OG0012099	Thhalv10014461m.g	Caamp.1037s0445, Caamp.0105s0857
OG0012100	Thhalv10014099m.g	Caamp.1037s0446, Caamp.0105s0859
OG0012101	Thhalv10014922m.g	Caamp.1037s0463, Caamp.0105s0874
OG0012102	Thhalv10012949m.g	Caamp.1037s0464
OG0012103	Thhalv10015317m.g	Caamp.1037s0468, Caamp.0105s0881
OG0012104	Thhalv10014089m.g	Caamp.0105s0884, Caamp.1037s0471
OG0012105	Thhalv10015244m.g	Caamp.0105s0887, Caamp.1037s0474
OG0012106	Thhalv10013810m.g	Caamp.1037s0475, Caamp.0105s0888
OG0012107	Thhalv10012881m.g	Caamp.0105s0889, Caamp.1037s0476
OG0012108	Thhalv10014288m.g	Caamp.1037s0477, Caamp.0105s0890
OG0012109	Thhalv10015697m.g	Caamp.1037s0485
OG0012110	Thhalv10015929m.g	Caamp.0052s0652, Caamp.1037s0488
OG0012111	Thhalv10014080m.g	Caamp.0052s0646, Caamp.1037s0494
OG0012112	Thhalv10014735m.g	Caamp.1037s0496, Caamp.0052s0644
OG0012113	Thhalv10013007m.g	Caamp.1037s0498, Caamp.0052s0643
OG0012114	Thhalv10014278m.g	Caamp.0052s0642, Caamp.1037s0499
OG0012115	Thhalv10013545m.g	Caamp.1037s0501, Caamp.0052s0640
OG0012116	Thhalv10014075m.g	Caamp.1037s0502, Caamp.0052s0639
OG0012117	Thhalv10013905m.g, Thhalv10013658m.g	Caamp.1037s0503, Caamp.0052s0638
OG0012118	Thhalv10013462m.g	Caamp.0052s0632, Caamp.1037s0509
OG0012119	Thhalv10014480m.g	Caamp.0052s0629, Caamp.1037s0512
OG0012120	Thhalv10014275m.g	Caamp.1037s0525, Caamp.0052s0616
OG0012121	Thhalv10012771m.g	Caamp.0052s0615, Caamp.1037s0526
OG0012122	Thhalv10013250m.g	Caamp.1037s0540, Caamp.0052s0599
OG0012123	Thhalv10015316m.g	Caamp.1037s0544
OG0012124	Thhalv10014469m.g	Caamp.1037s0548, Caamp.0052s0590
OG0012125	Thhalv10014003m.g	Caamp.1037s0555, Caamp.0052s0585
OG0012126	Thhalv10015893m.g	Caamp.1037s0565, Caamp.0052s0577
OG0012127	Thhalv10014483m.g	Caamp.0052s0575, Caamp.1037s0567
OG0012128	Thhalv10012695m.g	Caamp.0052s0574, Caamp.1037s0568
OG0012129	Thhalv10014618m.g	Caamp.1037s0571, Caamp.0052s0571
OG0012130	Thhalv10014872m.g	Caamp.1037s0573, Caamp.0052s0569
OG0012131	Thhalv10013149m.g	Caamp.0052s0563, Caamp.1037s0578
OG0012132	Thhalv10014811m.g	Caamp.1037s0580, Caamp.0052s0561
OG0012133	Thhalv10014170m.g	Caamp.1037s0583, Caamp.0052s0558
OG0012134	Thhalv10012855m.g	Caamp.0052s0555, Caamp.1037s0585
OG0012135	Thhalv10012894m.g	Caamp.1037s0593
OG0012136	Thhalv10016076m.g	Caamp.1037s0595, Caamp.0052s0547
OG0012137	Thhalv10013166m.g	Caamp.1037s0601, Caamp.1040s0249
OG0012138	Thhalv10013965m.g	Caamp.1040s0251, Caamp.1037s0603
OG0012139	Thhalv10014317m.g	Caamp.1040s0254, Caamp.1037s0606
OG0012140	Thhalv10014636m.g	Caamp.1037s0610, Caamp.1040s0258
OG0012141	Thhalv10015473m.g	Caamp.1040s0260, Caamp.1037s0612
OG0012142	Thhalv10014336m.g	Caamp.1037s0614, Caamp.1040s0262
OG0012143	Thhalv10014154m.g	Caamp.1040s0265, Caamp.1037s0617
OG0012144	Thhalv10015361m.g, Thhalv10013575m.g	Caamp.1037s0635
OG0012145	Thhalv10012892m.g	Caamp.1037s0641, Caamp.1040s0288
OG0012146	Thhalv10013903m.g	Caamp.1040s0291, Caamp.1037s0644
OG0012147	Thhalv10013403m.g	Caamp.1037s0646, Caamp.1040s0293
OG0012148	Thhalv10013630m.g	Caamp.1040s0297, Caamp.1037s0650
OG0012149	Thhalv10013355m.g	Caamp.1037s0660, Caamp.1040s0309
OG0012150	Thhalv10013362m.g	Caamp.1037s0664, Caamp.1040s0314
OG0012151	Thhalv10014266m.g	Caamp.1037s0669, Caamp.1040s0317
OG0012152	Thhalv10002518m.g	Caamp.1037s0670
OG0012152	Thhalv10015662m.g	Caamp.1040s0318
OG0012153	Thhalv10013586m.g	Caamp.1037s0675, Caamp.1040s0324
OG0012154	Thhalv10015435m.g	Caamp.1037s0677
OG0012154	Thhalv10015900m.g	Caamp.1040s0326, Caamp.1040s0325
OG0012155	Thhalv10013483m.g	Caamp.1040s0330, Caamp.1037s0680
OG0012156	Thhalv10013197m.g	Caamp.1040s0331, Caamp.1037s0681
OG0012157	Thhalv10013365m.g	Caamp.1040s0332, Caamp.1037s0682
OG0012158	Thhalv10001967m.g, Thhalv10002179m.g	Caamp.1037s0683
OG0012159	Thhalv10015213m.g	Caamp.1040s0334, Caamp.1037s0685
OG0012160	Thhalv10013882m.g	Caamp.1037s0687, Caamp.1040s0336
OG0012161	Thhalv10014580m.g	Caamp.1040s0343, Caamp.1037s0694
OG0012162	Thhalv10012777m.g	Caamp.1040s0349, Caamp.1037s0703
OG0012163	Thhalv10012852m.g	Caamp.1037s0707, Caamp.1040s0352
OG0012165	Thhalv10015882m.g	Caamp.1037s0711, Caamp.1040s0357
OG0012166	Thhalv10013040m.g	Caamp.1040s0362, Caamp.1037s0715
OG0012167	Thhalv10012774m.g	Caamp.1040s0366, Caamp.1037s0718
OG0012168	Thhalv10013381m.g	Caamp.1040s0367, Caamp.1037s0720
OG0012169	Thhalv10013538m.g	Caamp.1040s0371, Caamp.1037s0724
OG0012170	Thhalv10015587m.g	Caamp.1037s0725, Caamp.1040s0372
OG0012171	Thhalv10010946m.g, Thhalv10015315m.g	Caamp.1040s0384, Caamp.1037s0739
OG0012172	Thhalv10014428m.g	Caamp.1037s0749, Caamp.1040s0392
OG0012173	Thhalv10014584m.g	Caamp.1040s0393, Caamp.1037s0750
OG0012175	Thhalv10014534m.g	Caamp.1037s0768, Caamp.1040s0409
OG0012176	Thhalv10013947m.g	Caamp.1040s0412, Caamp.1037s0771
OG0012178	Thhalv10015943m.g	Caamp.1037s0785, Caamp.1040s0426
OG0012179	Thhalv10014093m.g	Caamp.1037s0787, Caamp.1037s0786, Caamp.1040s0427
OG0012180	Thhalv10014524m.g	Caamp.1040s0429, Caamp.1037s0789
OG0012181	Thhalv10014545m.g	Caamp.1037s0792, Caamp.1040s0432
OG0012182	Thhalv10014282m.g	Caamp.1040s0448, Caamp.1037s0809
OG0012183	Thhalv10014321m.g	Caamp.1040s0455, Caamp.1037s0816
OG0012184	Thhalv10013147m.g	Caamp.1040s0463, Caamp.1037s0826
OG0012185	Thhalv10014530m.g	Caamp.1037s0827, Caamp.1040s0464
OG0012186	Thhalv10015381m.g	Caamp.1037s0838, Caamp.1040s0496, Caamp.0005s0196, Caamp.0097s0263
OG0012187	Thhalv10015122m.g	Caamp.1040s0486, Caamp.1037s0848
OG0012188	Thhalv10014998m.g	Caamp.1037s0852, Caamp.1040s0480
OG0012189	Thhalv10014238m.g	Caamp.1040s0478, Caamp.1037s0854
OG0012190	Thhalv10014206m.g	Caamp.1040s0504, Caamp.1037s0859
OG0012191	Thhalv10014600m.g	Caamp.1040s0500, Caamp.1037s0861
OG0012192	Thhalv10014270m.g	Caamp.1040s0511, Caamp.1037s0869
OG0012193	Thhalv10015500m.g	Caamp.1037s0870, Caamp.1040s0512
OG0012194	Thhalv10012537m.g	Caamp.1037s0871, Caamp.1040s0513
OG0012195	Thhalv10015099m.g	Caamp.1037s0873
OG0012196	Thhalv10013126m.g	Caamp.1037s0884, Caamp.1040s0520
OG0012197	Thhalv10013061m.g	Caamp.1040s0527, Caamp.1037s0891
OG0012198	Thhalv10015190m.g	Caamp.1040s0530, Caamp.1037s0895
OG0012199	Thhalv10015324m.g	Caamp.1037s0897, Caamp.1040s0532
OG0012200	Thhalv10015679m.g	Caamp.1040s0537, Caamp.1037s0901
OG0012201	Thhalv10013281m.g	Caamp.1040s0543, Caamp.1037s0907
OG0012202	Thhalv10013017m.g	Caamp.1037s0909, Caamp.1040s0545
OG0012203	Thhalv10014107m.g	Caamp.1037s0912, Caamp.1040s0548
OG0012205	Thhalv10015157m.g	Caamp.1040s0559, Caamp.1037s0926
OG0012206	Thhalv10014213m.g	Caamp.1040s0561, Caamp.1037s0928
OG0012207	Thhalv10013531m.g, Thhalv10022421m.g	Caamp.1037s0930
OG0012208	Thhalv10013555m.g	Caamp.1037s0931, Caamp.1040s0564
OG0012209	Thhalv10012925m.g	Caamp.1040s0568, Caamp.1037s0934
OG0012210	Thhalv10027786m.g, Thhalv10013708m.g	Caamp.1037s0935, Caamp.1040s0569
OG0012211	Thhalv10014691m.g	Caamp.1037s0937, Caamp.1040s0571
OG0012212	Thhalv10014671m.g	Caamp.1040s0572, Caamp.1037s0938
OG0012213	Thhalv10014808m.g	Caamp.1040s0573, Caamp.1037s0939
OG0012214	Thhalv10013638m.g	Caamp.1040s0574, Caamp.1037s0940
OG0012215	Thhalv10014126m.g	Caamp.1040s0575, Caamp.1037s0941
OG0012216	Thhalv10014084m.g	Caamp.1040s0577, Caamp.1037s0943
OG0012217	Thhalv10012942m.g	Caamp.1037s0949, Caamp.1040s0584
OG0012218	Thhalv10014732m.g	Caamp.1040s0585, Caamp.1037s0950
OG0012219	Thhalv10013961m.g	Caamp.1040s0593, Caamp.1037s0958
OG0012220	Thhalv10015049m.g	Caamp.1040s0595, Caamp.1037s0960
OG0012221	Thhalv10013006m.g	Caamp.1040s0597, Caamp.1037s0962
OG0012222	Thhalv10013543m.g	Caamp.1037s0968, Caamp.1040s0603
OG0012223	Thhalv10014665m.g	Caamp.1040s0605, Caamp.1037s0970
OG0012224	Thhalv10014217m.g	Caamp.1040s0606, Caamp.1037s0971
OG0012225	Thhalv10015603m.g	Caamp.1040s0608, Caamp.1037s0973
OG0012226	Thhalv10015128m.g	Caamp.1040s0610, Caamp.1037s0975
OG0012227	Thhalv10013797m.g	Caamp.1037s0976
OG0012228	Thhalv10015060m.g	Caamp.1040s0617, Caamp.1037s0982
OG0012229	Thhalv10016008m.g	Caamp.1037s0991, Caamp.1040s0626
OG0012230	Thhalv10013406m.g	Caamp.1040s0629, Caamp.1037s0994
OG0012231	Thhalv10014709m.g	Caamp.1040s0631, Caamp.1037s0997
OG0012232	Thhalv10014129m.g	Caamp.1040s0641, Caamp.1037s1008
OG0012233	Thhalv10014766m.g	Caamp.1037s1024, Caamp.1040s0654
OG0012234	Thhalv10014893m.g	Caamp.1037s1033, Caamp.1040s0665
OG0012235	Thhalv10014506m.g	Caamp.1040s0673, Caamp.1037s1041
OG0012236	Thhalv10012929m.g	Caamp.1037s1050, Caamp.1040s0681
OG0012238	Thhalv10014727m.g	Caamp.1037s1055, Caamp.1040s0687
OG0012239	Thhalv10014757m.g	Caamp.1040s0695, Caamp.1037s1062
OG0012240	Thhalv10015718m.g, Thhalv10016041m.g, Thhalv10014562m.g	Caamp.1037s1063, Caamp.1037s1064
OG0012241	Thhalv10012834m.g	Caamp.1037s1070, Caamp.1040s0701
OG0012242	Thhalv10013398m.g	Caamp.1040s0707, Caamp.1037s1075
OG0012243	Thhalv10014006m.g	Caamp.1040s0713, Caamp.1037s1080
OG0012244	Thhalv10014536m.g	Caamp.1037s1090, Caamp.1040s0724
OG0012245	Thhalv10015701m.g	Caamp.1037s1102, Caamp.1040s0736
OG0012246	Thhalv10014463m.g	Caamp.1040s0749, Caamp.1037s1115
OG0012247	Thhalv10013757m.g	Caamp.1037s1116, Caamp.1040s0751
OG0012248	Thhalv10014864m.g	Caamp.1040s0755, Caamp.1037s1120
OG0012249	Thhalv10015446m.g	Caamp.1040s0761, Caamp.1037s1126
OG0012250	Thhalv10013497m.g	Caamp.1040s0772, Caamp.1037s1136
OG0012251	Thhalv10015852m.g	Caamp.1037s1141, Caamp.1040s0779
OG0012252	Thhalv10012511m.g	Caamp.1037s1144, Caamp.1040s0781
OG0012253	Thhalv10013740m.g	Caamp.1037s1151, Caamp.1040s0787
OG0012254	Thhalv10015421m.g	Caamp.1037s1162, Caamp.1040s0800
OG0012255	Thhalv10013461m.g	Caamp.1040s0802, Caamp.1037s1164
OG0012257	Thhalv10013639m.g	Caamp.1037s1166, Caamp.1040s0805
OG0012258	Thhalv10014809m.g	Caamp.1040s0895, Caamp.1037s1193
OG0012259	Thhalv10013383m.g	Caamp.1040s0893, Caamp.1037s1195
OG0012260	Thhalv10013739m.g	Caamp.1037s1198, Caamp.1040s0891
OG0012261	Thhalv10013970m.g	Caamp.1040s0890, Caamp.1037s1199
OG0012262	Thhalv10020441m.g, Thhalv10024044m.g	Caamp.1037s1200
OG0012263	Thhalv10014758m.g	Caamp.1037s1206, Caamp.1040s0883
OG0012265	Thhalv10013463m.g	Caamp.1037s1219, Caamp.1040s0869
OG0012266	Thhalv10015250m.g	Caamp.1037s1220, Caamp.1040s0868
OG0012267	Thhalv10015072m.g	Caamp.1037s1221, Caamp.1040s0867
OG0012268	Thhalv10014177m.g	Caamp.1037s1226, Caamp.1040s0862
OG0012269	Thhalv10014813m.g	Caamp.1037s1227, Caamp.1040s0861
OG0012270	Thhalv10013195m.g	Caamp.1037s1228, Caamp.1040s0860
OG0012271	Thhalv10015669m.g	Caamp.1040s0857, Caamp.1037s1231
OG0012272	Thhalv10012452m.g	Caamp.1037s1237
OG0012274	Thhalv10014723m.g	Caamp.1037s1260, Caamp.1040s0920
OG0012275	Thhalv10014255m.g	Caamp.1037s1264, Caamp.1040s0925
OG0012276	Thhalv10014573m.g	Caamp.1040s0933, Caamp.1037s1270
OG0012278	Thhalv10013940m.g	Caamp.1037s1280, Caamp.1040s0949
OG0012279	Thhalv10013278m.g	Caamp.1040s0962, Caamp.1037s1295
OG0012280	Thhalv10012724m.g	Caamp.1037s1309, Caamp.1040s0977
OG0012281	Thhalv10013691m.g	Caamp.1040s0978, Caamp.1037s1310
OG0012282	Thhalv10013863m.g	Caamp.1037s1318, Caamp.1040s0986
OG0012283	Thhalv10013922m.g	Caamp.1037s1336, Caamp.1040s1003
OG0012284	Thhalv10013694m.g	Caamp.1037s1339, Caamp.1040s1006
OG0012285	Thhalv10013153m.g	Caamp.1040s1023, Caamp.1037s1356
OG0012286	Thhalv10015155m.g	Caamp.1037s1368, Caamp.1040s1029
OG0012287	Thhalv10014004m.g	Caamp.1040s1031, Caamp.1037s1370
OG0012288	Thhalv10014692m.g	Caamp.1037s1387
OG0012289	Thhalv10014777m.g	Caamp.1037s1398, Caamp.1040s1061
OG0012290	Thhalv10013815m.g	Caamp.1037s1403, Caamp.1040s1067
OG0012291	Thhalv10015321m.g	Caamp.1037s1411, Caamp.1040s1076
OG0012292	Thhalv10012800m.g	Caamp.1040s1078, Caamp.1037s1413
OG0012293	Thhalv10012578m.g	Caamp.1037s1414
OG0012294	Thhalv10012590m.g	Caamp.1037s1421, Caamp.1040s1084
OG0012295	Thhalv10013346m.g	Caamp.1037s1436, Caamp.1040s1098
OG0012296	Thhalv10014754m.g	Caamp.1037s1444, Caamp.1040s1108
OG0012297	Thhalv10014379m.g	Caamp.1037s1462, Caamp.1040s1130
OG0012298	Thhalv10015742m.g	Caamp.1040s1147, Caamp.1037s1481
OG0012299	Thhalv10014030m.g	Caamp.1040s1156, Caamp.1037s1492
OG0012300	Thhalv10015455m.g	Caamp.1037s1493, Caamp.1040s1157
OG0012301	Thhalv10014117m.g	Caamp.1040s1171, Caamp.1037s1508
OG0012302	Thhalv10015297m.g	Caamp.1037s1521, Caamp.1040s1182
OG0012303	Thhalv10013322m.g	Caamp.1040s1186, Caamp.1037s1528
OG0012304	Thhalv10014645m.g	Caamp.1040s1207, Caamp.1037s1547
OG0012305	Thhalv10014057m.g	Caamp.1037s1559, Caamp.1040s1219
OG0012306	Thhalv10014098m.g	Caamp.1037s1563, Caamp.1040s1225
OG0012307	Thhalv10013761m.g	Caamp.1037s1578, Caamp.1040s1239
OG0012309	Thhalv10014192m.g	Caamp.1037s1585, Caamp.1040s1249
OG0012310	Thhalv10013209m.g	Caamp.1040s1261, Caamp.1037s1596
OG0012311	Thhalv10013482m.g	Caamp.1037s1599, Caamp.1040s1264
OG0012312	Thhalv10013533m.g	Caamp.1037s1604, Caamp.1040s1268
OG0012313	Thhalv10014294m.g	Caamp.1040s1274, Caamp.1037s1609
OG0012314	Thhalv10015879m.g	Caamp.1037s1630, Caamp.1040s1291
OG0012315	Thhalv10012907m.g	Caamp.1037s1653, Caamp.1040s1329
OG0012316	Thhalv10013416m.g	Caamp.1037s1657, Caamp.1040s1324
OG0012317	Thhalv10013055m.g	Caamp.1037s1662, Caamp.1040s1320
OG0012318	Thhalv10014311m.g	Caamp.1037s1674, Caamp.1040s1334
OG0012319	Thhalv10013321m.g	Caamp.1037s1677, Caamp.1040s1335
OG0012320	Thhalv10014669m.g	Caamp.1037s1684
OG0012321	Thhalv10013975m.g	Caamp.1037s1686, Caamp.1040s1343
OG0012322	Thhalv10012548m.g	Caamp.1040s1346, Caamp.1037s1694
OG0012323	Thhalv10014373m.g	Caamp.1037s1700
OG0012324	Thhalv10014644m.g	Caamp.1037s1701, Caamp.1037s1718
OG0012325	Thhalv10014579m.g	Caamp.1037s1720, Caamp.1040s1361
OG0012326	Thhalv10013217m.g	Caamp.1040s1378, Caamp.1037s1733
OG0012328	Thhalv10014572m.g	Caamp.1037s1740, Caamp.1040s1385
OG0012329	Thhalv10014259m.g	Caamp.1037s1741, Caamp.1040s1388
OG0012330	Thhalv10013635m.g	Caamp.1037s1747
OG0012331	Thhalv10012797m.g	Caamp.1037s1748, Caamp.1040s1443
OG0012332	Thhalv10000382m.g	Caamp.1039s0049, Caamp.1037s1755, Caamp.1040s1466
OG0012333	Thhalv10021620m.g	Caamp.0214s0825, Caamp.1038s0002
OG0012334	Thhalv10013155m.g	Caamp.1041s1430, Caamp.1038s0007
OG0012335	Thhalv10014353m.g	Caamp.1038s0008, Caamp.1041s1429
OG0012336	Thhalv10013122m.g	Caamp.1038s0025, Caamp.1041s1410
OG0012337	Thhalv10014133m.g	Caamp.1038s0027, Caamp.1041s1407
OG0012338	Thhalv10013421m.g	Caamp.1038s0030
OG0012339	Thhalv10014918m.g	Caamp.1041s1390, Caamp.1038s0044
OG0012340	Thhalv10013880m.g	Caamp.1038s0045, Caamp.1041s1388
OG0012341	Thhalv10014879m.g	Caamp.1041s1385, Caamp.1038s0048
OG0012342	Thhalv10013274m.g	Caamp.1038s0057, Caamp.1041s1375
OG0012343	Thhalv10013615m.g	Caamp.1038s0058, Caamp.1041s1374
OG0012344	Thhalv10013695m.g	Caamp.1038s0064
OG0012345	Thhalv10015891m.g	Caamp.1038s0083, Caamp.1041s1349
OG0012346	Thhalv10012838m.g	Caamp.1038s0085, Caamp.1041s1347
OG0012347	Thhalv10013728m.g	Caamp.1038s0091
OG0012348	Thhalv10014197m.g	Caamp.1041s1337, Caamp.1038s0094
OG0012349	Thhalv10015565m.g	Caamp.1041s1330, Caamp.1038s0101
OG0012350	Thhalv10014389m.g	Caamp.1041s1328, Caamp.1038s0103
OG0012351	Thhalv10013390m.g	Caamp.1041s1327, Caamp.1038s0104
OG0012352	Thhalv10014765m.g	Caamp.1038s0105, Caamp.1041s1326
OG0012353	Thhalv10016019m.g	Caamp.1038s0107, Caamp.1041s1324
OG0012354	Thhalv10012727m.g	Caamp.1038s0115, Caamp.1041s1316
OG0012355	Thhalv10014575m.g	Caamp.1041s1282, Caamp.1038s0149
OG0012356	Thhalv10012768m.g	Caamp.1041s1276, Caamp.1038s0155
OG0012357	Thhalv10014602m.g	Caamp.1038s0158, Caamp.1041s1274
OG0012358	Thhalv10014495m.g	Caamp.1041s1268, Caamp.1038s0163
OG0012359	Thhalv10013032m.g	Caamp.1038s0170
OG0012360	Thhalv10013944m.g	Caamp.1038s0171, Caamp.1041s1260
OG0012361	Thhalv10014312m.g	Caamp.1041s1255, Caamp.1038s0174
OG0012362	Thhalv10014364m.g	Caamp.1041s1237, Caamp.1038s0189
OG0012363	Thhalv10013507m.g	Caamp.1041s1234, Caamp.1038s0192
OG0012364	Thhalv10013724m.g	Caamp.1038s0197, Caamp.1041s1226
OG0012365	Thhalv10014146m.g	Caamp.1038s0200, Caamp.1041s1223
OG0012366	Thhalv10014740m.g	Caamp.1038s0202, Caamp.1041s1221
OG0012367	Thhalv10014142m.g	Caamp.1038s0205, Caamp.1041s1218
OG0012368	Thhalv10014482m.g	Caamp.1041s1216, Caamp.1038s0207
OG0012369	Thhalv10013937m.g	Caamp.1038s0210, Caamp.1041s1213
OG0012371	Thhalv10013212m.g	Caamp.1038s0218
OG0012372	Thhalv10013777m.g	Caamp.1041s1198, Caamp.1038s0224
OG0012373	Thhalv10013873m.g	Caamp.1041s1194, Caamp.1038s0232
OG0012374	Thhalv10013923m.g	Caamp.1041s1193, Caamp.1038s0233
OG0012375	Thhalv10012830m.g	Caamp.1041s1190, Caamp.1038s0235
OG0012376	Thhalv10015080m.g	Caamp.1038s0238, Caamp.1041s1187
OG0012377	Thhalv10014010m.g	Caamp.1038s0239, Caamp.1041s1186
OG0012378	Thhalv10015764m.g	Caamp.1038s0242, Caamp.1041s1185
OG0012379	Thhalv10014390m.g	Caamp.1038s0249, Caamp.1041s1180
OG0012380	Thhalv10014204m.g	Caamp.1038s0250, Caamp.1041s1179
OG0012381	Thhalv10014398m.g	Caamp.1041s1177, Caamp.1038s0252
OG0012382	Thhalv10015656m.g	Caamp.1038s0255, Caamp.1041s1174
OG0012383	Thhalv10013063m.g	Caamp.1041s1172, Caamp.1038s0257
OG0012384	Thhalv10012616m.g	Caamp.1038s0266
OG0012385	Thhalv10014678m.g	Caamp.1041s1161, Caamp.1038s0270
OG0012386	Thhalv10015136m.g, Thhalv10005203m.g	Caamp.1038s0274
OG0012387	Thhalv10014651m.g	Caamp.1041s1155, Caamp.1038s0276
OG0012388	Thhalv10013150m.g	Caamp.1038s0279, Caamp.1041s1153
OG0012389	Thhalv10014169m.g	Caamp.1041s1150, Caamp.1038s0283
OG0012390	Thhalv10013068m.g	Caamp.1041s1149, Caamp.1038s0284
OG0012391	Thhalv10013515m.g	Caamp.1041s1147, Caamp.1038s0286
OG0012392	Thhalv10012583m.g	Caamp.1041s1146, Caamp.1038s0287
OG0012393	Thhalv10014652m.g	Caamp.1041s1145, Caamp.1038s0288
OG0012394	Thhalv10014231m.g	Caamp.1038s0293, Caamp.1041s1140
OG0012395	Thhalv10014836m.g	Caamp.1038s0294, Caamp.1041s1139
OG0012396	Thhalv10012648m.g	Caamp.1041s1138, Caamp.1038s0295
OG0012397	Thhalv10013697m.g	Caamp.1041s1132, Caamp.1038s0302
OG0012398	Thhalv10013990m.g	Caamp.1041s1127, Caamp.1038s0307
OG0012399	Thhalv10014629m.g	Caamp.1038s0323, Caamp.1041s1110
OG0012400	Thhalv10015286m.g	Caamp.1038s0332, Caamp.1041s1101
OG0012401	Thhalv10014426m.g	Caamp.1041s1087, Caamp.1038s0347
OG0012402	Thhalv10015969m.g	Caamp.1038s0355, Caamp.1041s1079
OG0012403	Thhalv10013072m.g	Caamp.1041s1071, Caamp.1038s0364
OG0012404	Thhalv10014620m.g	Caamp.1041s1054, Caamp.1038s0378
OG0012405	Thhalv10014176m.g	Caamp.1041s1050, Caamp.1038s0383
OG0012406	Thhalv10029309m.g, Thhalv10015812m.g	Caamp.1041s1042, Caamp.1038s0388
OG0012407	Thhalv10012419m.g	Caamp.1038s0389
OG0012408	Thhalv10013818m.g	Caamp.1041s1039, Caamp.1038s0392
OG0012409	Thhalv10014396m.g	Caamp.1041s1016, Caamp.1038s0412
OG0012410	Thhalv10014442m.g	Caamp.1038s0418, Caamp.1041s1010
OG0012411	Thhalv10015937m.g	Caamp.1041s1009, Caamp.1038s0420
OG0012413	Thhalv10013216m.g	Caamp.1041s1006, Caamp.1038s0423
OG0012414	Thhalv10013005m.g	Caamp.1038s0430, Caamp.1041s0999
OG0012415	Thhalv10013991m.g	Caamp.1038s0433, Caamp.1041s0994
OG0012416	Thhalv10013971m.g, Thhalv10014318m.g	Caamp.1038s0439
OG0012417	Thhalv10014674m.g	Caamp.1041s0982, Caamp.1038s0445
OG0012418	Thhalv10013049m.g	Caamp.1038s0447, Caamp.1041s0979
OG0012419	Thhalv10012864m.g	Caamp.1038s0455
OG0012420	Thhalv10013860m.g	Caamp.1041s0972, Caamp.1038s0456
OG0012421	Thhalv10015443m.g	Caamp.1041s0968, Caamp.1038s0460
OG0012422	Thhalv10016015m.g	Caamp.1038s0464
OG0012423	Thhalv10013686m.g	Caamp.1041s0961, Caamp.1038s0467
OG0012424	Thhalv10013019m.g	Caamp.1041s0958, Caamp.1038s0470
OG0012425	Thhalv10014951m.g	Caamp.1041s0949, Caamp.1038s0482
OG0012426	Thhalv10015832m.g	Caamp.1038s0484, Caamp.1041s0947
OG0012427	Thhalv10014325m.g	Caamp.1038s0492, Caamp.1041s0941
OG0012428	Thhalv10012870m.g	Caamp.1038s0501, Caamp.1041s0926
OG0012429	Thhalv10015952m.g, Thhalv10014054m.g	Caamp.1038s0502, Caamp.1041s0925
OG0012430	Thhalv10013753m.g	Caamp.1041s0920, Caamp.1038s0507
OG0012431	Thhalv10014203m.g	Caamp.1038s0515, Caamp.1041s0911
OG0012432	Thhalv10013320m.g	Caamp.1041s0910, Caamp.1038s0516
OG0012433	Thhalv10015866m.g	Caamp.1041s0906, Caamp.1038s0520
OG0012434	Thhalv10013270m.g	Caamp.1041s0248, Caamp.1038s0524
OG0012435	Thhalv10014240m.g	Caamp.1041s0252, Caamp.1038s0528
OG0012436	Thhalv10014924m.g	Caamp.1041s0263, Caamp.1038s0536
OG0012437	Thhalv10015588m.g	Caamp.1038s0537, Caamp.1041s0264
OG0012438	Thhalv10013814m.g	Caamp.1038s0541, Caamp.1041s0268
OG0012439	Thhalv10013179m.g	Caamp.1038s0543, Caamp.1041s0272
OG0012440	Thhalv10012451m.g	Caamp.1038s0547
OG0012441	Thhalv10013807m.g	Caamp.1038s0551, Caamp.1041s0278
OG0012442	Thhalv10013909m.g	Caamp.1041s0281, Caamp.1038s0554
OG0012443	Thhalv10014100m.g	Caamp.1038s0556, Caamp.1041s0283
OG0012444	Thhalv10014904m.g	Caamp.1041s0288, Caamp.1038s0561
OG0012445	Thhalv10014742m.g	Caamp.1041s0294, Caamp.1038s0566
OG0012446	Thhalv10013289m.g	Caamp.1041s0295, Caamp.1038s0567
OG0012447	Thhalv10014193m.g	Caamp.1041s0299, Caamp.1038s0571
OG0012448	Thhalv10014418m.g	Caamp.1038s0576, Caamp.1041s0304
OG0012449	Thhalv10013413m.g	Caamp.0105s1385, Caamp.1038s0600
OG0012450	Thhalv10013248m.g	Caamp.0105s1386, Caamp.1038s0602
OG0012451	Thhalv10013915m.g	Caamp.0105s1389, Caamp.1038s0605
OG0012453	Thhalv10014560m.g, Thhalv10014587m.g	Caamp.1038s0611
OG0012454	Thhalv10012617m.g	Caamp.0105s1407, Caamp.1038s0622
OG0012455	Thhalv10012911m.g	Caamp.1038s0623, Caamp.0105s1408
OG0012456	Thhalv10012903m.g	Caamp.0105s1410, Caamp.1038s0625
OG0012457	Thhalv10015935m.g	Caamp.1038s0627, Caamp.0105s1416
OG0012458	Thhalv10015583m.g	Caamp.0105s1418, Caamp.1038s0629
OG0012459	Thhalv10014021m.g	Caamp.1038s0634, Caamp.0105s1423
OG0012460	Thhalv10013677m.g	Caamp.0105s1424, Caamp.1038s0635
OG0012461	Thhalv10014931m.g	Caamp.1038s0644, Caamp.0105s1435
OG0012462	Thhalv10013522m.g	Caamp.1038s0652, Caamp.0105s1443
OG0012463	Thhalv10014903m.g	Caamp.0105s1446, Caamp.1038s0656
OG0012464	Thhalv10012820m.g	Caamp.0105s1457, Caamp.1038s0666
OG0012465	Thhalv10013850m.g	Caamp.1038s0680, Caamp.0105s1466
OG0012466	Thhalv10013290m.g	Caamp.0105s1488, Caamp.1038s0701
OG0012467	Thhalv10015670m.g	Caamp.1038s0702, Caamp.0105s1489
OG0012468	Thhalv10014346m.g	Caamp.0105s1491, Caamp.1038s0704
OG0012470	Thhalv10013481m.g	Caamp.0105s1500, Caamp.1038s0715
OG0012471	Thhalv10014104m.g	Caamp.1038s0720, Caamp.0105s1505
OG0012472	Thhalv10029204m.g, Thhalv10013633m.g	Caamp.1038s0729, Caamp.0105s1515
OG0012473	Thhalv10015675m.g	Caamp.0105s1517, Caamp.1038s0731
OG0012474	Thhalv10012627m.g	Caamp.1038s0734, Caamp.0105s1520
OG0012475	Thhalv10013711m.g	Caamp.0105s1525, Caamp.1038s0741
OG0012476	Thhalv10012905m.g	Caamp.0105s1530, Caamp.1038s0745
OG0012477	Thhalv10014421m.g	Caamp.0105s1535, Caamp.1038s0750
OG0012478	Thhalv10015871m.g	Caamp.1038s0757, Caamp.0105s1542
OG0012479	Thhalv10015048m.g	Caamp.0105s1543, Caamp.1038s0758
OG0012480	Thhalv10013012m.g	Caamp.0105s1545, Caamp.1038s0760
OG0012481	Thhalv10014411m.g	Caamp.1038s0761, Caamp.0105s1546
OG0012482	Thhalv10013560m.g	Caamp.1038s0769, Caamp.0105s1552
OG0012483	Thhalv10015821m.g	Caamp.1038s0773, Caamp.0105s1558
OG0012484	Thhalv10014023m.g	Caamp.1038s0777, Caamp.0105s1562
OG0012485	Thhalv10014432m.g	Caamp.0105s1571, Caamp.1038s0786
OG0012486	Thhalv10014368m.g	Caamp.0105s1577, Caamp.1038s0791
OG0012487	Thhalv10012508m.g	Caamp.1038s0793, Caamp.0105s1579
OG0012488	Thhalv10012420m.g, Thhalv10015394m.g, Thhalv10015101m.g	Caamp.1038s0794
OG0012489	Thhalv10013424m.g	Caamp.0105s1583, Caamp.1038s0798
OG0012490	Thhalv10013002m.g	Caamp.1038s0800, Caamp.0105s1585
OG0012491	Thhalv10014719m.g	Caamp.1038s0804, Caamp.0105s1587
OG0012492	Thhalv10014105m.g	Caamp.1038s0810, Caamp.0105s1595
OG0012493	Thhalv10014675m.g	Caamp.1038s0815, Caamp.0105s1602
OG0012494	Thhalv10013198m.g	Caamp.1038s0821, Caamp.0105s1610
OG0012495	Thhalv10013510m.g	Caamp.0105s1617, Caamp.1038s0829
OG0012496	Thhalv10014404m.g	Caamp.1038s0833, Caamp.0105s1620
OG0012497	Thhalv10015437m.g	Caamp.1038s0836, Caamp.0105s1623
OG0012498	Thhalv10013568m.g	Caamp.1038s0848, Caamp.0105s1636
OG0012499	Thhalv10013856m.g	Caamp.1038s0851, Caamp.0105s1639
OG0012500	Thhalv10012492m.g	Caamp.1038s0852, Caamp.0105s1640
OG0012501	Thhalv10014751m.g	Caamp.1038s0860, Caamp.0105s1647
OG0012502	Thhalv10013075m.g	Caamp.1038s0864, Caamp.0105s1653
OG0012503	Thhalv10014613m.g	Caamp.0105s1654, Caamp.1038s0865
OG0012504	Thhalv10013434m.g	Caamp.0105s1664, Caamp.1038s0876
OG0012505	Thhalv10014607m.g	Caamp.0105s1666, Caamp.1038s0878
OG0012507	Thhalv10013027m.g	Caamp.1038s0880, Caamp.0105s1669
OG0012509	Thhalv10012585m.g	Caamp.1038s0895
OG0012510	Thhalv10013853m.g	Caamp.1038s0981, Caamp.1038s0898
OG0012511	Thhalv10016093m.g	Caamp.0105s1688, Caamp.1038s0899
OG0012512	Thhalv10013878m.g	Caamp.0105s1690, Caamp.1038s0905
OG0012513	Thhalv10013165m.g	Caamp.1038s0907
OG0012515	Thhalv10012694m.g	Caamp.1038s0926, Caamp.0105s1715
OG0012516	Thhalv10013722m.g	Caamp.0105s1720, Caamp.1038s0931
OG0012517	Thhalv10012955m.g	Caamp.0105s1723, Caamp.1038s0934
OG0012518	Thhalv10014048m.g	Caamp.0105s1727, Caamp.1038s0938
OG0012519	Thhalv10015335m.g	Caamp.1038s0940, Caamp.0105s1731
OG0012520	Thhalv10015790m.g, Thhalv10012634m.g	Caamp.1038s0945, Caamp.0105s1736
OG0012521	Thhalv10016080m.g	Caamp.0105s1737, Caamp.1038s0946
OG0012522	Thhalv10013220m.g	Caamp.0105s1741, Caamp.1038s0949
OG0012523	Thhalv10012708m.g	Caamp.0105s1744, Caamp.1038s0951
OG0012524	Thhalv10013758m.g	Caamp.1038s0952, Caamp.0105s1745
OG0012525	Thhalv10013395m.g	Caamp.1038s0954, Caamp.0105s1747
OG0012526	Thhalv10016054m.g	Caamp.0105s1750, Caamp.1038s0957
OG0012527	Thhalv10015584m.g	Caamp.1038s0962, Caamp.0105s1755
OG0012528	Thhalv10013299m.g	Caamp.0105s1762, Caamp.1038s0966
OG0012529	Thhalv10012941m.g	Caamp.1038s0968, Caamp.0105s1768
OG0012530	Thhalv10014668m.g	Caamp.1038s0969, Caamp.0105s1769
OG0012531	Thhalv10014956m.g	Caamp.1038s0975, Caamp.0105s1776, Caamp.0105s1783
OG0012532	Thhalv10014118m.g	Caamp.0105s1788, Caamp.0105s1778, Caamp.1038s0980
OG0012533	Thhalv10015803m.g	Caamp.0105s1813, Caamp.1038s0990
OG0012534	Thhalv10013087m.g	Caamp.0105s1819, Caamp.1038s0997
OG0012535	Thhalv10014853m.g, Thhalv10021663m.g	Caamp.0105s1822, Caamp.1038s0999
OG0012536	Thhalv10012625m.g	Caamp.0105s1876, Caamp.1038s1005
OG0012537	Thhalv10014056m.g	Caamp.0105s1873, Caamp.1038s1009
OG0012538	Thhalv10014274m.g	Caamp.0105s1872, Caamp.1038s1010
OG0012539	Thhalv10015290m.g	Caamp.1038s1015, Caamp.0105s1867
OG0012540	Thhalv10013579m.g	Caamp.1038s1017, Caamp.0105s1865
OG0012541	Thhalv10015864m.g	Caamp.1038s1018, Caamp.0105s1864
OG0012542	Thhalv10015145m.g	Caamp.0105s1861, Caamp.1038s1020
OG0012543	Thhalv10014815m.g	Caamp.1038s1028
OG0012544	Thhalv10014656m.g	Caamp.0105s1849, Caamp.1038s1034
OG0012545	Thhalv10013441m.g	Caamp.1038s1035
OG0012546	Thhalv10012789m.g	Caamp.1038s1039, Caamp.0105s1846
OG0012547	Thhalv10015759m.g	Caamp.0105s1830, Caamp.1038s1053
OG0012548	Thhalv10014320m.g	Caamp.1038s1055, Caamp.0105s1832
OG0012549	Thhalv10013263m.g	Caamp.1038s1056, Caamp.0105s1833
OG0012550	Thhalv10015298m.g	Caamp.0105s1835, Caamp.1038s1057
OG0012551	Thhalv10013499m.g	Caamp.0105s1836, Caamp.1038s1058
OG0012552	Thhalv10014430m.g	Caamp.1038s1072, Caamp.0105s1888
OG0012553	Thhalv10012718m.g	Caamp.0105s1889, Caamp.1038s1073
OG0012554	Thhalv10014335m.g	Caamp.1038s1075, Caamp.0105s1891
OG0012555	Thhalv10014505m.g	Caamp.1038s1084, Caamp.0105s1897
OG0012556	Thhalv10015182m.g	Caamp.1038s1091, Caamp.0105s1900
OG0012556	Thhalv10015172m.g	Caamp.1038s1089
OG0012557	Thhalv10014436m.g	Caamp.1038s1094, Caamp.0105s1903
OG0012558	Thhalv10012705m.g	Caamp.0105s1909, Caamp.1038s1099
OG0012559	Thhalv10015166m.g	Caamp.1038s1104, Caamp.0105s1912
OG0012560	Thhalv10012957m.g	Caamp.1038s1106, Caamp.0105s1914
OG0012561	Thhalv10015965m.g	Caamp.0105s1917, Caamp.1038s1111
OG0012562	Thhalv10014410m.g	Caamp.1038s1114, Caamp.0105s1919
OG0012563	Thhalv10013380m.g	Caamp.0105s1920, Caamp.1038s1115, Caamp.0105s1801
OG0012564	Thhalv10014915m.g	Caamp.0105s1922, Caamp.1038s1117, Caamp.0105s1799
OG0012565	Thhalv10015199m.g	Caamp.1038s1128, Caamp.0105s1931
OG0012566	Thhalv10015815m.g	Caamp.1038s1131, Caamp.0105s1934
OG0012567	Thhalv10013664m.g	Caamp.0105s1941, Caamp.1038s1141
OG0012568	Thhalv10014523m.g	Caamp.1038s1143, Caamp.0105s1942
OG0012569	Thhalv10013251m.g	Caamp.1038s1151
OG0012570	Thhalv10015355m.g	Caamp.1038s1160, Caamp.0105s1949
OG0012571	Thhalv10012769m.g	Caamp.0105s1950, Caamp.1038s1161
OG0012572	Thhalv10015861m.g	Caamp.1038s1169, Caamp.0105s1958
OG0012573	Thhalv10014604m.g	Caamp.1038s1171, Caamp.0105s1960
OG0012574	Thhalv10013601m.g	Caamp.0105s1962, Caamp.1038s1173
OG0012575	Thhalv10016086m.g	Caamp.0105s1964, Caamp.1038s1175
OG0012576	Thhalv10014876m.g	Caamp.1038s1178, Caamp.0105s1967
OG0012577	Thhalv10013616m.g	Caamp.1038s1189
OG0012578	Thhalv10014772m.g	Caamp.1038s1192, Caamp.0105s1981
OG0012579	Thhalv10013603m.g	Caamp.1038s1195, Caamp.0105s1982
OG0012580	Thhalv10000376m.g	Caamp.0059s0114, Caamp.1039s0006
OG0012581	Thhalv10000105m.g	Caamp.1039s0007, Caamp.0059s0113
OG0012582	Thhalv10000063m.g	Caamp.1039s0008, Caamp.0059s0112
OG0012583	Thhalv10000149m.g	Caamp.0059s0110, Caamp.1039s0012
OG0012584	Thhalv10000418m.g	Caamp.1039s0015, Caamp.0059s0106
OG0012585	Thhalv10000677m.g	Caamp.0059s0105, Caamp.1039s0016
OG0012586	Thhalv10000391m.g	Caamp.1039s0036, Caamp.0059s0087
OG0012587	Thhalv10000106m.g	Caamp.1039s0040, Caamp.0059s0083
OG0012588	Thhalv10000118m.g	Caamp.0059s0082, Caamp.1039s0042
OG0012589	Thhalv10000024m.g	Caamp.1039s0043, Caamp.0059s0081
OG0012590	Thhalv10000115m.g	Caamp.1039s0057, Caamp.0059s0065
OG0012591	Thhalv10000702m.g	Caamp.1039s0063, Caamp.0059s0058
OG0012592	Thhalv10000085m.g	Caamp.1039s0068, Caamp.0059s0052
OG0012593	Thhalv10007412m.g	Caamp.1039s0070, Caamp.0059s0051
OG0012594	Thhalv10000322m.g	Caamp.0059s0039, Caamp.1039s0080
OG0012595	Thhalv10000230m.g	Caamp.0059s0034, Caamp.1039s0087
OG0012596	Thhalv10000207m.g	Caamp.0059s0026, Caamp.1039s0097
OG0012598	Thhalv10000316m.g	Caamp.1039s0106, Caamp.0059s0018
OG0012599	Thhalv10000318m.g	Caamp.0059s0006, Caamp.1039s0120
OG0012600	Thhalv10000303m.g	Caamp.1039s0131, Caamp.0096s0010
OG0012601	Thhalv10000257m.g	Caamp.1039s0132, Caamp.0096s0009
OG0012602	Thhalv10000240m.g	Caamp.0096s0006, Caamp.1039s0136
OG0012603	Thhalv10000032m.g	Caamp.0096s0017, Caamp.1039s0142
OG0012604	Thhalv10000308m.g	Caamp.1039s0143, Caamp.0096s0016
OG0012605	Thhalv10000301m.g	Caamp.1039s0145
OG0012606	Thhalv10000090m.g	Caamp.1039s0146, Caamp.0096s0020
OG0012607	Thhalv10000402m.g	Caamp.1039s0150, Caamp.0096s0024
OG0012608	Thhalv10000236m.g	Caamp.1039s0152, Caamp.0096s0025
OG0012609	Thhalv10000281m.g	Caamp.0096s0036, Caamp.1039s0165
OG0012610	Thhalv10000381m.g	Caamp.0096s0044, Caamp.1039s0170
OG0012611	Thhalv10000265m.g	Caamp.0096s0045, Caamp.1039s0171
OG0012612	Thhalv10000010m.g	Caamp.1039s0333
OG0012613	Thhalv10000137m.g	Caamp.1039s0351
OG0012614	Thhalv10002119m.g, Thhalv10009058m.g	Caamp.1039s0372
OG0012615	Thhalv10026115m.g	Caamp.0094s0660, Caamp.1039s0409
OG0012616	Thhalv10023251m.g, Thhalv10023250m.g	Caamp.1039s0446
OG0012617	Thhalv10027871m.g	Caamp.0044s0144, Caamp.1039s0451
OG0012618	Thhalv10006038m.g	Caamp.0095s0606, Caamp.1039s0455
OG0012619	Thhalv10021517m.g	Caamp.1039s0470, Caamp.0078s1098
OG0012620	Thhalv10020905m.g	Caamp.1039s0481, Caamp.0078s1091
OG0012621	Thhalv10021683m.g	Caamp.1039s0482, Caamp.0078s1090
OG0012622	Thhalv10021440m.g	Caamp.1039s0494, Caamp.0078s1078
OG0012623	Thhalv10022310m.g	Caamp.0078s1063, Caamp.1039s0508
OG0012624	Thhalv10021225m.g	Caamp.1039s0510
OG0012625	Thhalv10021297m.g	Caamp.0078s1052, Caamp.1039s0518
OG0012626	Thhalv10020555m.g	Caamp.1039s0522, Caamp.0078s1118
OG0012627	Thhalv10020281m.g	Caamp.1039s0523, Caamp.0078s1119
OG0012628	Thhalv10020781m.g	Caamp.0078s1129, Caamp.1039s0532
OG0012629	Thhalv10020883m.g	Caamp.0078s1130, Caamp.1039s0533
OG0012630	Thhalv10020504m.g	Caamp.0078s1133, Caamp.1039s0536
OG0012631	Thhalv10021795m.g	Caamp.1039s0542, Caamp.0078s1139
OG0012632	Thhalv10020892m.g	Caamp.1039s0544, Caamp.0078s1142
OG0012633	Thhalv10019932m.g	Caamp.1039s0559, Caamp.0078s1155
OG0012634	Thhalv10021230m.g	Caamp.0078s1160, Caamp.1039s0564
OG0012635	Thhalv10022359m.g	Caamp.1039s0565
OG0012636	Thhalv10021633m.g	Caamp.0078s1167, Caamp.1039s0572
OG0012637	Thhalv10022057m.g	Caamp.1039s0575, Caamp.0078s1173
OG0012638	Thhalv10021003m.g	Caamp.0078s1178, Caamp.1039s0580
OG0012639	Thhalv10020694m.g	Caamp.0078s1179, Caamp.1039s0581
OG0012640	Thhalv10021499m.g	Caamp.1039s0587, Caamp.0078s1183
OG0012641	Thhalv10020143m.g	Caamp.1039s0588
OG0012642	Thhalv10021259m.g	Caamp.1039s0590, Caamp.0078s1186
OG0012643	Thhalv10021012m.g	Caamp.1039s0602, Caamp.0078s1198
OG0012644	Thhalv10021042m.g	Caamp.1039s0611, Caamp.0078s1209
OG0012645	Thhalv10020760m.g	Caamp.1039s0616, Caamp.0078s1215
OG0012646	Thhalv10020873m.g	Caamp.1039s0618, Caamp.0078s1217
OG0012647	Thhalv10021772m.g	Caamp.0078s1226, Caamp.1039s0628
OG0012648	Thhalv10022348m.g	Caamp.1039s0629, Caamp.0078s1227
OG0012649	Thhalv10021005m.g	Caamp.0076s1299, Caamp.1039s0646
OG0012650	Thhalv10020111m.g	Caamp.1039s0651, Caamp.0076s1303
OG0012651	Thhalv10022232m.g	Caamp.0076s1305, Caamp.1039s0652
OG0012652	Thhalv10021716m.g	Caamp.1039s0654, Caamp.0076s1307
OG0012653	Thhalv10020516m.g	Caamp.1039s0660, Caamp.0076s1312
OG0012654	Thhalv10020237m.g	Caamp.1039s0665, Caamp.0076s1316
OG0012655	Thhalv10021836m.g	Caamp.1039s0670, Caamp.0076s1321
OG0012656	Thhalv10020337m.g	Caamp.0076s1322, Caamp.1039s0671
OG0012657	Thhalv10021702m.g	Caamp.0076s1327, Caamp.1039s0676
OG0012658	Thhalv10020856m.g	Caamp.1039s0677, Caamp.0076s1329
OG0012659	Thhalv10020533m.g	Caamp.1039s0680, Caamp.0076s1333
OG0012660	Thhalv10021962m.g	Caamp.0076s1335, Caamp.1039s0683
OG0012661	Thhalv10022360m.g	Caamp.1039s0689
OG0012662	Thhalv10021658m.g	Caamp.1039s0692, Caamp.0076s1349
OG0012663	Thhalv10021415m.g	Caamp.1039s0693, Caamp.0076s1348
OG0012666	Thhalv10021299m.g	Caamp.0076s1373, Caamp.1039s0720
OG0012667	Thhalv10020515m.g	Caamp.1039s0731, Caamp.0076s1384
OG0012668	Thhalv10021521m.g	Caamp.0076s1385, Caamp.1039s0732
OG0012669	Thhalv10021456m.g	Caamp.0076s1387, Caamp.1039s0734
OG0012670	Thhalv10022019m.g	Caamp.0076s1388, Caamp.1039s0735
OG0012671	Thhalv10022204m.g	Caamp.1039s0740, Caamp.0105s0004
OG0012672	Thhalv10021099m.g	Caamp.0105s0005, Caamp.1039s0741
OG0012673	Thhalv10022381m.g, Thhalv10023181m.g	Caamp.0105s0009, Caamp.1039s0744
OG0012674	Thhalv10021294m.g	Caamp.1039s0748, Caamp.0105s0013
OG0012675	Thhalv10022301m.g	Caamp.0105s0021, Caamp.1039s0756
OG0012676	Thhalv10020594m.g	Caamp.1039s0758
OG0012677	Thhalv10021902m.g	Caamp.0105s0023, Caamp.1039s0759
OG0012678	Thhalv10020685m.g	Caamp.1039s0771, Caamp.0105s0037
OG0012679	Thhalv10021556m.g	Caamp.1039s0775, Caamp.0105s0041
OG0012680	Thhalv10022354m.g	Caamp.1039s0778, Caamp.0105s0043
OG0012681	Thhalv10021792m.g	Caamp.1039s0779, Caamp.0105s0045
OG0012682	Thhalv10020425m.g	Caamp.1039s0784, Caamp.0105s0049
OG0012683	Thhalv10021419m.g	Caamp.0105s0058, Caamp.1039s0794
OG0012684	Thhalv10021781m.g	Caamp.1039s0801, Caamp.0105s0065
OG0012685	Thhalv10021485m.g	Caamp.0105s0068, Caamp.1039s0804
OG0012686	Thhalv10020955m.g	Caamp.1039s0809, Caamp.0105s0071
OG0012687	Thhalv10021721m.g	Caamp.1039s0813, Caamp.0105s0076
OG0012688	Thhalv10020122m.g	Caamp.0105s0082, Caamp.1039s0818
OG0012689	Thhalv10021182m.g	Caamp.1039s0827, Caamp.0051s0091
OG0012690	Thhalv10020584m.g	Caamp.1039s0833, Caamp.0051s0096
OG0012691	Thhalv10020466m.g	Caamp.0051s0101, Caamp.1039s0839
OG0012692	Thhalv10020365m.g	Caamp.1039s0841, Caamp.0051s0102
OG0012693	Thhalv10020674m.g	Caamp.1039s0870, Caamp.0051s0133
OG0012694	Thhalv10021739m.g	Caamp.1039s0872, Caamp.0051s0136
OG0012695	Thhalv10022175m.g	Caamp.0051s0137, Caamp.1039s0873
OG0012696	Thhalv10020710m.g	Caamp.1039s0889
OG0012697	Thhalv10020239m.g	Caamp.1039s0891
OG0012698	Thhalv10021094m.g	Caamp.0051s0161, Caamp.1039s0897
OG0012699	Thhalv10020047m.g	Caamp.1039s0898, Caamp.0051s0163
OG0012700	Thhalv10021673m.g	Caamp.1039s0904, Caamp.0051s0170
OG0012702	Thhalv10021460m.g	Caamp.1039s0912, Caamp.0051s0178
OG0012703	Thhalv10020638m.g, Thhalv10020640m.g	Caamp.1039s0921
OG0012704	Thhalv10021839m.g	Caamp.0051s0190, Caamp.1039s0925
OG0012705	Thhalv10020166m.g	Caamp.1039s0932, Caamp.0051s0196
OG0012706	Thhalv10021424m.g	Caamp.1039s0935
OG0012707	Thhalv10020956m.g	Caamp.0051s0205, Caamp.1039s0940
OG0012708	Thhalv10020367m.g	Caamp.1039s0945, Caamp.0051s0209
OG0012709	Thhalv10020722m.g	Caamp.0051s0211, Caamp.1039s0946
OG0012710	Thhalv10021260m.g	Caamp.1039s0947, Caamp.0051s0212
OG0012711	Thhalv10021423m.g	Caamp.0051s0215, Caamp.1039s0949
OG0012712	Thhalv10021704m.g	Caamp.1039s0951, Caamp.0051s0217
OG0012713	Thhalv10020094m.g	Caamp.1039s0954, Caamp.0051s0219
OG0012714	Thhalv10021376m.g	Caamp.0051s0223, Caamp.1039s0957
OG0012715	Thhalv10021408m.g	Caamp.1039s0964, Caamp.0051s0228
OG0012716	Thhalv10021078m.g	Caamp.1039s0995, Caamp.0051s0259
OG0012717	Thhalv10021207m.g	Caamp.0051s0267, Caamp.1039s1003
OG0012718	Thhalv10021410m.g	Caamp.1039s1010, Caamp.0051s0274
OG0012719	Thhalv10021828m.g	Caamp.0051s0281, Caamp.1039s1017
OG0012720	Thhalv10020715m.g	Caamp.0051s0300, Caamp.1039s1037
OG0012721	Thhalv10020421m.g	Caamp.1039s1040, Caamp.0051s0301
OG0012722	Thhalv10020940m.g, Thhalv10027521m.g	Caamp.1039s1048, Caamp.0051s0309
OG0012723	Thhalv10020512m.g	Caamp.1039s1051, Caamp.0051s0312
OG0012724	Thhalv10022283m.g	Caamp.1039s1054
OG0012725	Thhalv10021101m.g	Caamp.0051s0316, Caamp.1039s1055
OG0012726	Thhalv10021464m.g	Caamp.0051s0317, Caamp.1039s1056
OG0012727	Thhalv10020785m.g	Caamp.0051s0319, Caamp.1039s1058
OG0012728	Thhalv10019906m.g	Caamp.0051s0322, Caamp.1039s1060
OG0012729	Thhalv10021236m.g	Caamp.1039s1069, Caamp.0051s0331
OG0012730	Thhalv10020495m.g	Caamp.1039s1073
OG0012731	Thhalv10020918m.g	Caamp.1039s1078, Caamp.0051s0338
OG0012732	Thhalv10020309m.g	Caamp.0051s0342, Caamp.1039s1080
OG0012733	Thhalv10021911m.g	Caamp.0051s0354, Caamp.1039s1093
OG0012734	Thhalv10020682m.g	Caamp.1039s1098
OG0012735	Thhalv10022052m.g	Caamp.1039s1107, Caamp.0051s0368
OG0012736	Thhalv10020256m.g	Caamp.0051s0373, Caamp.1039s1111
OG0012737	Thhalv10022024m.g	Caamp.1039s1128
OG0012738	Thhalv10020633m.g	Caamp.1039s1129
OG0012739	Thhalv10020363m.g	Caamp.1039s1132
OG0012740	Thhalv10022305m.g	Caamp.1039s1136
OG0012741	Thhalv10020616m.g	Caamp.1039s1138
OG0012742	Thhalv10021914m.g, Thhalv10021904m.g	Caamp.1039s1139
OG0012743	Thhalv10020631m.g	Caamp.1039s1140
OG0012744	Thhalv10022420m.g	Caamp.1039s1144, Caamp.0053s0003
OG0012745	Thhalv10021824m.g	Caamp.1039s1145, Caamp.0053s0004
OG0012746	Thhalv10022102m.g	Caamp.0053s0011, Caamp.1039s1155
OG0012747	Thhalv10020590m.g	Caamp.1039s1156, Caamp.0053s0012
OG0012748	Thhalv10022205m.g	Caamp.0053s0013, Caamp.1039s1157
OG0012749	Thhalv10021016m.g	Caamp.1039s1159, Caamp.0053s0014
OG0012750	Thhalv10021111m.g	Caamp.1039s1166, Caamp.0053s0022
OG0012751	Thhalv10020411m.g	Caamp.1039s1170, Caamp.0053s0026
OG0012752	Thhalv10023630m.g	Caamp.0053s0028
OG0012752	Thhalv10021271m.g	Caamp.1039s1172
OG0012753	Thhalv10019942m.g	Caamp.1039s1173, Caamp.0053s0029
OG0012754	Thhalv10020748m.g	Caamp.0053s0038, Caamp.1039s1182
OG0012755	Thhalv10021597m.g	Caamp.0053s0059, Caamp.1039s1207
OG0012756	Thhalv10020720m.g	Caamp.0053s0066, Caamp.1039s1215
OG0012757	Thhalv10020922m.g	Caamp.0053s0068, Caamp.1039s1218
OG0012758	Thhalv10021814m.g	Caamp.0053s0070, Caamp.1039s1220
OG0012759	Thhalv10021595m.g	Caamp.1039s1223, Caamp.0053s0074
OG0012760	Thhalv10020475m.g	Caamp.0053s0076, Caamp.1039s1225
OG0012761	Thhalv10022363m.g	Caamp.0053s0089, Caamp.1039s1240
OG0012762	Thhalv10022015m.g	Caamp.0053s0097, Caamp.1039s1249
OG0012763	Thhalv10020511m.g	Caamp.1039s1253, Caamp.0053s0101
OG0012764	Thhalv10021019m.g	Caamp.1039s1260
OG0012765	Thhalv10021160m.g	Caamp.1039s1261, Caamp.0053s0107
OG0012767	Thhalv10020784m.g	Caamp.1039s1268, Caamp.0053s0113
OG0012768	Thhalv10020825m.g	Caamp.0053s0131, Caamp.1039s1271
OG0012769	Thhalv10020383m.g	Caamp.1039s1287
OG0012770	Thhalv10020368m.g	Caamp.1039s1292, Caamp.0053s0140
OG0012771	Thhalv10021538m.g	Caamp.1039s1300, Caamp.0053s0147
OG0012772	Thhalv10021373m.g	Caamp.1039s1310, Caamp.0053s0156
OG0012773	Thhalv10021583m.g	Caamp.0053s0158, Caamp.1039s1315
OG0012775	Thhalv10021605m.g	Caamp.1039s1330, Caamp.0053s0169
OG0012776	Thhalv10020520m.g	Caamp.0053s0170, Caamp.1039s1331
OG0012777	Thhalv10020639m.g	Caamp.1039s1355, Caamp.0053s0194
OG0012778	Thhalv10020880m.g	Caamp.1039s1358, Caamp.1041s1833
OG0012779	Thhalv10021880m.g	Caamp.1039s1375, Caamp.1041s1849
OG0012780	Thhalv10021881m.g	Caamp.1039s1377
OG0012781	Thhalv10021766m.g	Caamp.1041s1856, Caamp.1039s1381
OG0012782	Thhalv10021368m.g	Caamp.1041s1858, Caamp.1039s1383
OG0012783	Thhalv10020290m.g	Caamp.1039s1387, Caamp.1041s1863
OG0012784	Thhalv10020820m.g	Caamp.0076s1155, Caamp.1039s1413
OG0012785	Thhalv10021547m.g	Caamp.0076s1157, Caamp.1039s1415
OG0012786	Thhalv10022423m.g	Caamp.0076s1195, Caamp.0076s1196, Caamp.1039s1454
OG0012787	Thhalv10022194m.g	Caamp.0076s1201, Caamp.1039s1458
OG0012788	Thhalv10020490m.g	Caamp.0076s1208, Caamp.1039s1463
OG0012789	Thhalv10022215m.g	Caamp.0076s1213, Caamp.1039s1467
OG0012790	Thhalv10022108m.g	Caamp.0076s1217, Caamp.1039s1471
OG0012791	Thhalv10019964m.g	Caamp.1039s1475
OG0012792	Thhalv10022172m.g	Caamp.1039s1494
OG0012793	Thhalv10021427m.g	Caamp.0076s1252, Caamp.1039s1505
OG0012794	Thhalv10021701m.g	Caamp.1039s1506, Caamp.0097s0635, Caamp.0076s1253
OG0012795	Thhalv10021603m.g	Caamp.1039s1507
OG0012796	Thhalv10002638m.g	Caamp.1039s1519, Caamp.0076s1269
OG0012797	Thhalv10002677m.g	Caamp.1039s1524
OG0012798	Thhalv10003083m.g	Caamp.1039s1535, Caamp.0076s1280
OG0012799	Thhalv10002763m.g	Caamp.0076s1282, Caamp.1039s1537
OG0012800	Thhalv10002534m.g	Caamp.1039s1545, Caamp.0076s1288
OG0012801	Thhalv10002927m.g	Caamp.0026s0002, Caamp.1039s1554
OG0012802	Thhalv10003022m.g	Caamp.1039s1563, Caamp.1041s0930, Caamp.0026s0010
OG0012803	Thhalv10002635m.g	Caamp.1039s1566, Caamp.0026s0013
OG0012804	Thhalv10002653m.g	Caamp.1039s1568, Caamp.0026s0015
OG0012805	Thhalv10029227m.g, Thhalv10024137m.g, Thhalv10023870m.g	Caamp.1039s1574
OG0012806	Thhalv10002467m.g	Caamp.0026s0027, Caamp.1039s1583
OG0012807	Thhalv10002822m.g	Caamp.0026s0030, Caamp.1039s1588
OG0012808	Thhalv10002411m.g	Caamp.0026s0035, Caamp.1039s1592
OG0012809	Thhalv10002637m.g	Caamp.1039s1593
OG0012810	Thhalv10002887m.g	Caamp.1039s1601, Caamp.0026s0042
OG0012811	Thhalv10002492m.g	Caamp.1039s1603, Caamp.0026s0044
OG0012812	Thhalv10002953m.g	Caamp.0026s0058, Caamp.1039s1613
OG0012814	Thhalv10002702m.g	Caamp.1039s1621, Caamp.0026s0069
OG0012815	Thhalv10002454m.g	Caamp.0012s0115, Caamp.0026s0093, Caamp.1039s1643
OG0012816	Thhalv10002660m.g	Caamp.1039s1651, Caamp.0026s0104
OG0012817	Thhalv10003068m.g	Caamp.0026s0118, Caamp.1039s1657
OG0012818	Thhalv10002544m.g	Caamp.1039s1658
OG0012819	Thhalv10002718m.g	Caamp.0026s0121, Caamp.1039s1660
OG0012820	Thhalv10002537m.g	Caamp.0026s0123, Caamp.1039s1661
OG0012821	Thhalv10002670m.g	Caamp.1039s1678, Caamp.0026s0133
OG0012822	Thhalv10002463m.g	Caamp.0026s0147, Caamp.1039s1686
OG0012823	Thhalv10002529m.g	Caamp.1039s1687, Caamp.0026s0150
OG0012824	Thhalv10002998m.g	Caamp.1039s1697
OG0012825	Thhalv10002592m.g	Caamp.0026s0163, Caamp.1039s1701
OG0012826	Thhalv10002462m.g	Caamp.1039s1703, Caamp.0026s0165
OG0012827	Thhalv10029212m.g	Caamp.0188s1154, Caamp.0275s0017, Caamp.1040s0005
OG0012828	Thhalv10028362m.g	Caamp.1040s0014
OG0012829	Thhalv10028676m.g	Caamp.1040s0016
OG0012830	Thhalv10028991m.g	Caamp.1040s0036
OG0012831	Thhalv10028751m.g	Caamp.1040s0124
OG0012832	Thhalv10029188m.g	Caamp.0064s0497, Caamp.1040s0159, Caamp.1040s0144
OG0012833	Thhalv10028814m.g	Caamp.1041s1585, Caamp.1040s0199
OG0012834	Thhalv10029020m.g	Caamp.1040s0202, Caamp.1041s1588
OG0012835	Thhalv10028509m.g	Caamp.1041s1590, Caamp.1040s0204
OG0012836	Thhalv10028893m.g	Caamp.1041s1594, Caamp.1040s0209
OG0012838	Thhalv10028946m.g	Caamp.1040s0212, Caamp.1041s1597
OG0012839	Thhalv10028404m.g	Caamp.1040s0213, Caamp.1041s1598
OG0012840	Thhalv10028403m.g	Caamp.1040s0222, Caamp.1041s1607
OG0012841	Thhalv10028900m.g	Caamp.1040s0224, Caamp.1041s1609
OG0012842	Thhalv10028582m.g	Caamp.1040s0226, Caamp.1041s1611
OG0012843	Thhalv10028599m.g	Caamp.1040s0229, Caamp.1041s1614
OG0012844	Thhalv10028688m.g	Caamp.1040s0230, Caamp.1041s1615
OG0012845	Thhalv10029025m.g	Caamp.1040s0241, Caamp.1041s1625
OG0012846	Thhalv10007597m.g, Thhalv10013505m.g	Caamp.1040s0445
OG0012847	Thhalv10015748m.g	Caamp.1040s0485
OG0012848	Thhalv10012621m.g	Caamp.1040s0549
OG0012849	Thhalv10012803m.g	Caamp.1040s0602
OG0012850	Thhalv10015752m.g	Caamp.1040s0612
OG0012851	Thhalv10015322m.g	Caamp.1040s0614
OG0012852	Thhalv10013720m.g	Caamp.1040s0674
OG0012853	Thhalv10013022m.g	Caamp.1040s0702
OG0012854	Thhalv10013311m.g	Caamp.1040s0819
OG0012855	Thhalv10014968m.g	Caamp.1040s0820
OG0012856	Thhalv10013115m.g	Caamp.1040s0821
OG0012857	Thhalv10005628m.g, Thhalv10015572m.g	Caamp.1040s0845
OG0012858	Thhalv10015624m.g	Caamp.1040s0849
OG0012859	Thhalv10013010m.g	Caamp.1040s0885
OG0012860	Thhalv10012618m.g	Caamp.1040s0897
OG0012861	Thhalv10013583m.g, Thhalv10013813m.g	Caamp.1040s0918
OG0012862	Thhalv10021981m.g	Caamp.1040s0951, Caamp.1040s0950
OG0012863	Thhalv10014131m.g	Caamp.1040s0970
OG0012864	Thhalv10013651m.g	Caamp.1040s0998
OG0012865	Thhalv10015559m.g, Thhalv10015434m.g	Caamp.1040s1010
OG0012866	Thhalv10013852m.g	Caamp.1040s1069
OG0012867	Thhalv10014697m.g	Caamp.1040s1090
OG0012868	Thhalv10012936m.g	Caamp.1040s1121
OG0012869	Thhalv10012954m.g	Caamp.1040s1143
OG0012870	Thhalv10028102m.g	Caamp.1040s1208
OG0012871	Thhalv10013410m.g	Caamp.1040s1221
OG0012872	Thhalv10012716m.g	Caamp.1040s1228
OG0012873	Thhalv10014591m.g	Caamp.1040s1233
OG0012880	Thhalv10029501m.g	Caamp.1040s1419, Caamp.0028s0056
OG0012881	Thhalv10012073m.g	Caamp.1040s1435, Caamp.0091s0002, Caamp.0061s0078
OG0012883	Thhalv10012576m.g	Caamp.0072s0014, Caamp.1040s1524
OG0012886	Thhalv10027775m.g	Caamp.1041s0001
OG0012887	Thhalv10028095m.g	Caamp.0059s0129, Caamp.1041s0013
OG0012888	Thhalv10027936m.g	Caamp.1041s0015, Caamp.0044s0006
OG0012889	Thhalv10027708m.g	Caamp.1041s0016, Caamp.0044s0005
OG0012890	Thhalv10027739m.g	Caamp.1041s0019, Caamp.0059s0118
OG0012891	Thhalv10028294m.g	Caamp.1041s0023, Caamp.0059s0121
OG0012893	Thhalv10027762m.g	Caamp.0059s0125, Caamp.1041s0026
OG0012894	Thhalv10028146m.g	Caamp.1041s0029
OG0012895	Thhalv10027645m.g	Caamp.0044s0020, Caamp.1041s0037
OG0012896	Thhalv10028296m.g, Thhalv10019682m.g	Caamp.1041s0041, Caamp.0049s0026, Caamp.0049s0023
OG0012897	Thhalv10027749m.g	Caamp.1041s0057
OG0012898	Thhalv10027797m.g	Caamp.0044s0065, Caamp.1041s0076
OG0012899	Thhalv10027964m.g	Caamp.1041s0081, Caamp.0044s0073
OG0012900	Thhalv10028165m.g	Caamp.0044s0092, Caamp.1041s0108
OG0012901	Thhalv10027828m.g	Caamp.1041s0121, Caamp.0044s0103
OG0012902	Thhalv10027698m.g	Caamp.0044s0107, Caamp.1041s0124
OG0012903	Thhalv10027933m.g	Caamp.1041s0126
OG0012904	Thhalv10027935m.g	Caamp.1041s0131
OG0012905	Thhalv10027618m.g	Caamp.1041s0143
OG0012906	Thhalv10027699m.g	Caamp.1041s0152, Caamp.0044s0133
OG0012907	Thhalv10028340m.g	Caamp.1041s0166
OG0012909	Thhalv10028349m.g	Caamp.1041s0172, Caamp.0044s0149
OG0012910	Thhalv10027697m.g	Caamp.0044s0159, Caamp.1041s0178
OG0012911	Thhalv10027753m.g	Caamp.0044s0174, Caamp.1041s0189
OG0012912	Thhalv10027894m.g	Caamp.1041s0199, Caamp.0044s0180
OG0012913	Thhalv10028149m.g	Caamp.1041s0201, Caamp.0044s0182
OG0012915	Thhalv10027676m.g	Caamp.0044s0194, Caamp.1041s0213
OG0012916	Thhalv10028155m.g	Caamp.1041s0230, Caamp.0044s0212
OG0012917	Thhalv10027747m.g	Caamp.0044s0216, Caamp.1041s0235
OG0012918	Thhalv10027874m.g, Thhalv10027479m.g	Caamp.1041s0238, Caamp.0044s0219
OG0012919	Thhalv10027724m.g	Caamp.0044s0221, Caamp.1041s0240
OG0012920	Thhalv10025953m.g	Caamp.0094s0725, Caamp.1041s0319
OG0012921	Thhalv10024610m.g	Caamp.0094s0727, Caamp.1041s0321
OG0012922	Thhalv10026164m.g	Caamp.0094s0736, Caamp.1041s0331
OG0012923	Thhalv10025787m.g	Caamp.1041s0332
OG0012924	Thhalv10026931m.g	Caamp.1041s0334, Caamp.0094s0739
OG0012925	Thhalv10024712m.g	Caamp.1041s0345, Caamp.0094s0751
OG0012926	Thhalv10024817m.g	Caamp.0094s0756, Caamp.1041s0350
OG0012927	Thhalv10025201m.g	Caamp.0094s0762, Caamp.1041s0353
OG0012928	Thhalv10025325m.g	Caamp.1041s0360, Caamp.0094s0771
OG0012929	Thhalv10014209m.g	Caamp.0094s0791, Caamp.1041s0380
OG0012930	Thhalv10026083m.g	Caamp.0094s0800, Caamp.1041s0389
OG0012931	Thhalv10025193m.g	Caamp.0094s0812, Caamp.1041s0401
OG0012932	Thhalv10026665m.g	Caamp.0094s0818, Caamp.1041s0404
OG0012933	Thhalv10026407m.g	Caamp.1041s0406, Caamp.0094s0820
OG0012934	Thhalv10024525m.g	Caamp.1041s0408, Caamp.1041s0407
OG0012935	Thhalv10024925m.g	Caamp.1041s0423, Caamp.0094s0832
OG0012936	Thhalv10024190m.g	Caamp.0094s0844, Caamp.1041s0434
OG0012937	Thhalv10024601m.g	Caamp.1041s0439, Caamp.0094s0852
OG0012938	Thhalv10024845m.g	Caamp.1041s0449
OG0012939	Thhalv10025433m.g	Caamp.1041s0463
OG0012940	Thhalv10024391m.g	Caamp.1041s0473
OG0012941	Thhalv10024984m.g	Caamp.1041s0480, Caamp.0094s0894
OG0012942	Thhalv10025986m.g	Caamp.0094s0922, Caamp.1041s0508
OG0012943	Thhalv10025288m.g	Caamp.0094s0924, Caamp.1041s0509
OG0012944	Thhalv10026716m.g	Caamp.0094s0926, Caamp.1041s0512, Caamp.1041s0511, Caamp.1041s0510
OG0012945	Thhalv10024658m.g	Caamp.0094s0932, Caamp.1041s0520
OG0012946	Thhalv10025424m.g	Caamp.0094s0939, Caamp.1041s0525
OG0012947	Thhalv10026234m.g	Caamp.0094s0941, Caamp.1041s0527
OG0012948	Thhalv10026613m.g	Caamp.0094s0950, Caamp.1041s0539
OG0012950	Thhalv10025262m.g	Caamp.1041s0547, Caamp.0094s0960
OG0012951	Thhalv10026355m.g	Caamp.1041s0551, Caamp.0094s0965
OG0012952	Thhalv10026253m.g	Caamp.1041s0552, Caamp.0094s0966
OG0012953	Thhalv10025947m.g	Caamp.0094s0971, Caamp.1041s0556
OG0012954	Thhalv10025669m.g	Caamp.1041s0559, Caamp.0094s0974
OG0012955	Thhalv10026359m.g	Caamp.0094s0975, Caamp.1041s0560
OG0012956	Thhalv10026608m.g	Caamp.1041s0565, Caamp.0094s0978
OG0012958	Thhalv10024302m.g	Caamp.1041s0570
OG0012959	Thhalv10025330m.g	Caamp.1041s0573, Caamp.0094s0985
OG0012960	Thhalv10025681m.g	Caamp.0094s0987, Caamp.1041s0575
OG0012961	Thhalv10026809m.g	Caamp.1041s0591, Caamp.0094s1001
OG0012962	Thhalv10026479m.g	Caamp.1041s0593, Caamp.0094s1003
OG0012963	Thhalv10025195m.g	Caamp.1041s0596
OG0012964	Thhalv10026526m.g	Caamp.0094s1006, Caamp.1041s0599
OG0012965	Thhalv10025865m.g	Caamp.1041s0605, Caamp.0094s1011
OG0012966	Thhalv10026448m.g	Caamp.1041s0612, Caamp.0094s1017
OG0012967	Thhalv10025985m.g	Caamp.0094s1020, Caamp.1041s0615
OG0012968	Thhalv10026689m.g	Caamp.0094s1021, Caamp.1041s0616
OG0012969	Thhalv10025608m.g	Caamp.0094s1024, Caamp.1041s0619
OG0012970	Thhalv10026038m.g	Caamp.0094s1026, Caamp.1041s0621
OG0012971	Thhalv10026095m.g	Caamp.0094s1027, Caamp.1041s0622
OG0012972	Thhalv10025553m.g	Caamp.0094s1040, Caamp.1041s0637
OG0012973	Thhalv10025984m.g	Caamp.0094s1041, Caamp.1041s0638
OG0012974	Thhalv10011780m.g	Caamp.0064s0859, Caamp.1041s0644
OG0012975	Thhalv10011693m.g	Caamp.1041s0654, Caamp.0064s0850
OG0012976	Thhalv10011639m.g	Caamp.0064s0847, Caamp.1041s0657
OG0012977	Thhalv10007140m.g	Caamp.1041s0659, Caamp.0064s0843
OG0012978	Thhalv10011690m.g	Caamp.1041s0671
OG0012979	Thhalv10012134m.g	Caamp.1041s0686
OG0012980	Thhalv10011799m.g	Caamp.0064s0810, Caamp.1041s0693
OG0012981	Thhalv10011388m.g	Caamp.0064s0806, Caamp.1041s0696
OG0012983	Thhalv10011522m.g	Caamp.0064s0794, Caamp.1041s0711
OG0012984	Thhalv10011316m.g	Caamp.1041s0723
OG0012985	Thhalv10011789m.g	Caamp.0064s0776, Caamp.1041s0727
OG0012986	Thhalv10011741m.g	Caamp.1041s0729, Caamp.0064s0774
OG0012987	Thhalv10011619m.g	Caamp.1041s0733
OG0012988	Thhalv10011760m.g	Caamp.1041s0742, Caamp.0064s0763
OG0012989	Thhalv10011694m.g	Caamp.1041s0743, Caamp.0064s0762
OG0012990	Thhalv10011363m.g	Caamp.0064s0755, Caamp.1041s0750
OG0012991	Thhalv10012183m.g	Caamp.1041s0758, Caamp.0064s0746
OG0012992	Thhalv10011721m.g	Caamp.1041s0765, Caamp.0064s0735
OG0012993	Thhalv10012104m.g	Caamp.1041s0779
OG0012994	Thhalv10011768m.g	Caamp.1041s0781, Caamp.0064s0718
OG0012995	Thhalv10011279m.g	Caamp.1041s0792, Caamp.0064s0706
OG0012996	Thhalv10012350m.g	Caamp.0064s0702, Caamp.1041s0795
OG0012997	Thhalv10012210m.g	Caamp.1041s0813, Caamp.0064s0670
OG0012999	Thhalv10029254m.g, Thhalv10011968m.g	Caamp.1041s0826
OG0012999	Thhalv10028054m.g	Caamp.0097s0432
OG0013000	Thhalv10027726m.g	Caamp.0097s0431, Caamp.1041s0827
OG0013003	Thhalv10027940m.g	Caamp.1041s0841, Caamp.0044s0288
OG0013004	Thhalv10027870m.g	Caamp.0044s0283, Caamp.1041s0846
OG0013005	Thhalv10028105m.g	Caamp.0044s0274, Caamp.1041s0852
OG0013006	Thhalv10027989m.g	Caamp.0044s0273, Caamp.1041s0854
OG0013007	Thhalv10026915m.g	Caamp.0064s0674, Caamp.1041s0858
OG0013008	Thhalv10027926m.g	Caamp.0044s0260, Caamp.1041s0862
OG0013009	Thhalv10027742m.g	Caamp.1041s0867, Caamp.0044s0256
OG0013010	Thhalv10028007m.g	Caamp.1041s0868
OG0013011	Thhalv10027636m.g	Caamp.1041s0869
OG0013012	Thhalv10000635m.g	Caamp.1041s0876, Caamp.0044s0254
OG0013013	Thhalv10027973m.g	Caamp.1041s0885, Caamp.0044s0247
OG0013014	Thhalv10027896m.g	Caamp.1041s0887, Caamp.0044s0243
OG0013015	Thhalv10027898m.g	Caamp.0044s0234, Caamp.1041s0895
OG0013016	Thhalv10027783m.g	Caamp.0044s0232, Caamp.1041s0897
OG0013017	Thhalv10027760m.g	Caamp.1041s0898, Caamp.0044s0231
OG0013018	Thhalv10028234m.g	Caamp.1041s0900, Caamp.0044s0227
OG0013019	Thhalv10012655m.g	Caamp.1041s0956
OG0013020	Thhalv10013690m.g	Caamp.1041s1023
OG0013021	Thhalv10013341m.g	Caamp.1041s1026
OG0013022	Thhalv10016031m.g	Caamp.1041s1065
OG0013023	Thhalv10012669m.g, Thhalv10016027m.g	Caamp.1041s1120
OG0013024	Thhalv10014186m.g	Caamp.1041s1249
OG0013025	Thhalv10015739m.g	Caamp.0188s0581, Caamp.1041s1263
OG0013026	Thhalv10015490m.g, Thhalv10012951m.g	Caamp.0028s0139, Caamp.1041s1271
OG0013027	Thhalv10012967m.g	Caamp.1041s1287
OG0013028	Thhalv10018197m.g	Caamp.1041s1352, Caamp.0002s0101
OG0013029	Thhalv10015753m.g	Caamp.1041s1389
OG0013030	Thhalv10013156m.g	Caamp.1041s1437, Caamp.0076s0013
OG0013031	Thhalv10013977m.g	Caamp.0076s0015, Caamp.1041s1439
OG0013032	Thhalv10014122m.g	Caamp.0076s0017, Caamp.1041s1441
OG0013033	Thhalv10015392m.g	Caamp.1041s1444, Caamp.0076s0019, Caamp.1041s1443
OG0013034	Thhalv10015264m.g	Caamp.1041s1445, Caamp.0076s0020
OG0013035	Thhalv10012972m.g	Caamp.0076s0033, Caamp.1041s1459
OG0013036	Thhalv10016003m.g	Caamp.0076s0041, Caamp.1041s1467
OG0013037	Thhalv10012473m.g	Caamp.1041s1471, Caamp.0076s0045
OG0013038	Thhalv10015485m.g	Caamp.0076s0046, Caamp.1041s1472
OG0013039	Thhalv10014831m.g	Caamp.1041s1478, Caamp.0076s0052
OG0013040	Thhalv10015016m.g	Caamp.0076s0059, Caamp.1041s1484
OG0013041	Thhalv10013162m.g, Thhalv10016036m.g	Caamp.1041s1571
OG0013042	Thhalv10008734m.g	Caamp.0046s0247, Caamp.1041s1629
OG0013043	Thhalv10028852m.g	Caamp.0052s0535, Caamp.1041s1640
OG0013044	Thhalv10028570m.g	Caamp.0052s0524, Caamp.1041s1648
OG0013045	Thhalv10028474m.g	Caamp.0052s0512, Caamp.1041s1662
OG0013046	Thhalv10028994m.g	Caamp.1041s1667, Caamp.0052s0509
OG0013047	Thhalv10028859m.g	Caamp.0052s0506, Caamp.1041s1671
OG0013048	Thhalv10028669m.g	Caamp.1041s1683, Caamp.0052s0495
OG0013050	Thhalv10028809m.g	Caamp.1041s1697, Caamp.0052s0476
OG0013051	Thhalv10028734m.g	Caamp.1041s1710, Caamp.0052s0467
OG0013052	Thhalv10029319m.g	Caamp.1041s1724, Caamp.0052s0454
OG0013053	Thhalv10028719m.g	Caamp.0052s0449, Caamp.1041s1730
OG0013054	Thhalv10028578m.g	Caamp.1041s1739, Caamp.0052s0436
OG0013055	Thhalv10028614m.g	Caamp.0052s0435, Caamp.1041s1740
OG0013057	Thhalv10029017m.g	Caamp.0052s0402, Caamp.1041s1764
OG0013059	Thhalv10028808m.g	Caamp.1041s1793, Caamp.0052s0374
OG0013060	Thhalv10009519m.g	Caamp.1041s1794, Caamp.0019s0012, Caamp.0019s0035
OG0013061	Thhalv10029497m.g	Caamp.1041s1822
OG0013062	Thhalv10029060m.g	Caamp.1041s1823
OG0013063	Thhalv10012263m.g	Caamp.0190s0213, Caamp.1041s1871
OG0013064	Thhalv10011276m.g	Caamp.1041s1872, Caamp.0190s0219
OG0013065	Thhalv10011900m.g	Caamp.1041s1875, Caamp.0064s0741
OG0013066	Thhalv10011593m.g	Caamp.1041s1877
OG0013067	Thhalv10011432m.g	Caamp.1041s1878, Caamp.0190s0222
OG0013068	Thhalv10015607m.g, Thhalv10024042m.g, Thhalv10015529m.g	Caamp.1041s1888
OG0013069	Thhalv10011787m.g	Caamp.0190s0183, Caamp.1041s1896
OG0013070	Thhalv10011312m.g	Caamp.0190s0164, Caamp.1041s1913
OG0013071	Thhalv10011542m.g	Caamp.0190s0161, Caamp.1041s1916
OG0013072	Thhalv10011309m.g	Caamp.0190s0157, Caamp.1041s1920
OG0013073	Thhalv10011294m.g	Caamp.1041s1927, Caamp.0037s0308
OG0013074	Thhalv10011348m.g	Caamp.0037s0302, Caamp.1041s1934
OG0013075	Thhalv10011664m.g	Caamp.1041s1939, Caamp.0037s0299
OG0013076	Thhalv10011349m.g	Caamp.0037s0292, Caamp.1041s1946
OG0013077	Thhalv10011373m.g	Caamp.1041s1948
OG0013078	Thhalv10012340m.g	Caamp.0037s0286, Caamp.1041s1955
OG0013079	Thhalv10011771m.g	Caamp.0037s0283, Caamp.1041s1958
OG0013080	Thhalv10003769m.g, Thhalv10002747m.g	Caamp.1041s1968, Caamp.0033s0391
OG0013081	Thhalv10005270m.g	Caamp.0033s0397, Caamp.1041s1974
OG0013082	Thhalv10003952m.g	Caamp.0033s0398, Caamp.1041s1975
OG0013083	Thhalv10004830m.g	Caamp.0033s0401, Caamp.1041s1979
OG0013084	Thhalv10004001m.g	Caamp.0033s0405, Caamp.1041s1982
OG0013085	Thhalv10004991m.g	Caamp.0033s0411, Caamp.1041s1987
OG0013086	Thhalv10004430m.g	Caamp.0033s0419, Caamp.1041s1994
OG0013087	Thhalv10004063m.g	Caamp.0033s0420, Caamp.1041s1995
OG0013088	Thhalv10004342m.g	Caamp.0033s0422, Caamp.1041s1997
OG0013089	Thhalv10005612m.g	Caamp.1041s1998, Caamp.0033s0423
OG0013090	Thhalv10004242m.g	Caamp.0033s0425, Caamp.1041s2000
OG0013091	Thhalv10004608m.g	Caamp.1041s2003, Caamp.0033s0427
OG0013092	Thhalv10004516m.g	Caamp.0033s0433, Caamp.1041s2006
OG0013094	Thhalv10004794m.g	Caamp.1041s2014, Caamp.0033s0441
OG0013095	Thhalv10003984m.g	Caamp.0033s0442, Caamp.1041s2015
OG0013096	Thhalv10004267m.g	Caamp.1041s2017, Caamp.0033s0444
OG0013097	Thhalv10004263m.g	Caamp.0033s0445, Caamp.1041s2018
OG0013098	Thhalv10004725m.g	Caamp.1041s2020, Caamp.0033s0447
OG0013099	Thhalv10016529m.g	Caamp.0066s0092, Caamp.0105s0089
OG0013100	Thhalv10017642m.g	Caamp.0066s0085, Caamp.0105s0096
OG0013101	Thhalv10017978m.g	Caamp.0066s0084, Caamp.0105s0097
OG0013102	Thhalv10017228m.g	Caamp.0105s0130, Caamp.0013s0314
OG0013103	Thhalv10016726m.g	Caamp.0105s0157, Caamp.0013s0289
OG0013104	Thhalv10017005m.g	Caamp.0013s0272, Caamp.0105s0166
OG0013105	Thhalv10017149m.g	Caamp.0105s0173, Caamp.0013s0266
OG0013106	Thhalv10016393m.g	Caamp.0078s1049, Caamp.0013s0264, Caamp.0105s0176
OG0013107	Thhalv10017935m.g, Thhalv10017877m.g, Thhalv10017626m.g, Thhalv10017749m.g	Caamp.0105s0181
OG0013109	Thhalv10017539m.g	Caamp.0105s0203, Caamp.0013s0239
OG0013110	Thhalv10017500m.g	Caamp.0013s0238, Caamp.0105s0204
OG0013111	Thhalv10016862m.g	Caamp.0013s0203, Caamp.0105s0233
OG0013112	Thhalv10016374m.g	Caamp.0105s0237, Caamp.0013s0198
OG0013113	Thhalv10016137m.g	Caamp.0105s0239, Caamp.0013s0196
OG0013114	Thhalv10016151m.g	Caamp.0105s0245, Caamp.0045s0009
OG0013115	Thhalv10016222m.g	Caamp.0105s0250, Caamp.0045s0014
OG0013116	Thhalv10017076m.g	Caamp.0105s0273, Caamp.0045s0042
OG0013117	Thhalv10017809m.g	Caamp.0105s0279, Caamp.0045s0047
OG0013118	Thhalv10017053m.g	Caamp.0013s0171, Caamp.0105s0293
OG0013119	Thhalv10017055m.g	Caamp.0013s0173, Caamp.0105s0295
OG0013120	Thhalv10017786m.g	Caamp.0105s0302, Caamp.0013s0184
OG0013121	Thhalv10017407m.g	Caamp.0159s0025, Caamp.0105s0311
OG0013122	Thhalv10016939m.g	Caamp.0159s0021, Caamp.0105s0314
OG0013123	Thhalv10016507m.g	Caamp.0105s0315
OG0013124	Thhalv10016233m.g	Caamp.0159s0014, Caamp.0105s0319
OG0013125	Thhalv10016920m.g	Caamp.0105s0323, Caamp.0159s0010
OG0013126	Thhalv10016495m.g	Caamp.0105s0335
OG0013127	Thhalv10017763m.g	Caamp.0066s0135, Caamp.0105s0346
OG0013128	Thhalv10016703m.g	Caamp.0105s0348, Caamp.0066s0127
OG0013129	Thhalv10017973m.g	Caamp.0105s0356, Caamp.0066s0121
OG0013130	Thhalv10016708m.g	Caamp.0105s0492
OG0013131	Thhalv10017018m.g	Caamp.0105s0533
OG0013132	Thhalv10016580m.g	Caamp.0105s0620
OG0013133	Thhalv10016382m.g	Caamp.0105s0653
OG0013134	Thhalv10017663m.g, Thhalv10016577m.g	Caamp.0105s0705
OG0013135	Thhalv10016846m.g	Caamp.0105s0772, Caamp.0076s0683
OG0013136	Thhalv10015614m.g	Caamp.0105s0879
OG0013137	Thhalv10024819m.g	Caamp.0094s0232, Caamp.0105s0899
OG0013138	Thhalv10024649m.g	Caamp.0105s0908, Caamp.0094s0241
OG0013139	Thhalv10025820m.g	Caamp.0105s0929, Caamp.0094s0265
OG0013140	Thhalv10027419m.g	Caamp.0105s0938, Caamp.0094s0275
OG0013141	Thhalv10000690m.g, Thhalv10024815m.g	Caamp.0105s0940
OG0013142	Thhalv10024387m.g	Caamp.0094s0279, Caamp.0105s0943
OG0013143	Thhalv10025845m.g	Caamp.0094s0282, Caamp.0105s0945
OG0013144	Thhalv10025510m.g	Caamp.0105s0953, Caamp.0094s0291
OG0013145	Thhalv10024709m.g	Caamp.0105s0960, Caamp.0094s0298
OG0013146	Thhalv10025825m.g	Caamp.0105s0963, Caamp.0094s0302
OG0013147	Thhalv10025786m.g	Caamp.0094s0304, Caamp.0105s0965
OG0013148	Thhalv10026722m.g	Caamp.0105s0970, Caamp.0094s0312
OG0013149	Thhalv10025822m.g	Caamp.0094s0313, Caamp.0105s0971
OG0013150	Thhalv10024926m.g	Caamp.0105s0973, Caamp.0094s0315
OG0013151	Thhalv10024545m.g	Caamp.0105s0987, Caamp.0094s0332
OG0013152	Thhalv10027399m.g	Caamp.0094s0337, Caamp.0105s0992
OG0013153	Thhalv10027454m.g	Caamp.0094s0341, Caamp.0105s0997
OG0013154	Thhalv10025241m.g	Caamp.0105s1002, Caamp.0094s0345
OG0013155	Thhalv10026930m.g	Caamp.0105s1003, Caamp.0094s0346
OG0013156	Thhalv10026524m.g	Caamp.0094s0350, Caamp.0105s1006
OG0013157	Thhalv10024291m.g	Caamp.0094s0351, Caamp.0105s1007
OG0013158	Thhalv10027339m.g	Caamp.0094s0359, Caamp.0105s1015
OG0013159	Thhalv10026488m.g	Caamp.0105s1029, Caamp.0094s0370
OG0013160	Thhalv10024803m.g	Caamp.0094s0371, Caamp.0105s1030
OG0013161	Thhalv10024517m.g	Caamp.0105s1031, Caamp.0094s0372
OG0013162	Thhalv10025389m.g	Caamp.0094s0379, Caamp.0105s1036
OG0013163	Thhalv10025961m.g	Caamp.0105s1040, Caamp.0094s0382
OG0013164	Thhalv10026256m.g	Caamp.0094s0385, Caamp.0105s1044
OG0013165	Thhalv10025519m.g	Caamp.0105s1046
OG0013166	Thhalv10024444m.g	Caamp.0105s1048
OG0013167	Thhalv10025438m.g	Caamp.0094s0386, Caamp.0105s1050
OG0013168	Thhalv10025471m.g	Caamp.0094s0389, Caamp.0105s1053
OG0013169	Thhalv10025911m.g	Caamp.0105s1060, Caamp.0094s0396
OG0013170	Thhalv10026510m.g	Caamp.0094s0399, Caamp.0105s1062
OG0013171	Thhalv10024628m.g	Caamp.0105s1065, Caamp.0094s0403
OG0013172	Thhalv10025752m.g	Caamp.0094s0404
OG0013172	Thhalv10025285m.g	Caamp.0105s1067
OG0013173	Thhalv10024783m.g	Caamp.0105s1072, Caamp.0094s0408
OG0013174	Thhalv10026666m.g	Caamp.0105s1077, Caamp.0094s0413
OG0013175	Thhalv10026594m.g	Caamp.0094s0423, Caamp.0105s1085
OG0013176	Thhalv10024906m.g	Caamp.0105s1093, Caamp.0094s0430
OG0013177	Thhalv10024973m.g	Caamp.0105s1098, Caamp.0094s0435
OG0013178	Thhalv10027578m.g	Caamp.0105s1099, Caamp.0094s0436
OG0013179	Thhalv10025756m.g	Caamp.0094s0437, Caamp.0105s1101
OG0013180	Thhalv10027533m.g	Caamp.0094s0439, Caamp.0105s1103
OG0013181	Thhalv10025028m.g	Caamp.0105s1104, Caamp.0094s0440
OG0013182	Thhalv10025223m.g	Caamp.0094s0441, Caamp.0105s1105
OG0013183	Thhalv10024380m.g	Caamp.0094s0489, Caamp.0105s1114
OG0013184	Thhalv10024491m.g	Caamp.0105s1123
OG0013185	Thhalv10025895m.g	Caamp.0105s1125, Caamp.0094s0478
OG0013186	Thhalv10024398m.g	Caamp.0105s1128, Caamp.0094s0475
OG0013187	Thhalv10026116m.g	Caamp.0105s1133, Caamp.0094s0472
OG0013188	Thhalv10024498m.g	Caamp.0105s1134
OG0013189	Thhalv10026482m.g	Caamp.0094s0468, Caamp.0105s1137
OG0013190	Thhalv10027054m.g	Caamp.0094s0461, Caamp.0105s1148
OG0013191	Thhalv10026144m.g	Caamp.0094s0460, Caamp.0105s1149
OG0013192	Thhalv10025907m.g	Caamp.0105s1165, Caamp.0094s0495
OG0013193	Thhalv10026786m.g	Caamp.0105s1171, Caamp.0094s0503
OG0013194	Thhalv10026262m.g	Caamp.0105s1175, Caamp.0094s0508
OG0013195	Thhalv10025723m.g, Thhalv10026635m.g	Caamp.0094s0518, Caamp.0105s1182
OG0013196	Thhalv10026724m.g	Caamp.0094s0520, Caamp.0105s1184
OG0013197	Thhalv10024585m.g	Caamp.0094s0523, Caamp.0105s1187
OG0013198	Thhalv10002778m.g, Thhalv10026279m.g	Caamp.0094s0524, Caamp.0105s1188
OG0013199	Thhalv10024447m.g	Caamp.0105s1189, Caamp.0094s0525
OG0013200	Thhalv10025824m.g	Caamp.0094s0530, Caamp.0105s1192
OG0013201	Thhalv10025767m.g	Caamp.0094s0531, Caamp.0105s1193
OG0013202	Thhalv10025570m.g	Caamp.0094s0534, Caamp.0105s1195
OG0013203	Thhalv10024959m.g	Caamp.0094s0537, Caamp.0105s1198
OG0013204	Thhalv10025289m.g	Caamp.0105s1201, Caamp.0094s0540
OG0013205	Thhalv10026063m.g	Caamp.0094s0547, Caamp.0105s1206
OG0013206	Thhalv10025100m.g	Caamp.0105s1207, Caamp.0094s0548
OG0013207	Thhalv10025502m.g	Caamp.0094s0551, Caamp.0105s1210
OG0013208	Thhalv10024207m.g	Caamp.0105s1226
OG0013209	Thhalv10027222m.g, Thhalv10026856m.g	Caamp.0094s0572, Caamp.0105s1234
OG0013210	Thhalv10025033m.g	Caamp.0105s1239
OG0013211	Thhalv10025085m.g	Caamp.0105s1241
OG0013212	Thhalv10025083m.g	Caamp.0105s1246, Caamp.0094s0582
OG0013213	Thhalv10024536m.g	Caamp.0094s0590, Caamp.0105s1251
OG0013214	Thhalv10027598m.g	Caamp.0094s0591, Caamp.0105s1252
OG0013215	Thhalv10025757m.g	Caamp.0094s0592, Caamp.0105s1253
OG0013216	Thhalv10026440m.g	Caamp.0105s1255, Caamp.0094s0594
OG0013217	Thhalv10026293m.g	Caamp.0094s0596, Caamp.0105s1256
OG0013218	Thhalv10026823m.g	Caamp.0094s0601, Caamp.0105s1260
OG0013219	Thhalv10024793m.g	Caamp.0105s1263, Caamp.0094s0604
OG0013220	Thhalv10024552m.g	Caamp.0094s0612, Caamp.0105s1270
OG0013221	Thhalv10024191m.g	Caamp.0105s1271, Caamp.0094s0613
OG0013222	Thhalv10025931m.g	Caamp.0105s1273, Caamp.0094s0615
OG0013223	Thhalv10024655m.g	Caamp.0094s0619, Caamp.0105s1277
OG0013224	Thhalv10025336m.g	Caamp.0105s1279, Caamp.0094s0621
OG0013225	Thhalv10025242m.g	Caamp.0105s1281, Caamp.0094s0623
OG0013226	Thhalv10026415m.g	Caamp.0094s0624, Caamp.0105s1282
OG0013227	Thhalv10025128m.g	Caamp.0105s1288
OG0013228	Thhalv10024599m.g	Caamp.0105s1291, Caamp.0094s0631
OG0013229	Thhalv10024440m.g	Caamp.0094s0638, Caamp.0105s1297
OG0013230	Thhalv10027434m.g	Caamp.0105s1302, Caamp.0094s0643, Caamp.0105s1303
OG0013231	Thhalv10024566m.g	Caamp.0094s0645, Caamp.0105s1304
OG0013232	Thhalv10027435m.g	Caamp.0105s1305, Caamp.0094s0646
OG0013233	Thhalv10026052m.g	Caamp.0094s0647, Caamp.0105s1306
OG0013234	Thhalv10027347m.g	Caamp.0094s0654, Caamp.0105s1313
OG0013235	Thhalv10025618m.g	Caamp.0094s0655, Caamp.0105s1314
OG0013236	Thhalv10026098m.g	Caamp.0094s0656, Caamp.0105s1315
OG0013237	Thhalv10024357m.g	Caamp.0094s0659, Caamp.0105s1319
OG0013238	Thhalv10024993m.g	Caamp.0094s0670, Caamp.0105s1327
OG0013239	Thhalv10025142m.g	Caamp.0105s1334, Caamp.0094s0677
OG0013240	Thhalv10026055m.g	Caamp.0094s0681, Caamp.0105s1337
OG0013241	Thhalv10024943m.g	Caamp.0105s1341, Caamp.0094s0685
OG0013242	Thhalv10026431m.g	Caamp.0094s0688, Caamp.0105s1344
OG0013243	Thhalv10024768m.g	Caamp.0094s0691, Caamp.0105s1350
OG0013244	Thhalv10025950m.g	Caamp.0094s0695, Caamp.0105s1354
OG0013245	Thhalv10025305m.g	Caamp.0094s0697, Caamp.0105s1356
OG0013246	Thhalv10024675m.g	Caamp.0094s0704, Caamp.0105s1364
OG0013247	Thhalv10025684m.g	Caamp.0105s1372, Caamp.0094s0716
OG0013248	Thhalv10013861m.g	Caamp.0105s1576
OG0013249	Thhalv10014260m.g	Caamp.0105s1718
OG0013250	Thhalv10013950m.g	Caamp.0105s1840
OG0013251	Thhalv10026377m.g	Caamp.0107s0017
OG0013253	Thhalv10023369m.g	Caamp.0011s0021
OG0013254	Thhalv10023422m.g, Thhalv10023421m.g	Caamp.0007s0443, Caamp.0011s0032
OG0013255	Thhalv10023380m.g	Caamp.0011s0035
OG0013256	Thhalv10023587m.g	Caamp.0011s0038, Caamp.0007s0453
OG0013257	Thhalv10023551m.g	Caamp.0007s0454, Caamp.0011s0039
OG0013258	Thhalv10023601m.g	Caamp.0007s0464, Caamp.0011s0046
OG0013259	Thhalv10023535m.g	Caamp.0011s0057
OG0013261	Thhalv10023584m.g	Caamp.0303s1145, Caamp.0011s0070
OG0013262	Thhalv10023341m.g	Caamp.0007s0475, Caamp.0011s0071
OG0013263	Thhalv10023443m.g	Caamp.0007s0480, Caamp.0011s0078
OG0013264	Thhalv10023586m.g	Caamp.0011s0088
OG0013265	Thhalv10023757m.g	Caamp.0011s0100, Caamp.0007s0506
OG0013266	Thhalv10023646m.g	Caamp.0007s0525, Caamp.0011s0108
OG0013267	Thhalv10023896m.g	Caamp.0007s0543, Caamp.0011s0119
OG0013268	Thhalv10023555m.g	Caamp.0011s0122, Caamp.0007s0548
OG0013269	Thhalv10023684m.g	Caamp.0007s0549, Caamp.0011s0123
OG0013270	Thhalv10023998m.g	Caamp.0007s0556, Caamp.0011s0127
OG0013271	Thhalv10023524m.g	Caamp.0007s0557, Caamp.0011s0129
OG0013272	Thhalv10023602m.g	Caamp.0007s0561, Caamp.0011s0138
OG0013274	Thhalv10024165m.g	Caamp.0020s0065, Caamp.0011s0182
OG0013275	Thhalv10023608m.g	Caamp.0020s0067, Caamp.0011s0184
OG0013276	Thhalv10023339m.g	Caamp.0074s0012, Caamp.0011s0209
OG0013277	Thhalv10029241m.g	Caamp.0110s0002
OG0013278	Thhalv10023008m.g	Caamp.0110s0010
OG0013279	Thhalv10010825m.g	Caamp.0110s0013, Caamp.0110s0015
OG0013280	Thhalv10002847m.g	Caamp.0110s0019
OG0013283	Thhalv10023011m.g	Caamp.0110s0054
OG0013284	Thhalv10001273m.g	Caamp.0110s0057
OG0013285	Thhalv10015949m.g, Thhalv10015926m.g	Caamp.0110s0064
OG0013286	Thhalv10022493m.g	Caamp.0113s0032, Caamp.0098s0012
OG0013289	Thhalv10004271m.g	Caamp.0114s0011, Caamp.0042s0026
OG0013290	Thhalv10003829m.g	Caamp.0114s0012, Caamp.0042s0027
OG0013291	Thhalv10026014m.g	Caamp.0042s0033, Caamp.0115s0002
OG0013292	Thhalv10005689m.g	Caamp.0118s0004, Caamp.0097s1037
OG0013293	Thhalv10003449m.g	Caamp.0097s1048, Caamp.0118s0006
OG0013294	Thhalv10020287m.g	Caamp.0118s0007, Caamp.0097s1049
OG0013295	Thhalv10003451m.g	Caamp.0097s1053, Caamp.0118s0013
OG0013296	Thhalv10003685m.g	Caamp.0118s0015, Caamp.0097s1066
OG0013297	Thhalv10028801m.g	Caamp.0012s0008, Caamp.0050s0014
OG0013298	Thhalv10029052m.g	Caamp.0050s0019, Caamp.0012s0044
OG0013300	Thhalv10025444m.g	Caamp.0012s0089, Caamp.0020s0007
OG0013301	Thhalv10026192m.g	Caamp.0012s0106, Caamp.0058s0017
OG0013303	Thhalv10025736m.g	Caamp.0012s0114
OG0013305	Thhalv10025457m.g	Caamp.0088s0024, Caamp.0012s0136
OG0013306	Thhalv10005553m.g	Caamp.0076s1082, Caamp.0120s0007
OG0013307	Thhalv10005456m.g	Caamp.0076s1090, Caamp.0120s0013
OG0013308	Thhalv10004191m.g	Caamp.0076s1091, Caamp.0120s0015
OG0013309	Thhalv10004640m.g	Caamp.0076s1097, Caamp.0120s0020
OG0013310	Thhalv10005500m.g	Caamp.0120s0022, Caamp.0076s1099
OG0013311	Thhalv10005187m.g	Caamp.0120s0025, Caamp.0076s1101
OG0013312	Thhalv10003797m.g	Caamp.0076s1103, Caamp.0120s0026
OG0013313	Thhalv10004268m.g	Caamp.0076s1124, Caamp.0120s0037
OG0013314	Thhalv10005058m.g	Caamp.0120s0038, Caamp.0076s1125
OG0013315	Thhalv10003928m.g	Caamp.0120s0046, Caamp.0076s1133
OG0013316	Thhalv10004188m.g	Caamp.0076s1135, Caamp.0120s0048
OG0013317	Thhalv10004508m.g	Caamp.0076s1139, Caamp.0120s0051
OG0013318	Thhalv10004062m.g	Caamp.0120s0088
OG0013319	Thhalv10004155m.g	Caamp.0120s0312
OG0013320	Thhalv10004314m.g	Caamp.0120s0461
OG0013322	Thhalv10003505m.g	Caamp.0120s0934
OG0013323	Thhalv10009790m.g	Caamp.0436s0038, Caamp.0120s0941
OG0013324	Thhalv10003566m.g, Thhalv10012532m.g	Caamp.0120s0961
OG0013325	Thhalv10011046m.g	Caamp.0120s0971
OG0013326	Thhalv10003461m.g	Caamp.0097s0962, Caamp.0129s0009
OG0013327	Thhalv10003439m.g	Caamp.0129s0010, Caamp.0097s0959
OG0013328	Thhalv10003746m.g	Caamp.0129s0042, Caamp.0097s0940
OG0013329	Thhalv10027740m.g, Thhalv10028112m.g, Thhalv10028161m.g	Caamp.0129s0065
OG0013330	Thhalv10017949m.g	Caamp.0013s0003, Caamp.0051s0012
OG0013331	Thhalv10016581m.g	Caamp.0051s0010, Caamp.0013s0004
OG0013332	Thhalv10017635m.g	Caamp.0013s0016
OG0013333	Thhalv10017586m.g, Thhalv10002659m.g	Caamp.0013s0097
OG0013334	Thhalv10002690m.g, Thhalv10002943m.g	Caamp.0013s0101
OG0013335	Thhalv10002554m.g	Caamp.0013s0105, Caamp.0026s0173
OG0013336	Thhalv10002517m.g	Caamp.0013s0107, Caamp.0026s0179
OG0013337	Thhalv10002727m.g	Caamp.0026s0181, Caamp.0013s0109
OG0013338	Thhalv10002426m.g	Caamp.0013s0133
OG0013339	Thhalv10002538m.g	Caamp.0026s0201, Caamp.0013s0136
OG0013341	Thhalv10026910m.g	Caamp.0013s0156, Caamp.0095s0094
OG0013342	Thhalv10026264m.g	Caamp.0095s0098, Caamp.0013s0160
OG0013343	Thhalv10017140m.g	Caamp.0013s0243
OG0013344	Thhalv10017462m.g	Caamp.0013s0259
OG0013345	Thhalv10016605m.g	Caamp.0013s0320
OG0013346	Thhalv10011371m.g	Caamp.0133s0007, Caamp.0057s0035
OG0013347	Thhalv10026970m.g	Caamp.0014s0006, Caamp.0020s0045
OG0013349	Thhalv10003204m.g	Caamp.0058s0066, Caamp.0014s0042
OG0013350	Thhalv10003241m.g	Caamp.0014s0055, Caamp.0058s0074
OG0013351	Thhalv10005936m.g	Caamp.0014s0067, Caamp.0058s0076
OG0013352	Thhalv10003325m.g	Caamp.0058s0077, Caamp.0014s0068
OG0013353	Thhalv10003229m.g	Caamp.0058s0078, Caamp.0014s0070
OG0013354	Thhalv10011975m.g	Caamp.0015s0012
OG0013355	Thhalv10023308m.g	Caamp.0015s0020
OG0013356	Thhalv10023406m.g	Caamp.0015s0026, Caamp.0054s0047
OG0013357	Thhalv10023277m.g	Caamp.0054s0057, Caamp.0015s0043
OG0013358	Thhalv10023530m.g	Caamp.0015s0044, Caamp.0054s0058
OG0013359	Thhalv10023590m.g	Caamp.0015s0048, Caamp.0054s0060
OG0013360	Thhalv10024106m.g	Caamp.0054s0068, Caamp.0015s0052
OG0013361	Thhalv10023992m.g	Caamp.0015s0071, Caamp.0054s0085
OG0013362	Thhalv10023662m.g	Caamp.0054s0095, Caamp.0015s0079
OG0013363	Thhalv10023650m.g	Caamp.0015s0085, Caamp.0054s0033
OG0013364	Thhalv10023720m.g	Caamp.0015s0086, Caamp.0054s0032
OG0013365	Thhalv10023352m.g	Caamp.0054s0014, Caamp.0015s0102
OG0013366	Thhalv10009706m.g, Thhalv10009730m.g, Thhalv10009508m.g	Caamp.0054s0012, Caamp.0015s0103
OG0013367	Thhalv10023374m.g	Caamp.0015s0105, Caamp.0054s0011
OG0013368	Thhalv10023451m.g	Caamp.0015s0111
OG0013369	Thhalv10023528m.g	Caamp.0015s0125
OG0013370	Thhalv10023478m.g	Caamp.0303s1331, Caamp.0015s0137
OG0013371	Thhalv10023412m.g	Caamp.0303s1338, Caamp.0015s0143
OG0013372	Thhalv10023824m.g	Caamp.0303s1344, Caamp.0015s0150
OG0013373	Thhalv10023294m.g	Caamp.0015s0158
OG0013374	Thhalv10023395m.g	Caamp.0015s0162, Caamp.0303s1361
OG0013375	Thhalv10023651m.g	Caamp.0015s0171, Caamp.0303s1375
OG0013376	Thhalv10023615m.g	Caamp.0303s1378, Caamp.0015s0174
OG0013377	Thhalv10023269m.g	Caamp.0015s0177, Caamp.0303s1321
OG0013378	Thhalv10023985m.g	Caamp.0015s0179, Caamp.0303s1318
OG0013379	Thhalv10023735m.g	Caamp.0303s1307, Caamp.0015s0191
OG0013380	Thhalv10023474m.g	Caamp.0303s1302, Caamp.0015s0198
OG0013381	Thhalv10023372m.g	Caamp.0015s0212, Caamp.0303s1287
OG0013382	Thhalv10023477m.g	Caamp.0015s0219, Caamp.0303s1282
OG0013383	Thhalv10023415m.g	Caamp.0015s0226
OG0013383	Thhalv10007387m.g	Caamp.0071s0254
OG0013384	Thhalv10023219m.g	Caamp.0015s0242
OG0013385	Thhalv10023513m.g	Caamp.0303s1259, Caamp.0015s0243
OG0013386	Thhalv10023417m.g	Caamp.0015s0245, Caamp.0303s1256
OG0013387	Thhalv10023466m.g	Caamp.0303s1255, Caamp.0015s0246
OG0013388	Thhalv10023915m.g, Thhalv10023868m.g	Caamp.0015s0261
OG0013389	Thhalv10023846m.g	Caamp.0015s0276, Caamp.0002s0269
OG0013390	Thhalv10023371m.g	Caamp.0015s0278, Caamp.0303s1223
OG0013391	Thhalv10023471m.g	Caamp.0303s1214, Caamp.0015s0289
OG0013392	Thhalv10023732m.g	Caamp.0303s1211, Caamp.0015s0293
OG0013393	Thhalv10023531m.g	Caamp.0015s0297, Caamp.0303s1210
OG0013394	Thhalv10024037m.g	Caamp.0015s0299, Caamp.0303s1208
OG0013395	Thhalv10023331m.g	Caamp.0303s1203, Caamp.0015s0306
OG0013396	Thhalv10023430m.g	Caamp.0015s0310, Caamp.0303s1198
OG0013397	Thhalv10023385m.g	Caamp.0015s0313, Caamp.0303s1195
OG0013398	Thhalv10023290m.g	Caamp.0015s0314, Caamp.0303s1194
OG0013399	Thhalv10023661m.g	Caamp.0303s1184, Caamp.0015s0324
OG0013400	Thhalv10012471m.g	Caamp.0015s0329, Caamp.0303s1168
OG0013401	Thhalv10023637m.g	Caamp.0015s0337, Caamp.0303s1163
OG0013402	Thhalv10023435m.g	Caamp.0303s1148, Caamp.0015s0348
OG0013403	Thhalv10023919m.g	Caamp.0015s0349, Caamp.0303s1147
OG0013404	Thhalv10023594m.g	Caamp.0303s1146, Caamp.0015s0350
OG0013405	Thhalv10023745m.g	Caamp.0015s0356, Caamp.0303s1142
OG0013406	Thhalv10023287m.g	Caamp.0303s1137, Caamp.0015s0361
OG0013407	Thhalv10023642m.g	Caamp.0303s1136, Caamp.0015s0362
OG0013409	Thhalv10023217m.g	Caamp.0303s1125, Caamp.0015s0374
OG0013410	Thhalv10000074m.g	Caamp.0015s0377, Caamp.0303s1119, Caamp.0046s0304
OG0013413	Thhalv10017466m.g	Caamp.0046s0315, Caamp.0159s0020
OG0013414	Thhalv10019019m.g	Caamp.0002s0102, Caamp.0016s0007
OG0013415	Thhalv10019185m.g	Caamp.0016s0019, Caamp.0002s0086
OG0013416	Thhalv10018468m.g	Caamp.0016s0045, Caamp.0038s0054, Caamp.0002s0068
OG0013417	Thhalv10018379m.g	Caamp.0016s0054, Caamp.0002s0059
OG0013418	Thhalv10018351m.g	Caamp.0002s0045, Caamp.0016s0073
OG0013419	Thhalv10019157m.g	Caamp.0016s0074, Caamp.0002s0044
OG0013420	Thhalv10018195m.g	Caamp.0002s0042, Caamp.0016s0076
OG0013421	Thhalv10018605m.g	Caamp.0016s0080, Caamp.0002s0039
OG0013422	Thhalv10018947m.g	Caamp.0016s0083, Caamp.0002s0036
OG0013423	Thhalv10018969m.g	Caamp.0002s0019, Caamp.0016s0089
OG0013424	Thhalv10022466m.g	Caamp.0058s0037, Caamp.0016s0115
OG0013425	Thhalv10028574m.g	Caamp.0017s0082, Caamp.0025s0005
OG0013426	Thhalv10001906m.g	Caamp.0017s0094
OG0013427	Thhalv10002083m.g	Caamp.0017s0098, Caamp.0034s0016
OG0013428	Thhalv10001578m.g	Caamp.0018s0118
OG0013429	Thhalv10001314m.g	Caamp.0018s0182
OG0013430	Thhalv10020567m.g	Caamp.0214s0879, Caamp.0188s0002
OG0013431	Thhalv10021033m.g	Caamp.0214s0876, Caamp.0188s0005
OG0013432	Thhalv10021007m.g	Caamp.0214s0874, Caamp.0188s0007
OG0013433	Thhalv10020241m.g	Caamp.0188s0008, Caamp.0214s0873
OG0013434	Thhalv10022308m.g	Caamp.0214s0870, Caamp.0188s0012
OG0013435	Thhalv10020734m.g	Caamp.0214s0869, Caamp.0188s0013
OG0013436	Thhalv10021329m.g	Caamp.0214s0868, Caamp.0188s0014
OG0013437	Thhalv10021883m.g	Caamp.0026s0376, Caamp.0033s0119, Caamp.0188s0019
OG0013438	Thhalv10021323m.g	Caamp.0214s0860, Caamp.0188s0024
OG0013439	Thhalv10008858m.g	Caamp.0188s0033, Caamp.0052s0070
OG0013440	Thhalv10007548m.g	Caamp.0188s0037, Caamp.0052s0074
OG0013441	Thhalv10006894m.g	Caamp.0188s0040, Caamp.0052s0077
OG0013442	Thhalv10007187m.g	Caamp.0188s0042, Caamp.0052s0079
OG0013443	Thhalv10007587m.g	Caamp.0052s0080, Caamp.0188s0043
OG0013444	Thhalv10008289m.g	Caamp.0188s0044, Caamp.0052s0081
OG0013445	Thhalv10007213m.g	Caamp.0052s0085, Caamp.0188s0049
OG0013446	Thhalv10007907m.g	Caamp.0052s0098, Caamp.0188s0060
OG0013447	Thhalv10009095m.g	Caamp.0188s0063, Caamp.0052s0100
OG0013448	Thhalv10009929m.g	Caamp.0188s0064, Caamp.0052s0101
OG0013449	Thhalv10006726m.g	Caamp.0052s0102, Caamp.0188s0065
OG0013450	Thhalv10008426m.g	Caamp.0052s0103, Caamp.0188s0066
OG0013451	Thhalv10007539m.g	Caamp.0052s0111, Caamp.0188s0075
OG0013452	Thhalv10007271m.g	Caamp.0052s0113, Caamp.0188s0078
OG0013453	Thhalv10007679m.g	Caamp.0188s0081, Caamp.0052s0115
OG0013454	Thhalv10007230m.g	Caamp.0052s0116, Caamp.0188s0082
OG0013455	Thhalv10008221m.g	Caamp.0052s0123, Caamp.0188s0088
OG0013456	Thhalv10008203m.g	Caamp.0052s0129, Caamp.0188s0091
OG0013457	Thhalv10007698m.g	Caamp.0052s0132, Caamp.0188s0093
OG0013458	Thhalv10007397m.g	Caamp.0188s0100, Caamp.0052s0139
OG0013459	Thhalv10007645m.g	Caamp.0188s0101, Caamp.0052s0140
OG0013460	Thhalv10008777m.g	Caamp.0052s0142, Caamp.0188s0103
OG0013461	Thhalv10008000m.g	Caamp.0052s0173, Caamp.0188s0125
OG0013462	Thhalv10006949m.g	Caamp.0188s0130, Caamp.0052s0180
OG0013463	Thhalv10009271m.g	Caamp.0188s0148, Caamp.0071s0166
OG0013464	Thhalv10007416m.g	Caamp.0071s0170, Caamp.0188s0152
OG0013465	Thhalv10008740m.g	Caamp.0071s0171, Caamp.0188s0153
OG0013466	Thhalv10008640m.g	Caamp.0188s0159, Caamp.0071s0178
OG0013467	Thhalv10007016m.g	Caamp.0188s0160
OG0013468	Thhalv10009083m.g	Caamp.0071s0185, Caamp.0188s0168
OG0013469	Thhalv10009916m.g	Caamp.0071s0189, Caamp.0188s0171
OG0013470	Thhalv10007724m.g	Caamp.0188s0173, Caamp.0071s0191
OG0013471	Thhalv10010010m.g	Caamp.0071s0194, Caamp.0188s0176
OG0013472	Thhalv10007237m.g	Caamp.0188s0178, Caamp.0071s0197
OG0013473	Thhalv10006772m.g	Caamp.0188s0180, Caamp.0071s0201
OG0013474	Thhalv10009060m.g	Caamp.0188s0183, Caamp.0071s0204
OG0013475	Thhalv10009555m.g	Caamp.0188s0201, Caamp.0071s0228
OG0013476	Thhalv10024126m.g	Caamp.0188s0205
OG0013476	Thhalv10007012m.g	Caamp.0071s0232
OG0013477	Thhalv10009979m.g	Caamp.0188s0207
OG0013478	Thhalv10007409m.g	Caamp.0188s0209, Caamp.0071s0235
OG0013479	Thhalv10007263m.g	Caamp.0188s0217, Caamp.0071s0242
OG0013480	Thhalv10009211m.g	Caamp.0071s0243, Caamp.0188s0218
OG0013481	Thhalv10008296m.g	Caamp.0188s0219
OG0013482	Thhalv10008605m.g	Caamp.0188s0228, Caamp.0071s0256
OG0013483	Thhalv10008322m.g	Caamp.0188s0246, Caamp.0071s0278
OG0013484	Thhalv10008344m.g	Caamp.0188s0247, Caamp.0071s0279
OG0013485	Thhalv10008305m.g	Caamp.0188s0248, Caamp.0071s0280
OG0013486	Thhalv10009626m.g	Caamp.0052s0328, Caamp.0188s0256
OG0013487	Thhalv10007041m.g	Caamp.0188s0259, Caamp.0052s0323
OG0013488	Thhalv10008262m.g	Caamp.0052s0321, Caamp.0188s0261
OG0013489	Thhalv10007202m.g	Caamp.0188s0262, Caamp.0052s0320
OG0013490	Thhalv10006602m.g	Caamp.0188s0268, Caamp.0052s0314
OG0013491	Thhalv10007006m.g	Caamp.0052s0313, Caamp.0188s0269
OG0013492	Thhalv10006873m.g	Caamp.0052s0309, Caamp.0188s0273
OG0013493	Thhalv10007013m.g	Caamp.0188s0276, Caamp.0052s0307
OG0013494	Thhalv10009702m.g	Caamp.0188s0280, Caamp.0052s0301
OG0013495	Thhalv10008229m.g	Caamp.0052s0289, Caamp.0188s0294
OG0013496	Thhalv10007255m.g	Caamp.0052s0286, Caamp.0188s0296
OG0013497	Thhalv10006940m.g	Caamp.0052s0285, Caamp.0188s0298
OG0013498	Thhalv10008718m.g	Caamp.0188s0299, Caamp.0052s0282
OG0013499	Thhalv10008773m.g	Caamp.0052s0268, Caamp.0188s0314
OG0013500	Thhalv10006620m.g	Caamp.0188s0317, Caamp.0052s0264
OG0013501	Thhalv10006880m.g	Caamp.0188s0348, Caamp.0052s0228
OG0013502	Thhalv10007897m.g	Caamp.0188s0349, Caamp.0052s0227
OG0013503	Thhalv10009099m.g	Caamp.0052s0224, Caamp.0188s0353
OG0013504	Thhalv10009349m.g	Caamp.0052s0211, Caamp.0188s0365
OG0013505	Thhalv10008829m.g	Caamp.0052s0210, Caamp.0188s0366
OG0013507	Thhalv10007640m.g	Caamp.0188s0373
OG0013508	Thhalv10009091m.g	Caamp.0052s0190, Caamp.0188s0379
OG0013509	Thhalv10009895m.g	Caamp.0188s0380, Caamp.0052s0191
OG0013510	Thhalv10008924m.g	Caamp.0052s0200, Caamp.0188s0388
OG0013511	Thhalv10007216m.g	Caamp.0188s0398, Caamp.0071s0149
OG0013512	Thhalv10009322m.g	Caamp.0188s0406
OG0013512	Thhalv10009569m.g	Caamp.0071s0141
OG0013513	Thhalv10009942m.g, Thhalv10023017m.g	Caamp.0188s0408
OG0013514	Thhalv10007534m.g	Caamp.0188s0411, Caamp.0071s0137
OG0013515	Thhalv10007276m.g	Caamp.0071s0134, Caamp.0188s0415
OG0013516	Thhalv10007195m.g	Caamp.0071s0126, Caamp.0188s0420
OG0013517	Thhalv10008746m.g	Caamp.0188s0421, Caamp.0071s0125
OG0013518	Thhalv10007948m.g	Caamp.0188s0422, Caamp.0071s0124
OG0013519	Thhalv10010043m.g	Caamp.0071s0123, Caamp.0188s0423
OG0013520	Thhalv10009780m.g, Thhalv10023120m.g	Caamp.0071s0120, Caamp.0188s0427, Caamp.0188s0425
OG0013521	Thhalv10007793m.g	Caamp.0071s0108, Caamp.0188s0439
OG0013522	Thhalv10007507m.g, Thhalv10007439m.g	Caamp.0188s0448
OG0013523	Thhalv10007425m.g	Caamp.0188s0449
OG0013524	Thhalv10005577m.g, Thhalv10006828m.g	Caamp.0188s0454
OG0013525	Thhalv10010019m.g	Caamp.0188s0464, Caamp.0071s0089
OG0013526	Thhalv10008054m.g	Caamp.0188s0468, Caamp.0071s0085
OG0013527	Thhalv10007815m.g	Caamp.0188s0473, Caamp.0071s0081
OG0013528	Thhalv10009343m.g	Caamp.0071s0077, Caamp.0188s0478
OG0013529	Thhalv10007450m.g	Caamp.0188s0482, Caamp.0071s0071
OG0013530	Thhalv10009205m.g	Caamp.0071s0062, Caamp.0188s0486
OG0013531	Thhalv10009738m.g, Thhalv10023152m.g	Caamp.0188s0493
OG0013532	Thhalv10008250m.g	Caamp.0188s0494, Caamp.0071s0056
OG0013533	Thhalv10007428m.g	Caamp.0188s0517
OG0013534	Thhalv10007443m.g	Caamp.0188s0523, Caamp.0071s0021
OG0013535	Thhalv10008242m.g	Caamp.0188s0534
OG0013536	Thhalv10008800m.g	Caamp.0071s0008, Caamp.0188s0537
OG0013537	Thhalv10006996m.g	Caamp.0071s0006, Caamp.0188s0538
OG0013538	Thhalv10008532m.g	Caamp.0071s0005, Caamp.0188s0539
OG0013539	Thhalv10008948m.g	Caamp.0040s0002, Caamp.0188s0542
OG0013540	Thhalv10008459m.g	Caamp.0040s0007, Caamp.0188s0546
OG0013541	Thhalv10008529m.g	Caamp.0040s0010, Caamp.0188s0549
OG0013542	Thhalv10008608m.g	Caamp.0040s0015, Caamp.0188s0553
OG0013543	Thhalv10008846m.g	Caamp.0040s0016, Caamp.0188s0554
OG0013545	Thhalv10007241m.g	Caamp.0040s0026, Caamp.0188s0564
OG0013546	Thhalv10008236m.g	Caamp.0188s0565, Caamp.0040s0027
OG0013547	Thhalv10009831m.g	Caamp.0040s0031, Caamp.0188s0568
OG0013548	Thhalv10007578m.g	Caamp.0188s0575, Caamp.0040s0039
OG0013549	Thhalv10008160m.g	Caamp.0040s0053, Caamp.0188s0595
OG0013550	Thhalv10009754m.g	Caamp.0040s0057, Caamp.0188s0599
OG0013551	Thhalv10009008m.g	Caamp.0188s0609, Caamp.0040s0070
OG0013552	Thhalv10008756m.g	Caamp.0188s0611, Caamp.0040s0072
OG0013553	Thhalv10007171m.g	Caamp.0188s0612, Caamp.0040s0073
OG0013554	Thhalv10007261m.g	Caamp.0188s0616, Caamp.0040s0078
OG0013555	Thhalv10009435m.g	Caamp.0188s0618, Caamp.0040s0080
OG0013556	Thhalv10007602m.g	Caamp.0188s0619, Caamp.0040s0081
OG0013557	Thhalv10007211m.g	Caamp.0040s0087, Caamp.0188s0624
OG0013558	Thhalv10008995m.g	Caamp.0040s0089, Caamp.0188s0626
OG0013559	Thhalv10008333m.g	Caamp.0040s0093, Caamp.0188s0631
OG0013560	Thhalv10008534m.g	Caamp.0188s0635, Caamp.0040s0098
OG0013561	Thhalv10008881m.g	Caamp.0188s0640
OG0013562	Thhalv10006547m.g	Caamp.0188s0644
OG0013563	Thhalv10008845m.g	Caamp.0188s0650
OG0013564	Thhalv10008186m.g	Caamp.0040s0119, Caamp.0188s0657
OG0013565	Thhalv10008159m.g	Caamp.0040s0125, Caamp.0188s0663
OG0013566	Thhalv10007025m.g	Caamp.0040s0130, Caamp.0188s0669
OG0013567	Thhalv10008198m.g	Caamp.0040s0131, Caamp.0188s0670
OG0013568	Thhalv10007892m.g	Caamp.0188s0677, Caamp.0040s0141
OG0013569	Thhalv10008783m.g	Caamp.0040s0153, Caamp.0188s0685
OG0013570	Thhalv10008111m.g	Caamp.0040s0168, Caamp.0188s0699
OG0013571	Thhalv10007638m.g	Caamp.0188s0705, Caamp.0040s0173
OG0013572	Thhalv10009837m.g	Caamp.0188s0707
OG0013573	Thhalv10007810m.g	Caamp.0046s0151, Caamp.0188s0711
OG0013574	Thhalv10008259m.g	Caamp.0188s0712, Caamp.0046s0152
OG0013575	Thhalv10007905m.g	Caamp.0046s0159, Caamp.0188s0722
OG0013576	Thhalv10009396m.g	Caamp.0046s0165, Caamp.0188s0727
OG0013577	Thhalv10007052m.g	Caamp.0046s0167, Caamp.0188s0729
OG0013578	Thhalv10010021m.g	Caamp.0188s0732, Caamp.0046s0169
OG0013579	Thhalv10008436m.g	Caamp.0046s0177, Caamp.0188s0740
OG0013580	Thhalv10008810m.g	Caamp.0188s0751, Caamp.0046s0187
OG0013581	Thhalv10007825m.g	Caamp.0046s0192, Caamp.0188s0758
OG0013582	Thhalv10007268m.g	Caamp.0046s0193, Caamp.0188s0759
OG0013583	Thhalv10007325m.g	Caamp.0046s0201, Caamp.0188s0767
OG0013584	Thhalv10009062m.g	Caamp.0046s0206, Caamp.0188s0770
OG0013585	Thhalv10006865m.g	Caamp.0056s0152, Caamp.0188s0772
OG0013586	Thhalv10009800m.g	Caamp.0188s0773, Caamp.0056s0151
OG0013587	Thhalv10008905m.g	Caamp.0188s0777
OG0013588	Thhalv10007929m.g	Caamp.0188s0780, Caamp.0056s0147
OG0013589	Thhalv10008189m.g	Caamp.0056s0146, Caamp.0188s0781
OG0013590	Thhalv10008934m.g	Caamp.0056s0143, Caamp.0188s0785, Caamp.0056s0142
OG0013591	Thhalv10007362m.g	Caamp.0188s0788, Caamp.0056s0138
OG0013592	Thhalv10008574m.g	Caamp.0188s0796, Caamp.0056s0129
OG0013593	Thhalv10008572m.g	Caamp.0056s0128, Caamp.0188s0799
OG0013594	Thhalv10009951m.g	Caamp.0188s0801, Caamp.0056s0126
OG0013595	Thhalv10008207m.g	Caamp.0188s0804, Caamp.0056s0124
OG0013596	Thhalv10008768m.g	Caamp.0056s0123, Caamp.0188s0805
OG0013597	Thhalv10007291m.g	Caamp.0188s0812, Caamp.0056s0117
OG0013599	Thhalv10009864m.g	Caamp.0056s0109, Caamp.0188s0820
OG0013600	Thhalv10007101m.g	Caamp.0056s0103, Caamp.0188s0827
OG0013601	Thhalv10006720m.g	Caamp.0188s0832, Caamp.0056s0097
OG0013602	Thhalv10006649m.g	Caamp.0188s0834, Caamp.0056s0094
OG0013603	Thhalv10008181m.g	Caamp.0188s0835, Caamp.0056s0093
OG0013604	Thhalv10006668m.g	Caamp.0188s0839, Caamp.0056s0090
OG0013605	Thhalv10008832m.g	Caamp.0188s0860, Caamp.0056s0069
OG0013606	Thhalv10007078m.g	Caamp.0188s0863, Caamp.0056s0066
OG0013607	Thhalv10007018m.g	Caamp.0188s0874, Caamp.0056s0051
OG0013608	Thhalv10009484m.g	Caamp.0056s0039, Caamp.0188s0886
OG0013609	Thhalv10008462m.g	Caamp.0188s0897, Caamp.0056s0027
OG0013610	Thhalv10007735m.g	Caamp.0056s0026, Caamp.0188s0898
OG0013611	Thhalv10007051m.g	Caamp.0056s0024, Caamp.0188s0900
OG0013612	Thhalv10009926m.g	Caamp.0188s0903, Caamp.0056s0022
OG0013613	Thhalv10003361m.g	Caamp.0188s0909
OG0013614	Thhalv10008747m.g, Thhalv10022497m.g	Caamp.0188s0918
OG0013615	Thhalv10006864m.g	Caamp.0188s0922
OG0013616	Thhalv10007494m.g	Caamp.0188s0923
OG0013617	Thhalv10006771m.g	Caamp.0188s0925, Caamp.0056s0002
OG0013618	Thhalv10007802m.g	Caamp.0188s0933, Caamp.0056s0010
OG0013619	Thhalv10008491m.g	Caamp.0188s0934, Caamp.0056s0011
OG0013620	Thhalv10008277m.g	Caamp.0188s0935, Caamp.0056s0012
OG0013621	Thhalv10008901m.g	Caamp.0056s0013, Caamp.0188s0936
OG0013622	Thhalv10007577m.g	Caamp.0056s0014, Caamp.0188s0937
OG0013623	Thhalv10007694m.g	Caamp.0056s0020, Caamp.0188s0943
OG0013624	Thhalv10009355m.g	Caamp.0056s0265, Caamp.0188s0949, Caamp.0024s0380
OG0013625	Thhalv10009749m.g	Caamp.0188s1055
OG0013626	Thhalv10009432m.g	Caamp.0275s0085, Caamp.0188s1090
OG0013627	Thhalv10008889m.g	Caamp.0188s1092, Caamp.0275s0083
OG0013628	Thhalv10007848m.g	Caamp.0188s1113, Caamp.0275s0068
OG0013629	Thhalv10007636m.g	Caamp.0188s1120
OG0013630	Thhalv10008789m.g	Caamp.0275s0048, Caamp.0188s1130
OG0013631	Thhalv10006647m.g	Caamp.0188s1138, Caamp.0275s0037
OG0013632	Thhalv10006989m.g	Caamp.0275s0028, Caamp.0188s1145
OG0013633	Thhalv10007106m.g	Caamp.0275s0013, Caamp.0188s1158
OG0013634	Thhalv10009013m.g	Caamp.0275s0009, Caamp.0188s1159
OG0013635	Thhalv10022490m.g	Caamp.0019s0113, Caamp.0019s0019, Caamp.0019s0044
OG0013636	Thhalv10007306m.g	Caamp.0190s0005, Caamp.0046s0480
OG0013638	Thhalv10007637m.g, Thhalv10007270m.g	Caamp.0190s0036
OG0013639	Thhalv10007795m.g	Caamp.0046s0518, Caamp.0190s0046
OG0013640	Thhalv10007750m.g	Caamp.0046s0543, Caamp.0190s0070
OG0013641	Thhalv10008611m.g	Caamp.0046s0560, Caamp.0190s0087
OG0013642	Thhalv10007405m.g	Caamp.0190s0104, Caamp.0046s0576
OG0013643	Thhalv10008012m.g	Caamp.0190s0108, Caamp.0046s0579
OG0013644	Thhalv10007050m.g	Caamp.0046s0586, Caamp.0190s0113
OG0013645	Thhalv10009074m.g	Caamp.0046s0587, Caamp.0190s0114
OG0013646	Thhalv10009526m.g	Caamp.0190s0115, Caamp.0046s0588
OG0013647	Thhalv10009273m.g	Caamp.0190s0118, Caamp.0046s0591, Caamp.0190s0120
OG0013648	Thhalv10009605m.g	Caamp.0190s0151
OG0013649	Thhalv10007890m.g	Caamp.0190s0153
OG0013650	Thhalv10011481m.g	Caamp.0190s0159
OG0013651	Thhalv10011875m.g	Caamp.0064s0866, Caamp.0190s0187
OG0013652	Thhalv10011976m.g	Caamp.0190s0194, Caamp.0064s0875
OG0013653	Thhalv10011436m.g	Caamp.0190s0195, Caamp.0064s0877
OG0013654	Thhalv10011532m.g	Caamp.0190s0205, Caamp.0064s0885
OG0013655	Thhalv10011827m.g	Caamp.0064s0890, Caamp.0190s0210
OG0013656	Thhalv10011554m.g	Caamp.0064s0891, Caamp.0190s0211
OG0013657	Thhalv10026434m.g	Caamp.0190s0237, Caamp.0094s1042
OG0013658	Thhalv10025588m.g	Caamp.0190s0238, Caamp.0094s1043
OG0013659	Thhalv10025710m.g	Caamp.0190s0244, Caamp.0094s1053
OG0013660	Thhalv10024497m.g	Caamp.0094s1054, Caamp.0190s0245
OG0013661	Thhalv10024733m.g	Caamp.0190s0246, Caamp.0094s1055
OG0013662	Thhalv10025621m.g	Caamp.0190s0249
OG0013663	Thhalv10026634m.g	Caamp.0094s1065, Caamp.0190s0253
OG0013664	Thhalv10026935m.g	Caamp.0190s0254, Caamp.0094s1066
OG0013665	Thhalv10026184m.g	Caamp.0190s0260, Caamp.0094s1072
OG0013666	Thhalv10026379m.g	Caamp.0094s1074, Caamp.0190s0263
OG0013667	Thhalv10024293m.g	Caamp.0094s1079, Caamp.0190s0269
OG0013668	Thhalv10026547m.g	Caamp.0190s0292, Caamp.0094s1107
OG0013669	Thhalv10026046m.g	Caamp.0190s0301, Caamp.0094s1112
OG0013670	Thhalv10027068m.g	Caamp.0190s0302
OG0013671	Thhalv10024619m.g	Caamp.0094s1122, Caamp.0190s0313
OG0013672	Thhalv10025074m.g	Caamp.0190s0315, Caamp.0094s1125
OG0013673	Thhalv10024847m.g	Caamp.0190s0323
OG0013674	Thhalv10025360m.g	Caamp.0190s0331, Caamp.0094s1140
OG0013675	Thhalv10024744m.g	Caamp.0190s0333
OG0013676	Thhalv10027219m.g	Caamp.0190s0334
OG0013677	Thhalv10025206m.g	Caamp.0094s1143, Caamp.0190s0336
OG0013678	Thhalv10026656m.g	Caamp.0190s0339, Caamp.0094s1146
OG0013679	Thhalv10024996m.g	Caamp.0190s0340, Caamp.0094s1147
OG0013680	Thhalv10025118m.g	Caamp.0190s0343, Caamp.0094s1150
OG0013681	Thhalv10024776m.g	Caamp.0190s0344, Caamp.0094s1151
OG0013682	Thhalv10027187m.g, Thhalv10022104m.g	Caamp.0094s1157, Caamp.0190s0350
OG0013683	Thhalv10024951m.g	Caamp.0190s0362
OG0013684	Thhalv10026289m.g	Caamp.0003s0035, Caamp.0190s0395
OG0013685	Thhalv10024353m.g	Caamp.0190s0409, Caamp.0003s0044, Caamp.0003s0045
OG0013686	Thhalv10025480m.g	Caamp.0190s0411
OG0013687	Thhalv10026549m.g	Caamp.0190s0412, Caamp.0003s0048
OG0013688	Thhalv10026625m.g	Caamp.0190s0424, Caamp.0003s0061
OG0013689	Thhalv10025858m.g	Caamp.0190s0435, Caamp.0003s0073
OG0013690	Thhalv10026254m.g	Caamp.0003s0079, Caamp.0190s0441
OG0013691	Thhalv10026569m.g	Caamp.0190s0444, Caamp.0003s0082
OG0013692	Thhalv10025771m.g	Caamp.0003s0086, Caamp.0190s0448
OG0013693	Thhalv10024755m.g	Caamp.0003s0099, Caamp.0190s0464
OG0013694	Thhalv10024541m.g	Caamp.0190s0478, Caamp.0003s0111
OG0013695	Thhalv10025269m.g	Caamp.0003s0112, Caamp.0190s0479
OG0013696	Thhalv10027549m.g	Caamp.0190s0485, Caamp.0003s0114
OG0013697	Thhalv10024876m.g	Caamp.0003s0117, Caamp.0190s0490
OG0013698	Thhalv10027138m.g	Caamp.0190s0493
OG0013699	Thhalv10024921m.g	Caamp.0190s0499, Caamp.0003s0125
OG0013700	Thhalv10027588m.g	Caamp.0003s0126, Caamp.0190s0500
OG0013701	Thhalv10024736m.g	Caamp.0190s0502
OG0013702	Thhalv10026026m.g	Caamp.0003s0157, Caamp.0190s0511
OG0013703	Thhalv10025928m.g	Caamp.0003s0155, Caamp.0190s0513
OG0013704	Thhalv10024258m.g	Caamp.0003s0154, Caamp.0190s0514
OG0013705	Thhalv10025190m.g	Caamp.0003s0153, Caamp.0190s0515
OG0013706	Thhalv10024427m.g, Thhalv10024426m.g	Caamp.0190s0517
OG0013707	Thhalv10025780m.g	Caamp.0003s0149, Caamp.0190s0519
OG0013708	Thhalv10024690m.g	Caamp.0003s0148, Caamp.0190s0520
OG0013709	Thhalv10025565m.g	Caamp.0190s0523, Caamp.0003s0145
OG0013710	Thhalv10025232m.g	Caamp.0190s0525, Caamp.0097s0576
OG0013711	Thhalv10026428m.g	Caamp.0003s0142, Caamp.0190s0526
OG0013712	Thhalv10027160m.g	Caamp.0003s0133, Caamp.0190s0527
OG0013713	Thhalv10025155m.g	Caamp.0190s0537
OG0013714	Thhalv10025348m.g	Caamp.0190s0539
OG0013715	Thhalv10025000m.g	Caamp.0003s0174, Caamp.0190s0543
OG0013716	Thhalv10025527m.g	Caamp.0003s0167, Caamp.0190s0550
OG0013717	Thhalv10025885m.g	Caamp.0190s0551, Caamp.0003s0166
OG0013718	Thhalv10025270m.g	Caamp.0003s0165, Caamp.0190s0552
OG0013719	Thhalv10026329m.g	Caamp.0190s0560, Caamp.0003s0183
OG0013720	Thhalv10026757m.g	Caamp.0003s0192, Caamp.0190s0569
OG0013721	Thhalv10024936m.g	Caamp.0003s0193, Caamp.0190s0570
OG0013722	Thhalv10024333m.g	Caamp.0003s0198, Caamp.0190s0576
OG0013723	Thhalv10026637m.g	Caamp.0190s0581, Caamp.0003s0201
OG0013724	Thhalv10024671m.g, Thhalv10024672m.g	Caamp.0190s0584
OG0013725	Thhalv10026143m.g	Caamp.0190s0585
OG0013726	Thhalv10026382m.g	Caamp.0190s0586
OG0013727	Thhalv10025470m.g	Caamp.0003s0206, Caamp.0190s0590
OG0013728	Thhalv10026158m.g	Caamp.0003s0207, Caamp.0190s0591
OG0013729	Thhalv10026492m.g	Caamp.0190s0598
OG0013730	Thhalv10024937m.g	Caamp.0190s0600, Caamp.0003s0215
OG0013731	Thhalv10027110m.g	Caamp.0003s0220, Caamp.0190s0605
OG0013732	Thhalv10025308m.g	Caamp.0003s0227, Caamp.0190s0612
OG0013733	Thhalv10027053m.g	Caamp.0003s0247, Caamp.0190s0630
OG0013734	Thhalv10026982m.g	Caamp.0003s0254, Caamp.0190s0638
OG0013735	Thhalv10025070m.g, Thhalv10024614m.g	Caamp.0190s0642, Caamp.0003s0258
OG0013736	Thhalv10024706m.g	Caamp.0003s0259, Caamp.0190s0643
OG0013737	Thhalv10025724m.g	Caamp.0190s0646, Caamp.0003s0261
OG0013738	Thhalv10025817m.g	Caamp.0190s0652, Caamp.0003s0268
OG0013739	Thhalv10024899m.g	Caamp.0190s0659, Caamp.0003s0276
OG0013740	Thhalv10025590m.g	Caamp.0190s0664
OG0013741	Thhalv10025071m.g	Caamp.0003s0283, Caamp.0190s0666
OG0013742	Thhalv10025169m.g	Caamp.0003s0328, Caamp.0190s0696
OG0013743	Thhalv10025623m.g	Caamp.0190s0697, Caamp.0003s0329
OG0013744	Thhalv10024773m.g, Thhalv10000003m.g	Caamp.0190s0699
OG0013745	Thhalv10025474m.g	Caamp.0190s0703
OG0013746	Thhalv10027121m.g, Thhalv10026321m.g	Caamp.0003s0347, Caamp.0190s0712
OG0013747	Thhalv10025672m.g	Caamp.0190s0714, Caamp.0003s0352
OG0013748	Thhalv10025023m.g	Caamp.0190s0715, Caamp.0003s0353
OG0013749	Thhalv10025675m.g	Caamp.0190s0717, Caamp.0003s0355
OG0013750	Thhalv10027548m.g	Caamp.0190s0718, Caamp.0003s0356
OG0013751	Thhalv10025744m.g	Caamp.0003s0360, Caamp.0190s0724
OG0013753	Thhalv10026519m.g	Caamp.0003s0370, Caamp.0190s0741
OG0013754	Thhalv10025758m.g	Caamp.0003s0402, Caamp.0190s0772
OG0013755	Thhalv10026500m.g	Caamp.0003s0406, Caamp.0190s0778
OG0013756	Thhalv10026583m.g	Caamp.0190s0803
OG0013757	Thhalv10025850m.g	Caamp.0190s0805, Caamp.0003s0425
OG0013758	Thhalv10025897m.g	Caamp.0003s0435, Caamp.0190s0816
OG0013759	Thhalv10024998m.g	Caamp.0190s0824, Caamp.0003s0445
OG0013760	Thhalv10026556m.g	Caamp.0003s0451, Caamp.0190s0831
OG0013761	Thhalv10024471m.g	Caamp.0003s0459, Caamp.0190s0841
OG0013762	Thhalv10025271m.g	Caamp.0003s0460, Caamp.0190s0843
OG0013763	Thhalv10027571m.g	Caamp.0190s0851, Caamp.0003s0465
OG0013764	Thhalv10024501m.g	Caamp.0190s0859
OG0013765	Thhalv10024459m.g	Caamp.0190s0860
OG0013768	Thhalv10024580m.g	Caamp.0003s0487, Caamp.0190s0876
OG0013769	Thhalv10026571m.g	Caamp.0004s0049, Caamp.0003s0491, Caamp.0190s0880
OG0013770	Thhalv10024364m.g	Caamp.0190s0883, Caamp.0003s0493
OG0013771	Thhalv10024584m.g	Caamp.0190s0885, Caamp.0003s0494
OG0013772	Thhalv10027352m.g	Caamp.0003s0517, Caamp.0190s0907
OG0013773	Thhalv10025851m.g	Caamp.0190s0910
OG0013774	Thhalv10026088m.g	Caamp.0003s0530, Caamp.0190s0922
OG0013775	Thhalv10024898m.g	Caamp.0003s0535, Caamp.0190s0926
OG0013776	Thhalv10025632m.g	Caamp.0003s0536, Caamp.0190s0927
OG0013777	Thhalv10026240m.g	Caamp.0190s0928, Caamp.0003s0537
OG0013778	Thhalv10026094m.g	Caamp.0190s0930, Caamp.0003s0539
OG0013779	Thhalv10026700m.g	Caamp.0003s0545, Caamp.0190s0935
OG0013780	Thhalv10027256m.g	Caamp.0003s0546, Caamp.0190s0936
OG0013781	Thhalv10027180m.g	Caamp.0190s0937
OG0013782	Thhalv10010168m.g	Caamp.0190s0939
OG0013783	Thhalv10024340m.g	Caamp.0003s0570, Caamp.0190s0963
OG0013784	Thhalv10024436m.g	Caamp.0003s0581, Caamp.0190s0973
OG0013785	Thhalv10027268m.g	Caamp.0190s0989, Caamp.0003s0590
OG0013786	Thhalv10024401m.g	Caamp.0003s0592, Caamp.0190s0991
OG0013787	Thhalv10026404m.g	Caamp.0190s0992, Caamp.0003s0593
OG0013788	Thhalv10026808m.g	Caamp.0190s0998, Caamp.0003s0601
OG0013789	Thhalv10027562m.g	Caamp.0190s1000, Caamp.0003s0603
OG0013790	Thhalv10025384m.g	Caamp.0190s1007, Caamp.0003s0608
OG0013791	Thhalv10026017m.g	Caamp.0190s1011
OG0013792	Thhalv10024555m.g	Caamp.0190s1013
OG0013793	Thhalv10025864m.g, Thhalv10003489m.g	Caamp.0190s1021
OG0013795	Thhalv10025529m.g	Caamp.0003s0629, Caamp.0190s1030
OG0013796	Thhalv10025855m.g	Caamp.0190s1036, Caamp.0003s0635
OG0013797	Thhalv10025918m.g	Caamp.0190s1039, Caamp.0003s0637
OG0013798	Thhalv10024877m.g	Caamp.0190s1041
OG0013799	Thhalv10024377m.g	Caamp.0190s1052
OG0013800	Thhalv10026132m.g	Caamp.0190s1053
OG0013801	Thhalv10027388m.g	Caamp.0190s1061, Caamp.0003s0660
OG0013802	Thhalv10024616m.g	Caamp.0190s1063, Caamp.0003s0662
OG0013803	Thhalv10025238m.g	Caamp.0003s0673, Caamp.0190s1073
OG0013804	Thhalv10024756m.g	Caamp.0190s1080, Caamp.0003s0677
OG0013805	Thhalv10027250m.g	Caamp.0190s1082, Caamp.0003s0679
OG0013806	Thhalv10025244m.g	Caamp.0190s1087
OG0013807	Thhalv10025708m.g	Caamp.0190s1099
OG0013808	Thhalv10025514m.g	Caamp.0003s0698, Caamp.0190s1100
OG0013809	Thhalv10024618m.g	Caamp.0003s0702, Caamp.0190s1104
OG0013811	Thhalv10026141m.g	Caamp.0190s1109
OG0013812	Thhalv10025416m.g	Caamp.0190s1110
OG0013813	Thhalv10024375m.g	Caamp.0003s0722, Caamp.0190s1119
OG0013814	Thhalv10024220m.g	Caamp.0190s1123
OG0013815	Thhalv10027351m.g	Caamp.0190s1125
OG0013816	Thhalv10022947m.g	Caamp.0190s1141
OG0013817	Thhalv10022791m.g	Caamp.0190s1147
OG0013818	Thhalv10023010m.g	Caamp.0026s0794, Caamp.0190s1150
OG0013819	Thhalv10022593m.g	Caamp.0026s0790, Caamp.0190s1151
OG0013820	Thhalv10022769m.g	Caamp.0026s0779, Caamp.0190s1175
OG0013821	Thhalv10022881m.g	Caamp.0190s1234, Caamp.0026s0721
OG0013822	Thhalv10022992m.g	Caamp.0026s0724, Caamp.0190s1238
OG0013823	Thhalv10022613m.g	Caamp.0190s1240, Caamp.0026s0725
OG0013824	Thhalv10022784m.g	Caamp.0190s1253, Caamp.0026s0719
OG0013825	Thhalv10022527m.g	Caamp.0026s0711, Caamp.0190s1264
OG0013826	Thhalv10022532m.g	Caamp.0026s0682, Caamp.0190s1293
OG0013827	Thhalv10022595m.g	Caamp.0026s0644, Caamp.0190s1330
OG0013828	Thhalv10022583m.g	Caamp.0026s0638, Caamp.0190s1333
OG0013829	Thhalv10022876m.g	Caamp.0026s0637, Caamp.0190s1334
OG0013830	Thhalv10022585m.g	Caamp.0190s1350
OG0013831	Thhalv10023059m.g	Caamp.0190s1367
OG0013832	Thhalv10022893m.g	Caamp.0190s1370, Caamp.0026s0595
OG0013833	Thhalv10022533m.g	Caamp.0026s0593, Caamp.0190s1372
OG0013834	Thhalv10018055m.g	Caamp.0002s0073
OG0013835	Thhalv10019189m.g	Caamp.0002s0115, Caamp.0006s0606
OG0013836	Thhalv10018612m.g	Caamp.0006s0605, Caamp.0002s0116
OG0013837	Thhalv10019672m.g	Caamp.0002s0133, Caamp.0006s0596
OG0013838	Thhalv10018488m.g	Caamp.0006s0593, Caamp.0002s0136
OG0013839	Thhalv10018669m.g	Caamp.0006s0592, Caamp.0002s0137
OG0013840	Thhalv10018780m.g	Caamp.0002s0140
OG0013841	Thhalv10019032m.g	Caamp.0002s0174, Caamp.0303s0695
OG0013842	Thhalv10019003m.g	Caamp.0303s0693, Caamp.0002s0177
OG0013843	Thhalv10019077m.g	Caamp.0303s0692, Caamp.0002s0178
OG0013844	Thhalv10018552m.g	Caamp.0002s0179, Caamp.0303s0691
OG0013845	Thhalv10019078m.g	Caamp.0303s0690, Caamp.0002s0180
OG0013846	Thhalv10019048m.g	Caamp.0002s0182, Caamp.0303s0688
OG0013847	Thhalv10019331m.g	Caamp.0002s0192, Caamp.0303s0680
OG0013848	Thhalv10019679m.g	Caamp.0002s0195, Caamp.0002s0194
OG0013849	Thhalv10019076m.g	Caamp.0002s0215, Caamp.0303s0662
OG0013850	Thhalv10018311m.g	Caamp.0303s0661, Caamp.0002s0216
OG0013851	Thhalv10018109m.g	Caamp.0303s0658, Caamp.0002s0219
OG0013852	Thhalv10019173m.g	Caamp.0002s0242, Caamp.0303s0641
OG0013853	Thhalv10023000m.g, Thhalv10023106m.g	Caamp.0002s0272
OG0013854	Thhalv10018726m.g	Caamp.0002s0278, Caamp.0303s0616
OG0013855	Thhalv10018303m.g	Caamp.0002s0290, Caamp.0303s0607
OG0013856	Thhalv10019541m.g	Caamp.0002s0301, Caamp.0303s0597
OG0013857	Thhalv10019463m.g	Caamp.0303s0592, Caamp.0002s0306
OG0013858	Thhalv10018977m.g	Caamp.0002s0308, Caamp.0303s0589
OG0013859	Thhalv10018824m.g	Caamp.0002s0311, Caamp.0303s0587
OG0013860	Thhalv10019847m.g	Caamp.0002s0314
OG0013861	Thhalv10018942m.g	Caamp.0002s0318
OG0013862	Thhalv10019154m.g	Caamp.0002s0325
OG0013863	Thhalv10019574m.g	Caamp.0064s0516, Caamp.0002s0330
OG0013864	Thhalv10019521m.g	Caamp.0002s0338, Caamp.0064s0527
OG0013865	Thhalv10019033m.g	Caamp.0002s0343, Caamp.0064s0532
OG0013866	Thhalv10019384m.g	Caamp.0064s0534, Caamp.0002s0345
OG0013867	Thhalv10019447m.g	Caamp.0064s0549, Caamp.0002s0362
OG0013868	Thhalv10019233m.g	Caamp.0002s0367, Caamp.0064s0554
OG0013869	Thhalv10019564m.g	Caamp.0064s0556, Caamp.0002s0369
OG0013871	Thhalv10019470m.g	Caamp.0036s0033, Caamp.0030s0015, Caamp.0021s0026, Caamp.0004s0303
OG0013872	Thhalv10003628m.g	Caamp.0021s0069, Caamp.0008s0094
OG0013873	Thhalv10020430m.g	Caamp.0214s0018, Caamp.0078s0962
OG0013874	Thhalv10021322m.g	Caamp.0078s0958, Caamp.0214s0022
OG0013875	Thhalv10021761m.g	Caamp.0078s0953, Caamp.0214s0025
OG0013876	Thhalv10022397m.g	Caamp.0078s0938, Caamp.0214s0042
OG0013878	Thhalv10021089m.g	Caamp.0214s0060, Caamp.0078s0918
OG0013879	Thhalv10020741m.g	Caamp.0214s0072, Caamp.0078s0907
OG0013880	Thhalv10020371m.g	Caamp.0078s0904, Caamp.0214s0078
OG0013881	Thhalv10021093m.g	Caamp.0078s0896, Caamp.0214s0080
OG0013882	Thhalv10020438m.g	Caamp.0078s0884, Caamp.0214s0089
OG0013883	Thhalv10020876m.g	Caamp.0214s0095, Caamp.0078s0879
OG0013884	Thhalv10020509m.g	Caamp.0214s0097, Caamp.0078s0877
OG0013885	Thhalv10021363m.g	Caamp.0214s0099, Caamp.0078s0875
OG0013886	Thhalv10021412m.g	Caamp.0214s0114, Caamp.0078s0860
OG0013887	Thhalv10021434m.g	Caamp.0078s0859, Caamp.0214s0115
OG0013888	Thhalv10020901m.g	Caamp.0214s0121, Caamp.0078s0853
OG0013889	Thhalv10021699m.g	Caamp.0214s0129, Caamp.0078s0846
OG0013890	Thhalv10020109m.g	Caamp.0078s0833, Caamp.0214s0142
OG0013891	Thhalv10020498m.g	Caamp.0214s0160, Caamp.0078s0817
OG0013892	Thhalv10019987m.g	Caamp.0214s0163, Caamp.0078s0814
OG0013893	Thhalv10020112m.g	Caamp.0078s0813, Caamp.0214s0164
OG0013894	Thhalv10020113m.g	Caamp.0078s0812, Caamp.0214s0165
OG0013895	Thhalv10020272m.g	Caamp.0078s0801, Caamp.0214s0172
OG0013896	Thhalv10020764m.g	Caamp.0214s0175, Caamp.0078s0797
OG0013897	Thhalv10020579m.g	Caamp.0078s0789, Caamp.0214s0180
OG0013898	Thhalv10021264m.g	Caamp.0078s0786, Caamp.0214s0184
OG0013899	Thhalv10020702m.g	Caamp.0078s0784, Caamp.0214s0188
OG0013900	Thhalv10021969m.g	Caamp.0214s0190
OG0013901	Thhalv10021147m.g	Caamp.0214s0198, Caamp.0078s0776
OG0013902	Thhalv10011657m.g	Caamp.0214s0199, Caamp.0078s0765
OG0013903	Thhalv10020022m.g	Caamp.0078s0768, Caamp.0214s0201
OG0013904	Thhalv10020196m.g	Caamp.0078s0772, Caamp.0214s0204
OG0013905	Thhalv10022097m.g	Caamp.0078s0764, Caamp.0214s0208
OG0013906	Thhalv10022228m.g	Caamp.0078s0757, Caamp.0214s0214
OG0013907	Thhalv10020374m.g	Caamp.0078s0756, Caamp.0214s0215
OG0013908	Thhalv10019980m.g	Caamp.0078s0755, Caamp.0214s0216
OG0013909	Thhalv10021214m.g	Caamp.0214s0217, Caamp.0078s0754
OG0013910	Thhalv10002816m.g	Caamp.0214s0230, Caamp.0078s0743
OG0013911	Thhalv10021759m.g, Thhalv10015004m.g	Caamp.0078s0739, Caamp.0214s0234
OG0013912	Thhalv10020370m.g	Caamp.0078s0730, Caamp.0214s0243
OG0013913	Thhalv10020359m.g	Caamp.0214s0252, Caamp.0078s0718
OG0013914	Thhalv10021052m.g	Caamp.0078s0716, Caamp.0214s0254
OG0013915	Thhalv10022398m.g	Caamp.0214s0255, Caamp.0078s0715
OG0013916	Thhalv10020990m.g	Caamp.0214s0257, Caamp.0078s0713
OG0013917	Thhalv10020133m.g	Caamp.0214s0262, Caamp.0078s0706
OG0013918	Thhalv10020854m.g	Caamp.0214s0264, Caamp.0078s0704
OG0013919	Thhalv10020704m.g	Caamp.0214s0265, Caamp.0097s0850
OG0013920	Thhalv10022290m.g	Caamp.0214s0267, Caamp.0078s0702
OG0013921	Thhalv10020586m.g	Caamp.0214s0273, Caamp.0078s0695
OG0013922	Thhalv10020400m.g	Caamp.0214s0276, Caamp.0078s0692
OG0013923	Thhalv10020096m.g	Caamp.0078s0691, Caamp.0214s0277
OG0013924	Thhalv10021130m.g	Caamp.0078s0686, Caamp.0214s0283
OG0013925	Thhalv10021420m.g	Caamp.0078s0679, Caamp.0214s0290
OG0013926	Thhalv10021850m.g	Caamp.0078s0671, Caamp.0214s0298
OG0013927	Thhalv10021215m.g	Caamp.0078s0669, Caamp.0214s0300
OG0013928	Thhalv10022158m.g	Caamp.0078s0665, Caamp.0214s0303
OG0013929	Thhalv10021445m.g	Caamp.0078s0664, Caamp.0214s0304
OG0013930	Thhalv10021454m.g	Caamp.0214s0310, Caamp.0078s0657
OG0013931	Thhalv10021313m.g	Caamp.0214s0316
OG0013932	Thhalv10021229m.g	Caamp.0078s0648, Caamp.0214s0318
OG0013933	Thhalv10020660m.g	Caamp.0078s0645, Caamp.0214s0321
OG0013934	Thhalv10020678m.g	Caamp.0078s0639, Caamp.0214s0327
OG0013935	Thhalv10021478m.g	Caamp.0078s0633, Caamp.0214s0333
OG0013936	Thhalv10021536m.g	Caamp.0214s0336, Caamp.0078s0630
OG0013937	Thhalv10022223m.g	Caamp.0078s0628, Caamp.0214s0338
OG0013938	Thhalv10021308m.g	Caamp.0214s0343, Caamp.0078s0621
OG0013939	Thhalv10020008m.g	Caamp.0303s0002, Caamp.0214s0348
OG0013940	Thhalv10022442m.g	Caamp.0303s0003, Caamp.0214s0350
OG0013941	Thhalv10020288m.g	Caamp.0303s0004, Caamp.0214s0351
OG0013942	Thhalv10021931m.g	Caamp.0214s0358, Caamp.0303s0014
OG0013943	Thhalv10020152m.g	Caamp.0303s0017, Caamp.0214s0361
OG0013944	Thhalv10021360m.g	Caamp.0214s0366, Caamp.0303s0020
OG0013945	Thhalv10022261m.g	Caamp.0303s0022, Caamp.0214s0368
OG0013946	Thhalv10020733m.g	Caamp.0303s0023, Caamp.0214s0370
OG0013947	Thhalv10021706m.g	Caamp.0214s0372, Caamp.0303s0025
OG0013948	Thhalv10020778m.g	Caamp.0303s0031, Caamp.0214s0377
OG0013949	Thhalv10022426m.g	Caamp.0214s0378, Caamp.0303s0032, Caamp.0052s0299
OG0013950	Thhalv10021793m.g	Caamp.0303s0040, Caamp.0214s0385
OG0013951	Thhalv10020460m.g	Caamp.0214s0390, Caamp.0303s0045
OG0013952	Thhalv10020408m.g	Caamp.0214s0391, Caamp.0303s0046
OG0013953	Thhalv10020302m.g	Caamp.0214s0393, Caamp.0303s0048
OG0013954	Thhalv10020219m.g	Caamp.0303s0049, Caamp.0214s0394
OG0013955	Thhalv10021126m.g	Caamp.0303s0050, Caamp.0214s0395
OG0013956	Thhalv10019956m.g	Caamp.0214s0397, Caamp.0303s0052
OG0013957	Thhalv10021548m.g	Caamp.0214s0403
OG0013958	Thhalv10020600m.g	Caamp.0214s0405
OG0013959	Thhalv10020737m.g	Caamp.0303s0067, Caamp.0214s0409
OG0013960	Thhalv10020810m.g	Caamp.0303s0081, Caamp.0214s0425
OG0013961	Thhalv10021590m.g	Caamp.0214s0434, Caamp.0303s0086
OG0013962	Thhalv10020261m.g	Caamp.0214s0436, Caamp.0303s0088
OG0013963	Thhalv10020522m.g	Caamp.0214s0440, Caamp.0303s0092
OG0013964	Thhalv10020181m.g	Caamp.0214s0443, Caamp.0303s0095
OG0013965	Thhalv10021806m.g	Caamp.0214s0448, Caamp.0303s0100
OG0013966	Thhalv10021753m.g	Caamp.0214s0449, Caamp.0303s0102
OG0013967	Thhalv10020818m.g	Caamp.0303s0103, Caamp.0214s0450
OG0013968	Thhalv10020032m.g	Caamp.0214s0477, Caamp.0303s0130
OG0013969	Thhalv10021209m.g	Caamp.0303s0137, Caamp.0214s0481
OG0013970	Thhalv10020802m.g	Caamp.0214s0491, Caamp.0303s0151
OG0013971	Thhalv10021783m.g	Caamp.0214s0493, Caamp.0303s0153
OG0013972	Thhalv10020397m.g	Caamp.0303s0178, Caamp.0214s0520
OG0013973	Thhalv10021179m.g	Caamp.0303s0183, Caamp.0214s0525
OG0013974	Thhalv10020103m.g	Caamp.0214s0537, Caamp.0303s0199
OG0013975	Thhalv10020195m.g	Caamp.0303s0206, Caamp.0214s0548
OG0013976	Thhalv10021632m.g	Caamp.0214s0558, Caamp.0303s0218
OG0013977	Thhalv10021115m.g	Caamp.0214s0569, Caamp.0303s0229
OG0013978	Thhalv10020605m.g	Caamp.0214s0570, Caamp.0303s0232
OG0013979	Thhalv10021676m.g	Caamp.0303s0235, Caamp.0214s0572
OG0013980	Thhalv10021407m.g	Caamp.0303s0247, Caamp.0214s0581
OG0013981	Thhalv10022325m.g	Caamp.0303s0262, Caamp.0214s0593
OG0013982	Thhalv10020986m.g	Caamp.0303s0263, Caamp.0214s0597, Caamp.0037s0352
OG0013983	Thhalv10020015m.g	Caamp.0303s0265, Caamp.0214s0600
OG0013984	Thhalv10021125m.g	Caamp.0214s0612, Caamp.0303s0276
OG0013985	Thhalv10020861m.g	Caamp.0214s0613, Caamp.0303s0279
OG0013986	Thhalv10021292m.g	Caamp.0303s0282, Caamp.0214s0615
OG0013987	Thhalv10022309m.g	Caamp.0214s0617, Caamp.0303s0285
OG0013988	Thhalv10020746m.g	Caamp.0214s0639, Caamp.0303s0310
OG0013989	Thhalv10020627m.g	Caamp.0303s0314, Caamp.0214s0642
OG0013990	Thhalv10020953m.g	Caamp.0303s0315, Caamp.0214s0643
OG0013991	Thhalv10022222m.g	Caamp.0303s0318, Caamp.0214s0646
OG0013992	Thhalv10020496m.g	Caamp.0303s0320, Caamp.0214s0648
OG0013993	Thhalv10020845m.g	Caamp.0303s0321, Caamp.0214s0649
OG0013994	Thhalv10021157m.g	Caamp.0303s0322, Caamp.0214s0651
OG0013995	Thhalv10021775m.g	Caamp.0214s0666, Caamp.0303s0340
OG0013996	Thhalv10021680m.g	Caamp.0214s0676, Caamp.0303s0348
OG0013997	Thhalv10021675m.g	Caamp.0214s0684, Caamp.0303s0358
OG0013998	Thhalv10021682m.g	Caamp.0214s0690, Caamp.0303s0365
OG0013999	Thhalv10021122m.g	Caamp.0214s0701, Caamp.0303s0376
OG0014000	Thhalv10022405m.g	Caamp.0303s0379, Caamp.0214s0704
OG0014001	Thhalv10020078m.g	Caamp.0214s0705, Caamp.0303s0380
OG0014002	Thhalv10020304m.g	Caamp.0214s0712, Caamp.0303s0386
OG0014003	Thhalv10020597m.g	Caamp.0303s0401, Caamp.0214s0726
OG0014004	Thhalv10020476m.g	Caamp.0214s0729, Caamp.0303s0404
OG0014005	Thhalv10020468m.g	Caamp.0303s0407, Caamp.0214s0732
OG0014006	Thhalv10021274m.g	Caamp.0214s0740, Caamp.0303s0416
OG0014007	Thhalv10021646m.g	Caamp.0303s0419, Caamp.0214s0743
OG0014008	Thhalv10021328m.g	Caamp.0214s0744, Caamp.0303s0420
OG0014009	Thhalv10020817m.g	Caamp.0214s0745, Caamp.0303s0421
OG0014010	Thhalv10020311m.g	Caamp.0303s0431, Caamp.0214s0754
OG0014011	Thhalv10020530m.g	Caamp.0303s0447, Caamp.0214s0768
OG0014012	Thhalv10020493m.g	Caamp.0303s0465, Caamp.0214s0782
OG0014013	Thhalv10020707m.g	Caamp.0214s0789, Caamp.0303s0472
OG0014014	Thhalv10020676m.g	Caamp.0303s0473, Caamp.0214s0791
OG0014015	Thhalv10020289m.g	Caamp.0303s0474, Caamp.0214s0792
OG0014016	Thhalv10021048m.g	Caamp.0303s0479, Caamp.0214s0797
OG0014017	Thhalv10020182m.g, Thhalv10017085m.g	Caamp.0214s0799, Caamp.0303s0481
OG0014018	Thhalv10021076m.g	Caamp.0303s0492, Caamp.0214s0809
OG0014019	Thhalv10020775m.g	Caamp.0214s0831, Caamp.0303s0513
OG0014020	Thhalv10020819m.g	Caamp.0303s0514, Caamp.0214s0832
OG0014021	Thhalv10020379m.g	Caamp.0303s0516, Caamp.0214s0835
OG0014022	Thhalv10022009m.g	Caamp.0214s0842, Caamp.0303s0524
OG0014023	Thhalv10020895m.g	Caamp.0303s0537, Caamp.0214s0850
OG0014025	Thhalv10021543m.g	Caamp.0303s0542, Caamp.0214s0857
OG0014026	Thhalv10021476m.g	Caamp.0214s0864
OG0014027	Thhalv10027395m.g	Caamp.0095s0002, Caamp.0022s0006
OG0014028	Thhalv10024330m.g	Caamp.0022s0008, Caamp.0097s0479
OG0014029	Thhalv10025458m.g	Caamp.0022s0018, Caamp.0097s0490
OG0014030	Thhalv10025038m.g	Caamp.0022s0038, Caamp.0097s0509
OG0014031	Thhalv10026062m.g	Caamp.0022s0048, Caamp.0097s0518
OG0014032	Thhalv10025974m.g	Caamp.0022s0052, Caamp.0097s0521
OG0014033	Thhalv10024410m.g	Caamp.0097s0522, Caamp.0022s0053
OG0014035	Thhalv10026107m.g	Caamp.0022s0068, Caamp.0097s0532
OG0014036	Thhalv10024636m.g	Caamp.0022s0070, Caamp.0097s0536
OG0014037	Thhalv10025783m.g	Caamp.0022s0072, Caamp.0097s0537
OG0014038	Thhalv10026483m.g	Caamp.0022s0078, Caamp.0097s0545
OG0014039	Thhalv10027503m.g	Caamp.0022s0086, Caamp.0097s0552
OG0014040	Thhalv10026452m.g	Caamp.0097s0554, Caamp.0022s0088
OG0014041	Thhalv10024203m.g	Caamp.0022s0092, Caamp.0097s0561
OG0014042	Thhalv10026630m.g	Caamp.0022s0098
OG0014043	Thhalv10027433m.g	Caamp.0097s0598, Caamp.0022s0123
OG0014044	Thhalv10027546m.g	Caamp.0097s0601, Caamp.0022s0126
OG0014045	Thhalv10025130m.g	Caamp.0097s0615, Caamp.0022s0145
OG0014046	Thhalv10027455m.g	Caamp.0022s0156
OG0014047	Thhalv10026475m.g	Caamp.0097s0637, Caamp.0022s0159
OG0014048	Thhalv10024413m.g	Caamp.0022s0183, Caamp.0097s0667
OG0014049	Thhalv10024703m.g	Caamp.0022s0189, Caamp.0097s0674
OG0014050	Thhalv10024922m.g	Caamp.0022s0198, Caamp.0097s0681
OG0014053	Thhalv10026260m.g	Caamp.0061s0022, Caamp.0022s0221
OG0014055	Thhalv10021790m.g	Caamp.0023s0003, Caamp.0078s0988
OG0014056	Thhalv10020679m.g	Caamp.0023s0012, Caamp.0078s0997
OG0014057	Thhalv10020420m.g	Caamp.0078s0999, Caamp.0023s0014
OG0014058	Thhalv10021540m.g	Caamp.0078s1000, Caamp.0023s0015
OG0014059	Thhalv10021553m.g	Caamp.0023s0019, Caamp.0078s1004
OG0014060	Thhalv10021362m.g	Caamp.0078s1006, Caamp.0023s0021
OG0014061	Thhalv10021072m.g	Caamp.0023s0024, Caamp.0078s1008
OG0014062	Thhalv10020767m.g	Caamp.0023s0028, Caamp.0078s1013
OG0014063	Thhalv10019900m.g	Caamp.0023s0034, Caamp.0078s1020
OG0014064	Thhalv10021457m.g	Caamp.0078s1022, Caamp.0023s0036
OG0014065	Thhalv10019998m.g	Caamp.0078s1029, Caamp.0023s0042
OG0014066	Thhalv10020226m.g	Caamp.0023s0046, Caamp.0078s1035
OG0014067	Thhalv10020889m.g	Caamp.0023s0048, Caamp.0078s1037
OG0014068	Thhalv10020983m.g	Caamp.0023s0053, Caamp.0078s1042
OG0014069	Thhalv10021002m.g	Caamp.0078s1044, Caamp.0023s0055
OG0014070	Thhalv10022384m.g	Caamp.0023s0056, Caamp.0078s1045
OG0014071	Thhalv10021709m.g	Caamp.0078s1047, Caamp.0023s0058
OG0014072	Thhalv10020362m.g	Caamp.0023s0071, Caamp.0078s1108
OG0014073	Thhalv10022018m.g	Caamp.0023s0075, Caamp.0078s1103
OG0014074	Thhalv10006407m.g	Caamp.0095s0589, Caamp.0023s0079
OG0014075	Thhalv10005964m.g	Caamp.0023s0080, Caamp.0095s0588
OG0014076	Thhalv10005968m.g	Caamp.0023s0088, Caamp.0095s0582
OG0014077	Thhalv10006138m.g	Caamp.0095s0580, Caamp.0023s0090
OG0014078	Thhalv10006214m.g	Caamp.0023s0093, Caamp.0095s0577
OG0014080	Thhalv10005748m.g	Caamp.0095s0566, Caamp.0023s0098
OG0014081	Thhalv10006218m.g	Caamp.0095s0564, Caamp.0023s0101
OG0014082	Thhalv10005991m.g	Caamp.0023s0106, Caamp.0095s0559
OG0014083	Thhalv10005816m.g	Caamp.0095s0557, Caamp.0023s0108
OG0014085	Thhalv10005825m.g	Caamp.0023s0112, Caamp.0095s0552
OG0014086	Thhalv10006378m.g	Caamp.0023s0124, Caamp.0095s0538
OG0014087	Thhalv10006507m.g	Caamp.0095s0534, Caamp.0023s0128
OG0014088	Thhalv10006376m.g	Caamp.0095s0526, Caamp.0023s0142
OG0014089	Thhalv10006042m.g	Caamp.0023s0147, Caamp.0095s0520
OG0014090	Thhalv10005777m.g	Caamp.0023s0148, Caamp.0095s0519
OG0014091	Thhalv10005897m.g	Caamp.0023s0155, Caamp.0095s0511
OG0014092	Thhalv10005826m.g	Caamp.0095s0505, Caamp.0023s0165
OG0014093	Thhalv10006058m.g	Caamp.0023s0172, Caamp.0095s0498
OG0014094	Thhalv10006259m.g	Caamp.0095s0495, Caamp.0023s0175
OG0014095	Thhalv10006494m.g	Caamp.0023s0176, Caamp.0095s1212
OG0014096	Thhalv10005824m.g	Caamp.0095s0493, Caamp.0023s0178
OG0014097	Thhalv10006122m.g	Caamp.0095s0490, Caamp.0023s0181
OG0014098	Thhalv10005986m.g	Caamp.0095s0488, Caamp.0023s0182
OG0014099	Thhalv10006008m.g	Caamp.0023s0185
OG0014100	Thhalv10006090m.g	Caamp.0023s0192, Caamp.0095s0479
OG0014101	Thhalv10006315m.g	Caamp.0095s0474, Caamp.0023s0197
OG0014102	Thhalv10006002m.g	Caamp.0023s0213
OG0014103	Thhalv10006485m.g	Caamp.0023s0219
OG0014104	Thhalv10006022m.g	Caamp.0023s0231, Caamp.0095s0435
OG0014105	Thhalv10005879m.g	Caamp.0023s0242, Caamp.0095s0427
OG0014106	Thhalv10005744m.g	Caamp.0023s0260, Caamp.0095s0409
OG0014107	Thhalv10006425m.g	Caamp.0095s0408, Caamp.0023s0261
OG0014108	Thhalv10006321m.g	Caamp.0023s0265, Caamp.0095s0403
OG0014109	Thhalv10006132m.g	Caamp.0023s0279, Caamp.0095s0386
OG0014110	Thhalv10006170m.g	Caamp.0023s0283, Caamp.0095s0383
OG0014111	Thhalv10005779m.g	Caamp.0095s0377, Caamp.0023s0289
OG0014112	Thhalv10005976m.g, Thhalv10028620m.g	Caamp.0095s0372, Caamp.0023s0293
OG0014113	Thhalv10005903m.g	Caamp.0095s0367, Caamp.0023s0298
OG0014114	Thhalv10006335m.g	Caamp.0095s0356, Caamp.0023s0312
OG0014115	Thhalv10005846m.g	Caamp.0023s0316, Caamp.0095s0351
OG0014116	Thhalv10006155m.g	Caamp.0095s0345, Caamp.0023s0322
OG0014117	Thhalv10006114m.g	Caamp.0023s0329
OG0014118	Thhalv10006088m.g, Thhalv10005706m.g	Caamp.0023s0342, Caamp.0095s0332
OG0014120	Thhalv10006222m.g	Caamp.0023s0355, Caamp.0095s0319
OG0014121	Thhalv10006207m.g	Caamp.0095s0318, Caamp.0023s0356
OG0014122	Thhalv10006139m.g	Caamp.0023s0374, Caamp.0065s0004
OG0014123	Thhalv10006374m.g	Caamp.0023s0384, Caamp.0065s0011
OG0014124	Thhalv10006142m.g	Caamp.0065s0015, Caamp.0023s0388
OG0014125	Thhalv10006409m.g	Caamp.0065s0021, Caamp.0023s0398
OG0014126	Thhalv10005817m.g	Caamp.0023s0400
OG0014127	Thhalv10006134m.g	Caamp.0023s0412, Caamp.0065s0034
OG0014128	Thhalv10005978m.g	Caamp.0023s0418, Caamp.0065s0040
OG0014129	Thhalv10006471m.g	Caamp.0023s0421, Caamp.0065s0043
OG0014130	Thhalv10006235m.g	Caamp.0023s0433, Caamp.0065s0051
OG0014131	Thhalv10006126m.g	Caamp.0065s0053, Caamp.0023s0435
OG0014132	Thhalv10006246m.g	Caamp.0023s0436, Caamp.0065s0054
OG0014133	Thhalv10006069m.g	Caamp.0023s0441, Caamp.0065s0057
OG0014134	Thhalv10006063m.g	Caamp.0023s0450, Caamp.0065s0064
OG0014135	Thhalv10005927m.g	Caamp.0065s0072, Caamp.0023s0457
OG0014136	Thhalv10006190m.g	Caamp.0065s0077, Caamp.0023s0462
OG0014137	Thhalv10006211m.g	Caamp.0023s0471, Caamp.0065s0083
OG0014138	Thhalv10005943m.g	Caamp.0065s0085, Caamp.0023s0473
OG0014139	Thhalv10005787m.g	Caamp.0023s0475, Caamp.0065s0088
OG0014140	Thhalv10006254m.g	Caamp.0065s0090, Caamp.0023s0476
OG0014141	Thhalv10005894m.g	Caamp.0023s0480, Caamp.0065s0095
OG0014142	Thhalv10006430m.g	Caamp.0065s0098, Caamp.0023s0481
OG0014143	Thhalv10006136m.g	Caamp.0065s0102, Caamp.0023s0484
OG0014144	Thhalv10005757m.g	Caamp.0023s0485, Caamp.0065s0103
OG0014145	Thhalv10005857m.g	Caamp.0023s0490, Caamp.0065s0106
OG0014146	Thhalv10005883m.g	Caamp.0023s0497, Caamp.0065s0113
OG0014147	Thhalv10006221m.g	Caamp.0065s0115, Caamp.0023s0498
OG0014148	Thhalv10006123m.g	Caamp.0023s0506, Caamp.0065s0121
OG0014149	Thhalv10006320m.g	Caamp.0023s0507, Caamp.0065s0122
OG0014150	Thhalv10006385m.g	Caamp.0065s0128, Caamp.0023s0516
OG0014151	Thhalv10005965m.g	Caamp.0023s0521, Caamp.0065s0133
OG0014152	Thhalv10006233m.g	Caamp.0065s0134, Caamp.0023s0522
OG0014153	Thhalv10006037m.g	Caamp.0065s0142, Caamp.0023s0532
OG0014154	Thhalv10005921m.g	Caamp.0065s0148, Caamp.0023s0539
OG0014155	Thhalv10006054m.g	Caamp.0023s0542, Caamp.0065s0150
OG0014156	Thhalv10006352m.g	Caamp.0023s0547, Caamp.0065s0157
OG0014157	Thhalv10006300m.g	Caamp.0065s0169, Caamp.0023s0556
OG0014158	Thhalv10005977m.g	Caamp.0065s0180, Caamp.0023s0566
OG0014159	Thhalv10006364m.g	Caamp.0065s0181, Caamp.0023s0567
OG0014160	Thhalv10006327m.g	Caamp.0023s0570, Caamp.0065s0184
OG0014161	Thhalv10006001m.g	Caamp.0023s0580, Caamp.0065s0195
OG0014162	Thhalv10006348m.g	Caamp.0023s0581, Caamp.0065s0196
OG0014163	Thhalv10006204m.g	Caamp.0023s0601, Caamp.0065s0213
OG0014164	Thhalv10006027m.g	Caamp.0065s0221, Caamp.0023s0609
OG0014165	Thhalv10006167m.g	Caamp.0023s0610, Caamp.0065s0222
OG0014166	Thhalv10006393m.g	Caamp.0023s0611, Caamp.0065s0223
OG0014167	Thhalv10005864m.g	Caamp.0023s0616, Caamp.0065s0227
OG0014168	Thhalv10006021m.g	Caamp.0023s0617, Caamp.0065s0228
OG0014169	Thhalv10005760m.g	Caamp.0023s0621
OG0014170	Thhalv10006301m.g	Caamp.0023s0622, Caamp.0065s0231
OG0014171	Thhalv10005762m.g	Caamp.0065s0233, Caamp.0023s0623
OG0014172	Thhalv10006272m.g	Caamp.0065s0234, Caamp.0023s0624
OG0014174	Thhalv10005912m.g	Caamp.0065s0240, Caamp.0023s0632
OG0014175	Thhalv10008122m.g	Caamp.0024s0004, Caamp.0046s0472
OG0014176	Thhalv10007448m.g	Caamp.0046s0466, Caamp.0024s0010
OG0014177	Thhalv10006756m.g	Caamp.0046s0451, Caamp.0024s0027
OG0014178	Thhalv10007145m.g	Caamp.0024s0028, Caamp.0046s0450
OG0014179	Thhalv10007267m.g	Caamp.0046s0448, Caamp.0024s0030
OG0014180	Thhalv10007856m.g	Caamp.0046s0442, Caamp.0024s0032
OG0014181	Thhalv10007476m.g	Caamp.0046s0441, Caamp.0024s0033
OG0014182	Thhalv10029442m.g	Caamp.0046s0439
OG0014182	Thhalv10009242m.g	Caamp.0024s0035
OG0014183	Thhalv10008038m.g	Caamp.0046s0438, Caamp.0024s0036
OG0014184	Thhalv10009748m.g	Caamp.0046s0432, Caamp.0024s0042
OG0014185	Thhalv10009239m.g	Caamp.0024s0043, Caamp.0046s0431
OG0014186	Thhalv10009294m.g	Caamp.0046s0420, Caamp.0024s0055
OG0014187	Thhalv10007768m.g	Caamp.0046s0417, Caamp.0024s0058
OG0014188	Thhalv10007382m.g	Caamp.0024s0064, Caamp.0046s0412
OG0014189	Thhalv10009175m.g	Caamp.0046s0409, Caamp.0024s0067
OG0014190	Thhalv10008419m.g	Caamp.0046s0404, Caamp.0024s0073
OG0014191	Thhalv10007407m.g	Caamp.0046s0403, Caamp.0024s0074
OG0014192	Thhalv10008493m.g	Caamp.0046s0402, Caamp.0024s0075
OG0014193	Thhalv10008278m.g	Caamp.0024s0076, Caamp.0046s0401
OG0014194	Thhalv10006991m.g	Caamp.0024s0080, Caamp.0046s0397
OG0014195	Thhalv10021491m.g	Caamp.0046s0395, Caamp.0024s0082
OG0014196	Thhalv10007278m.g	Caamp.0046s0394, Caamp.0024s0083
OG0014197	Thhalv10008283m.g	Caamp.0024s0090, Caamp.0046s0387
OG0014198	Thhalv10006851m.g	Caamp.0024s0091, Caamp.0046s0386
OG0014199	Thhalv10009547m.g	Caamp.0024s0094, Caamp.0046s0385
OG0014200	Thhalv10007243m.g	Caamp.0024s0097, Caamp.0046s0382
OG0014201	Thhalv10007461m.g	Caamp.0046s0381, Caamp.0024s0098
OG0014202	Thhalv10007212m.g	Caamp.0046s0379, Caamp.0024s0100
OG0014203	Thhalv10008859m.g	Caamp.0024s0111, Caamp.0046s0365
OG0014204	Thhalv10006926m.g	Caamp.0046s0364, Caamp.0024s0112
OG0014205	Thhalv10008142m.g	Caamp.0024s0120, Caamp.0046s0356
OG0014206	Thhalv10008152m.g	Caamp.0046s0353, Caamp.0024s0123
OG0014207	Thhalv10006990m.g	Caamp.0024s0124, Caamp.0046s0352
OG0014208	Thhalv10006963m.g	Caamp.0046s0342, Caamp.0024s0132
OG0014209	Thhalv10009989m.g	Caamp.0046s0340, Caamp.0024s0134
OG0014210	Thhalv10006662m.g	Caamp.0046s0337, Caamp.0024s0137
OG0014211	Thhalv10007718m.g	Caamp.0024s0140, Caamp.0046s0333
OG0014212	Thhalv10008316m.g	Caamp.0024s0141, Caamp.0046s0332
OG0014213	Thhalv10008624m.g	Caamp.0024s0142, Caamp.0046s0331
OG0014214	Thhalv10008035m.g	Caamp.0024s0143, Caamp.0046s0330
OG0014215	Thhalv10008922m.g	Caamp.0024s0144, Caamp.0046s0329
OG0014216	Thhalv10009618m.g	Caamp.0046s0327, Caamp.0024s0146
OG0014217	Thhalv10007004m.g	Caamp.0046s0318, Caamp.0024s0153
OG0014218	Thhalv10007165m.g	Caamp.0046s0314, Caamp.0024s0157
OG0014219	Thhalv10009636m.g	Caamp.0024s0159, Caamp.0046s0313
OG0014220	Thhalv10007935m.g	Caamp.0024s0169
OG0014221	Thhalv10008597m.g	Caamp.0024s0170, Caamp.0046s0305
OG0014224	Thhalv10007072m.g	Caamp.0046s0289, Caamp.0024s0188
OG0014225	Thhalv10008108m.g	Caamp.0024s0194, Caamp.0046s0284
OG0014226	Thhalv10008217m.g	Caamp.0024s0195, Caamp.0046s0283
OG0014227	Thhalv10009551m.g	Caamp.0024s0197, Caamp.0046s0280
OG0014228	Thhalv10008522m.g	Caamp.0046s0279, Caamp.0024s0198
OG0014229	Thhalv10007386m.g	Caamp.0046s0275, Caamp.0024s0202
OG0014230	Thhalv10008387m.g	Caamp.0024s0205, Caamp.0046s0272
OG0014231	Thhalv10008415m.g	Caamp.0046s0262, Caamp.0024s0217
OG0014232	Thhalv10009641m.g	Caamp.0046s0244, Caamp.0024s0238
OG0014233	Thhalv10006789m.g	Caamp.0024s0248
OG0014234	Thhalv10006979m.g	Caamp.0046s0230, Caamp.0024s0251
OG0014235	Thhalv10007085m.g	Caamp.0046s0225, Caamp.0024s0255
OG0014236	Thhalv10008752m.g	Caamp.0024s0259, Caamp.0046s0221
OG0014237	Thhalv10008939m.g	Caamp.0024s0269, Caamp.0046s0211
OG0014238	Thhalv10007086m.g	Caamp.0046s0209, Caamp.0024s0270
OG0014239	Thhalv10007747m.g	Caamp.0024s0276, Caamp.0056s0156
OG0014240	Thhalv10007593m.g, Thhalv10007589m.g	Caamp.0024s0288, Caamp.0056s0172
OG0014241	Thhalv10009387m.g	Caamp.0024s0291, Caamp.0056s0175
OG0014242	Thhalv10007424m.g	Caamp.0056s0177, Caamp.0024s0294
OG0014243	Thhalv10008223m.g	Caamp.0056s0180, Caamp.0024s0297
OG0014244	Thhalv10007603m.g	Caamp.0024s0302, Caamp.0056s0186
OG0014245	Thhalv10006938m.g	Caamp.0056s0192, Caamp.0024s0309
OG0014246	Thhalv10007296m.g	Caamp.0024s0313, Caamp.0056s0196
OG0014247	Thhalv10008219m.g	Caamp.0024s0315, Caamp.0056s0200
OG0014248	Thhalv10008336m.g	Caamp.0024s0316, Caamp.0056s0201
OG0014249	Thhalv10009243m.g	Caamp.0056s0213, Caamp.0024s0327
OG0014250	Thhalv10008612m.g	Caamp.0024s0329, Caamp.0056s0215
OG0014251	Thhalv10008518m.g	Caamp.0024s0340, Caamp.0056s0225
OG0014252	Thhalv10007851m.g	Caamp.0056s0234, Caamp.0024s0350
OG0014253	Thhalv10007767m.g	Caamp.0024s0351, Caamp.0056s0235
OG0014254	Thhalv10008110m.g	Caamp.0056s0237, Caamp.0024s0353
OG0014255	Thhalv10024102m.g, Thhalv10008540m.g	Caamp.0024s0362, Caamp.0056s0244
OG0014256	Thhalv10008353m.g	Caamp.0024s0367, Caamp.0056s0252
OG0014257	Thhalv10007752m.g	Caamp.0056s0253, Caamp.0024s0368
OG0014258	Thhalv10009835m.g	Caamp.0024s0375
OG0014259	Thhalv10007941m.g	Caamp.0056s0270, Caamp.0024s0385
OG0014260	Thhalv10007491m.g	Caamp.0056s0274, Caamp.0024s0388
OG0014261	Thhalv10008471m.g	Caamp.0056s0276, Caamp.0024s0391
OG0014262	Thhalv10028967m.g	Caamp.0024s0396, Caamp.0056s0280
OG0014263	Thhalv10009773m.g	Caamp.0024s0413, Caamp.0056s0298
OG0014264	Thhalv10008798m.g	Caamp.0056s0299, Caamp.0024s0414
OG0014265	Thhalv10008808m.g	Caamp.0056s0302, Caamp.0024s0418
OG0014266	Thhalv10007804m.g	Caamp.0056s0318, Caamp.0024s0438
OG0014267	Thhalv10007332m.g	Caamp.0024s0439, Caamp.0056s0319
OG0014268	Thhalv10007265m.g	Caamp.0056s0322, Caamp.0024s0441
OG0014269	Thhalv10009101m.g	Caamp.0056s0324, Caamp.0024s0443
OG0014270	Thhalv10008043m.g	Caamp.0056s0325, Caamp.0024s0444
OG0014271	Thhalv10006948m.g	Caamp.0024s0462, Caamp.0056s0346
OG0014272	Thhalv10009069m.g	Caamp.0024s0472, Caamp.0354s0005
OG0014273	Thhalv10009298m.g	Caamp.0024s0484, Caamp.0052s0003
OG0014274	Thhalv10007092m.g	Caamp.0024s0489
OG0014275	Thhalv10014955m.g, Thhalv10009035m.g	Caamp.0052s0011, Caamp.0024s0494
OG0014276	Thhalv10007281m.g	Caamp.0024s0496, Caamp.0052s0013
OG0014277	Thhalv10009537m.g	Caamp.0024s0506, Caamp.0052s0026
OG0014278	Thhalv10007441m.g	Caamp.0052s0029, Caamp.0024s0509
OG0014279	Thhalv10007913m.g	Caamp.0052s0031, Caamp.0024s0511
OG0014280	Thhalv10003453m.g	Caamp.0243s0003, Caamp.0097s0972
OG0014282	Thhalv10028571m.g	Caamp.0030s0012, Caamp.0025s0020
OG0014283	Thhalv10017402m.g	Caamp.0025s0022, Caamp.0030s0032
OG0014284	Thhalv10002015m.g	Caamp.0025s0031, Caamp.0076s0771
OG0014285	Thhalv10002506m.g	Caamp.0026s0048
OG0014286	Thhalv10002590m.g	Caamp.0026s0159
OG0014287	Thhalv10002525m.g	Caamp.0026s0162
OG0014288	Thhalv10003006m.g	Caamp.0026s0166
OG0014290	Thhalv10002726m.g	Caamp.0026s0200
OG0014291	Thhalv10010069m.g	Caamp.0026s0246, Caamp.0005s0214
OG0014292	Thhalv10010262m.g	Caamp.0005s0226, Caamp.0026s0252
OG0014293	Thhalv10010967m.g	Caamp.0026s0277
OG0014294	Thhalv10011094m.g	Caamp.0005s0264, Caamp.0026s0284
OG0014295	Thhalv10010689m.g	Caamp.0005s0269, Caamp.0026s0288
OG0014296	Thhalv10010112m.g	Caamp.0026s0295
OG0014297	Thhalv10010110m.g	Caamp.0026s0298, Caamp.0005s0279
OG0014298	Thhalv10010580m.g	Caamp.0026s0302, Caamp.0005s0285
OG0014299	Thhalv10011007m.g	Caamp.0005s0291, Caamp.0026s0305
OG0014300	Thhalv10010656m.g	Caamp.0026s0310
OG0014301	Thhalv10010271m.g	Caamp.0005s0302, Caamp.0026s0313
OG0014302	Thhalv10010305m.g	Caamp.0005s0314, Caamp.0026s0324
OG0014303	Thhalv10010747m.g	Caamp.0026s0339, Caamp.0005s0326
OG0014304	Thhalv10010209m.g	Caamp.0026s0340, Caamp.0005s0327
OG0014305	Thhalv10010323m.g	Caamp.0026s0346
OG0014306	Thhalv10010684m.g	Caamp.0026s0348, Caamp.0005s0333
OG0014307	Thhalv10010540m.g	Caamp.0005s0339, Caamp.0026s0353
OG0014308	Thhalv10011000m.g	Caamp.0026s0354
OG0014309	Thhalv10010098m.g	Caamp.0026s0360
OG0014310	Thhalv10010620m.g	Caamp.0005s0362, Caamp.0026s0372
OG0014311	Thhalv10010601m.g	Caamp.0005s0377, Caamp.0026s0385
OG0014312	Thhalv10010382m.g	Caamp.0005s0379, Caamp.0026s0387
OG0014313	Thhalv10010467m.g	Caamp.0026s0389, Caamp.0005s0381
OG0014314	Thhalv10010657m.g	Caamp.0026s0396
OG0014315	Thhalv10011050m.g	Caamp.0026s0399
OG0014316	Thhalv10010995m.g, Thhalv10010940m.g	Caamp.0026s0408
OG0014317	Thhalv10010130m.g	Caamp.0026s0409
OG0014318	Thhalv10010462m.g	Caamp.0026s0410, Caamp.0078s0002
OG0014319	Thhalv10010175m.g	Caamp.0026s0417, Caamp.0078s0009
OG0014320	Thhalv10010489m.g	Caamp.0026s0431, Caamp.0078s0021
OG0014322	Thhalv10010990m.g	Caamp.0078s0030, Caamp.0026s0436
OG0014324	Thhalv10010537m.g	Caamp.0026s0457, Caamp.0078s0053
OG0014325	Thhalv10019696m.g, Thhalv10010700m.g	Caamp.0026s0458, Caamp.0078s0054
OG0014326	Thhalv10010148m.g	Caamp.0078s0062, Caamp.0026s0469
OG0014327	Thhalv10010709m.g	Caamp.0078s0073, Caamp.0026s0482
OG0014328	Thhalv10010193m.g	Caamp.0078s0093, Caamp.0026s0499
OG0014329	Thhalv10008929m.g	Caamp.0078s0106, Caamp.0026s0512
OG0014330	Thhalv10024033m.g, Thhalv10005513m.g, Thhalv10010935m.g	Caamp.0026s0514, Caamp.0078s0108
OG0014331	Thhalv10010459m.g	Caamp.0026s0516, Caamp.0078s0113
OG0014332	Thhalv10011114m.g	Caamp.0078s0120, Caamp.0026s0523
OG0014333	Thhalv10011140m.g	Caamp.0078s0125, Caamp.0026s0526
OG0014334	Thhalv10010715m.g	Caamp.0078s0130, Caamp.0026s0531
OG0014335	Thhalv10011053m.g	Caamp.0078s0136, Caamp.0026s0537
OG0014336	Thhalv10022849m.g	Caamp.0026s0551, Caamp.0093s0184
OG0014337	Thhalv10022605m.g	Caamp.0093s0190, Caamp.0026s0556
OG0014338	Thhalv10022639m.g	Caamp.0093s0210, Caamp.0026s0565
OG0014339	Thhalv10023141m.g	Caamp.0093s0206, Caamp.0026s0569
OG0014340	Thhalv10022743m.g, Thhalv10009866m.g	Caamp.0026s0603
OG0014341	Thhalv10002272m.g	Caamp.0026s0632, Caamp.0026s0630, Caamp.0026s0629, Caamp.0026s0631
OG0014345	Thhalv10027181m.g, Thhalv10027009m.g, Thhalv10027484m.g	Caamp.0026s0778
OG0014347	Thhalv10022581m.g	Caamp.0026s0826
OG0014348	Thhalv10023638m.g	Caamp.0266s0006, Caamp.0303s1104
OG0014349	Thhalv10023652m.g	Caamp.0303s1103, Caamp.0266s0007
OG0014350	Thhalv10023631m.g	Caamp.0303s1102, Caamp.0266s0008
OG0014351	Thhalv10023722m.g	Caamp.0303s1101, Caamp.0266s0010
OG0014353	Thhalv10023803m.g	Caamp.0303s1094, Caamp.0266s0020
OG0014354	Thhalv10023593m.g	Caamp.0303s1089, Caamp.0266s0022
OG0014355	Thhalv10023327m.g	Caamp.0303s1088, Caamp.0266s0023
OG0014356	Thhalv10023649m.g	Caamp.0266s0026, Caamp.0303s1084
OG0014357	Thhalv10023333m.g	Caamp.0266s0029, Caamp.0303s1078
OG0014358	Thhalv10023367m.g	Caamp.0266s0033, Caamp.0303s1074
OG0014359	Thhalv10024075m.g	Caamp.0303s1071, Caamp.0266s0037
OG0014360	Thhalv10023330m.g	Caamp.0303s1055, Caamp.0038s0004, Caamp.0266s0057
OG0014361	Thhalv10023571m.g	Caamp.0303s1050, Caamp.0266s0061
OG0014362	Thhalv10023399m.g	Caamp.0303s1049, Caamp.0266s0062
OG0014363	Thhalv10023690m.g	Caamp.0266s0067, Caamp.0303s1045
OG0014364	Thhalv10023304m.g	Caamp.0303s1040, Caamp.0266s0072
OG0014365	Thhalv10023348m.g	Caamp.0303s1033, Caamp.0266s0077
OG0014366	Thhalv10023526m.g	Caamp.0266s0087, Caamp.0076s0002
OG0014367	Thhalv10005442m.g	Caamp.0004s0158, Caamp.0027s0001
OG0014368	Thhalv10011445m.g	Caamp.0004s0134, Caamp.0027s0025
OG0014369	Thhalv10012283m.g	Caamp.0027s0028, Caamp.0004s0129
OG0014372	Thhalv10011591m.g	Caamp.0004s0122, Caamp.0027s0037
OG0014373	Thhalv10011320m.g	Caamp.0027s0039, Caamp.0004s0117
OG0014374	Thhalv10011176m.g	Caamp.0004s0106, Caamp.0027s0044
OG0014375	Thhalv10011529m.g	Caamp.0027s0045, Caamp.0004s0105
OG0014376	Thhalv10011458m.g	Caamp.0027s0051, Caamp.0004s0093
OG0014377	Thhalv10011817m.g	Caamp.0027s0061
OG0014378	Thhalv10011581m.g	Caamp.0027s0062, Caamp.0004s0088
OG0014379	Thhalv10011770m.g	Caamp.0004s0087, Caamp.0027s0063
OG0014380	Thhalv10011778m.g	Caamp.0004s0079, Caamp.0027s0069
OG0014381	Thhalv10011622m.g	Caamp.0004s0057, Caamp.0027s0082
OG0014383	Thhalv10011493m.g	Caamp.0027s0104, Caamp.0004s0027
OG0014384	Thhalv10011258m.g	Caamp.0004s0023, Caamp.0027s0109
OG0014385	Thhalv10007459m.g	Caamp.0275s0008
OG0014386	Thhalv10017721m.g	Caamp.0275s0061
OG0014387	Thhalv10028381m.g	Caamp.0028s0010
OG0014388	Thhalv10019414m.g	Caamp.0076s0278, Caamp.0028s0050
OG0014389	Thhalv10026834m.g, Thhalv10017575m.g	Caamp.0028s0055
OG0014390	Thhalv10029371m.g	Caamp.0028s0109
OG0014391	Thhalv10029456m.g	Caamp.0028s0125
OG0014392	Thhalv10028955m.g	Caamp.0028s0164
OG0014394	Thhalv10028393m.g	Caamp.0028s0245
OG0014395	Thhalv10028698m.g	Caamp.0028s0247, Caamp.0071s0296
OG0014396	Thhalv10029174m.g	Caamp.0071s0294, Caamp.0028s0249
OG0014397	Thhalv10028672m.g	Caamp.0028s0265
OG0014399	Thhalv10028542m.g	Caamp.0028s0279, Caamp.0052s0346
OG0014400	Thhalv10022712m.g	Caamp.0029s0007, Caamp.0035s0107
OG0014401	Thhalv10022755m.g	Caamp.0035s0111, Caamp.0029s0016
OG0014402	Thhalv10025674m.g	Caamp.0003s0038
OG0014403	Thhalv10024396m.g	Caamp.0003s0158
OG0014404	Thhalv10026087m.g	Caamp.0003s0232
OG0014405	Thhalv10024554m.g	Caamp.0003s0246
OG0014406	Thhalv10026259m.g	Caamp.0003s0255
OG0014407	Thhalv10025716m.g	Caamp.0003s0308
OG0014408	Thhalv10025302m.g	Caamp.0003s0380, Caamp.0003s0382
OG0014409	Thhalv10026536m.g	Caamp.0003s0383
OG0014410	Thhalv10025955m.g	Caamp.0004s0055, Caamp.0003s0505
OG0014411	Thhalv10027074m.g	Caamp.0003s0541
OG0014412	Thhalv10024475m.g	Caamp.0003s0558
OG0014413	Thhalv10027343m.g	Caamp.0003s0588
OG0014414	Thhalv10026210m.g	Caamp.0003s0599
OG0014415	Thhalv10025925m.g, Thhalv10027258m.g	Caamp.0003s0657
OG0014416	Thhalv10025036m.g	Caamp.0003s0704
OG0014418	Thhalv10024816m.g	Caamp.0003s0737, Caamp.0095s0257
OG0014419	Thhalv10025145m.g	Caamp.0095s0252, Caamp.0003s0742
OG0014420	Thhalv10024586m.g	Caamp.0095s0249, Caamp.0003s0745
OG0014421	Thhalv10026928m.g	Caamp.0003s0750, Caamp.0095s0244, Caamp.0095s0245
OG0014422	Thhalv10025859m.g	Caamp.0003s0754, Caamp.0095s0240
OG0014423	Thhalv10026024m.g	Caamp.0003s0755, Caamp.0095s0239
OG0014424	Thhalv10023877m.g	Caamp.0003s0763
OG0014425	Thhalv10026166m.g	Caamp.0003s0765, Caamp.0095s0228
OG0014426	Thhalv10027543m.g	Caamp.0003s0785
OG0014427	Thhalv10025513m.g	Caamp.0095s0193, Caamp.0003s0799
OG0014428	Thhalv10025356m.g	Caamp.0003s0807, Caamp.0095s0185
OG0014429	Thhalv10019873m.g	Caamp.0303s0128
OG0014430	Thhalv10020657m.g	Caamp.0303s0185
OG0014431	Thhalv10022001m.g	Caamp.0303s0231
OG0014432	Thhalv10020805m.g	Caamp.0303s0242
OG0014433	Thhalv10019899m.g	Caamp.0303s0498
OG0014434	Thhalv10019986m.g	Caamp.0303s0503
OG0014435	Thhalv10020372m.g, Thhalv10022528m.g	Caamp.0303s0504
OG0014436	Thhalv10020517m.g	Caamp.0303s0522
OG0014437	Thhalv10007194m.g	Caamp.0303s0544, Caamp.0052s0066
OG0014438	Thhalv10009077m.g	Caamp.0303s0546, Caamp.0052s0064
OG0014439	Thhalv10007490m.g	Caamp.0052s0058, Caamp.0303s0552
OG0014440	Thhalv10007826m.g	Caamp.0052s0054, Caamp.0303s0556
OG0014441	Thhalv10007475m.g	Caamp.0052s0048, Caamp.0303s0559
OG0014442	Thhalv10009522m.g	Caamp.0052s0043, Caamp.0303s0564
OG0014443	Thhalv10006822m.g	Caamp.0303s0565, Caamp.0052s0042
OG0014444	Thhalv10017984m.g, Thhalv10018190m.g	Caamp.0303s0650
OG0014445	Thhalv10017993m.g	Caamp.0303s0684
OG0014446	Thhalv10018406m.g	Caamp.0303s0686
OG0014447	Thhalv10018994m.g	Caamp.0303s0701
OG0014448	Thhalv10019648m.g	Caamp.0076s0148, Caamp.0303s0715
OG0014449	Thhalv10018793m.g	Caamp.0303s0716, Caamp.0076s0147
OG0014450	Thhalv10018554m.g	Caamp.0303s0728
OG0014451	Thhalv10018661m.g	Caamp.0303s0732, Caamp.0076s0135
OG0014452	Thhalv10019647m.g	Caamp.0076s0130, Caamp.0303s0737
OG0014453	Thhalv10018642m.g	Caamp.0076s0128, Caamp.0303s0738
OG0014454	Thhalv10019856m.g	Caamp.0303s0740, Caamp.0076s0126
OG0014455	Thhalv10018999m.g	Caamp.0076s0123, Caamp.0303s0743
OG0014456	Thhalv10018790m.g	Caamp.0303s0747, Caamp.0076s0119
OG0014457	Thhalv10019220m.g	Caamp.0076s0101, Caamp.0303s0767
OG0014458	Thhalv10018799m.g	Caamp.0076s0098, Caamp.0303s0770
OG0014459	Thhalv10019132m.g	Caamp.0303s0773, Caamp.0076s0094
OG0014460	Thhalv10019659m.g	Caamp.0076s0084, Caamp.0303s0781
OG0014461	Thhalv10019781m.g	Caamp.0076s0082, Caamp.0303s0783
OG0014462	Thhalv10019786m.g	Caamp.0076s0074, Caamp.0303s0789
OG0014463	Thhalv10023495m.g	Caamp.0303s0800, Caamp.0076s0064
OG0014464	Thhalv10018115m.g	Caamp.0303s0802, Caamp.0076s0062
OG0014465	Thhalv10019522m.g	Caamp.0303s0829
OG0014466	Thhalv10018305m.g	Caamp.0303s0838
OG0014467	Thhalv10018252m.g	Caamp.0303s0865
OG0014468	Thhalv10019821m.g, Thhalv10019701m.g, Thhalv10017433m.g	Caamp.0303s0916
OG0014469	Thhalv10019850m.g	Caamp.0303s0918
OG0014470	Thhalv10018944m.g	Caamp.0303s0930
OG0014471	Thhalv10018151m.g	Caamp.0303s0960
OG0014472	Thhalv10023733m.g	Caamp.0303s1059
OG0014473	Thhalv10023545m.g	Caamp.0303s1109
OG0014474	Thhalv10023740m.g	Caamp.0303s1134
OG0014476	Thhalv10006907m.g	Caamp.0303s1218, Caamp.0071s0195
OG0014477	Thhalv10023910m.g	Caamp.0052s0023, Caamp.0303s1221
OG0014479	Thhalv10023278m.g	Caamp.0303s1293
OG0014481	Thhalv10028154m.g, Thhalv10001851m.g, Thhalv10012215m.g	Caamp.0306s0002
OG0014482	Thhalv10023328m.g	Caamp.0306s0011
OG0014484	Thhalv10003614m.g	Caamp.0009s0038, Caamp.0031s0019
OG0014485	Thhalv10004993m.g	Caamp.0031s0022, Caamp.0009s0039
OG0014486	Thhalv10029053m.g	Caamp.0032s0026, Caamp.0083s0016
OG0014487	Thhalv10029139m.g	Caamp.0032s0031
OG0014488	Thhalv10029030m.g	Caamp.0083s0006, Caamp.0032s0033
OG0014489	Thhalv10028662m.g	Caamp.0032s0034, Caamp.0083s0007
OG0014490	Thhalv10004721m.g, Thhalv10008779m.g	Caamp.0033s0055
OG0014491	Thhalv10005544m.g	Caamp.0033s0099
OG0014492	Thhalv10019657m.g, Thhalv10029311m.g	Caamp.0033s0138
OG0014493	Thhalv10003720m.g	Caamp.0033s0306
OG0014494	Thhalv10003845m.g	Caamp.0033s0430
OG0014495	Thhalv10004735m.g	Caamp.0033s0450, Caamp.0436s0001
OG0014496	Thhalv10004509m.g	Caamp.0033s0454
OG0014497	Thhalv10004431m.g	Caamp.0436s0006, Caamp.0033s0455
OG0014498	Thhalv10004659m.g	Caamp.0033s0456, Caamp.0436s0008
OG0014499	Thhalv10004906m.g	Caamp.0033s0458, Caamp.0436s0010
OG0014500	Thhalv10004614m.g	Caamp.0033s0463, Caamp.0436s0016
OG0014501	Thhalv10004380m.g	Caamp.0436s0021, Caamp.0033s0468
OG0014502	Thhalv10005118m.g	Caamp.0033s0469, Caamp.0436s0022
OG0014503	Thhalv10003881m.g	Caamp.0033s0473
OG0014505	Thhalv10005581m.g	Caamp.0033s0487, Caamp.0436s0039
OG0014506	Thhalv10011098m.g, Thhalv10010761m.g, Thhalv10001808m.g	Caamp.0338s0015
OG0014507	Thhalv10001963m.g	Caamp.0034s0037, Caamp.0060s0008
OG0014508	Thhalv10002004m.g	Caamp.0034s0051, Caamp.0060s0016
OG0014509	Thhalv10001987m.g	Caamp.0060s0023, Caamp.0034s0064
OG0014510	Thhalv10017003m.g	Caamp.0034s0118, Caamp.0080s0038
OG0014511	Thhalv10002030m.g, Thhalv10010521m.g	Caamp.0034s0120
OG0014512	Thhalv10002312m.g	Caamp.0034s0123, Caamp.0080s0034
OG0014513	Thhalv10001980m.g	Caamp.0080s0021, Caamp.0034s0134
OG0014514	Thhalv10022763m.g	Caamp.0035s0058
OG0014515	Thhalv10022608m.g	Caamp.0035s0083
OG0014516	Thhalv10022588m.g	Caamp.0095s0295, Caamp.0035s0093
OG0014517	Thhalv10022845m.g	Caamp.0095s0297, Caamp.0035s0094
OG0014518	Thhalv10022652m.g	Caamp.0035s0102
OG0014520	Thhalv10001249m.g	Caamp.0062s0006, Caamp.0035s0241
OG0014521	Thhalv10001257m.g	Caamp.0035s0242, Caamp.0069s0013
OG0014522	Thhalv10001247m.g	Caamp.0035s0251, Caamp.0067s0017
OG0014523	Thhalv10019186m.g, Thhalv10003357m.g	Caamp.0058s0091, Caamp.0036s0039
OG0014524	Thhalv10011427m.g	Caamp.0046s0004, Caamp.0037s0002
OG0014525	Thhalv10012325m.g	Caamp.0046s0006, Caamp.0037s0005
OG0014526	Thhalv10011820m.g	Caamp.0046s0013, Caamp.0037s0012
OG0014527	Thhalv10012006m.g	Caamp.0046s0015, Caamp.0037s0014
OG0014528	Thhalv10012288m.g	Caamp.0037s0025, Caamp.0046s0027
OG0014529	Thhalv10011659m.g	Caamp.0046s0028, Caamp.0037s0026
OG0014530	Thhalv10012384m.g	Caamp.0037s0027, Caamp.0046s0032
OG0014531	Thhalv10011579m.g	Caamp.0037s0031, Caamp.0046s0035
OG0014532	Thhalv10011652m.g	Caamp.0037s0038, Caamp.0046s0043
OG0014533	Thhalv10011545m.g	Caamp.0037s0040, Caamp.0046s0044
OG0014534	Thhalv10011398m.g	Caamp.0037s0043, Caamp.0037s0044, Caamp.0046s0049
OG0014535	Thhalv10011321m.g	Caamp.0037s0054, Caamp.0046s0054
OG0014536	Thhalv10011675m.g	Caamp.0046s0057, Caamp.0037s0057
OG0014537	Thhalv10011251m.g	Caamp.0046s0060, Caamp.0037s0060
OG0014538	Thhalv10012199m.g	Caamp.0046s0062, Caamp.0037s0062
OG0014539	Thhalv10011328m.g	Caamp.0046s0063, Caamp.0037s0063
OG0014540	Thhalv10011480m.g	Caamp.0046s0064, Caamp.0037s0064
OG0014541	Thhalv10011181m.g	Caamp.0037s0069, Caamp.0046s0069
OG0014542	Thhalv10011858m.g	Caamp.0037s0078, Caamp.0046s0082
OG0014543	Thhalv10011175m.g	Caamp.0037s0080, Caamp.0046s0084
OG0014544	Thhalv10011714m.g	Caamp.0037s0086, Caamp.0046s0088
OG0014545	Thhalv10011786m.g	Caamp.0037s0087, Caamp.0046s0089
OG0014546	Thhalv10011815m.g	Caamp.0046s0092, Caamp.0037s0090
OG0014547	Thhalv10011802m.g	Caamp.0037s0091, Caamp.0046s0093
OG0014548	Thhalv10011229m.g	Caamp.0037s0092, Caamp.0046s0094
OG0014549	Thhalv10011319m.g	Caamp.0046s0099, Caamp.0037s0097
OG0014550	Thhalv10011806m.g	Caamp.0037s0100, Caamp.0046s0104
OG0014551	Thhalv10011450m.g	Caamp.0046s0109, Caamp.0037s0103
OG0014552	Thhalv10011685m.g	Caamp.0046s0128, Caamp.0037s0122
OG0014553	Thhalv10012402m.g	Caamp.0037s0124, Caamp.0046s0130
OG0014554	Thhalv10012398m.g	Caamp.0037s0126, Caamp.0046s0144
OG0014555	Thhalv10011952m.g	Caamp.0046s0142, Caamp.0037s0128
OG0014556	Thhalv10012249m.g	Caamp.0037s0148, Caamp.0040s0181
OG0014557	Thhalv10011709m.g	Caamp.0037s0156, Caamp.0040s0186
OG0014558	Thhalv10012040m.g	Caamp.0040s0194, Caamp.0037s0163
OG0014559	Thhalv10011759m.g	Caamp.0037s0164, Caamp.0040s0195
OG0014560	Thhalv10011185m.g	Caamp.0037s0166
OG0014561	Thhalv10011701m.g	Caamp.0040s0200, Caamp.0037s0177
OG0014562	Thhalv10011841m.g	Caamp.0037s0178, Caamp.0040s0201
OG0014563	Thhalv10012021m.g	Caamp.0037s0184, Caamp.0040s0208
OG0014564	Thhalv10011680m.g	Caamp.0040s0209, Caamp.0037s0186
OG0014565	Thhalv10011204m.g	Caamp.0037s0188
OG0014566	Thhalv10012029m.g	Caamp.0040s0211, Caamp.0037s0189
OG0014567	Thhalv10011996m.g	Caamp.0037s0193, Caamp.0040s0216
OG0014568	Thhalv10011454m.g	Caamp.0040s0217, Caamp.0037s0194
OG0014569	Thhalv10011974m.g	Caamp.0040s0223, Caamp.0037s0198
OG0014570	Thhalv10012399m.g	Caamp.0037s0214, Caamp.0040s0239
OG0014571	Thhalv10011660m.g	Caamp.0037s0215, Caamp.0040s0240
OG0014572	Thhalv10011669m.g	Caamp.0037s0247, Caamp.0040s0274
OG0014573	Thhalv10012329m.g	Caamp.0037s0252, Caamp.0040s0279
OG0014574	Thhalv10011823m.g	Caamp.0040s0294, Caamp.0037s0264
OG0014575	Thhalv10011859m.g	Caamp.0037s0267
OG0014576	Thhalv10011274m.g	Caamp.0040s0302, Caamp.0037s0270
OG0014577	Thhalv10011571m.g	Caamp.0037s0271, Caamp.0040s0303
OG0014578	Thhalv10008987m.g	Caamp.0037s0341
OG0014580	Thhalv10009612m.g	Caamp.0037s0520
OG0014581	Thhalv10007938m.g	Caamp.0037s0568
OG0014582	Thhalv10007404m.g	Caamp.0037s0571
OG0014583	Thhalv10007556m.g	Caamp.0037s0603
OG0014584	Thhalv10007653m.g	Caamp.0037s0614
OG0014585	Thhalv10011575m.g	Caamp.0004s0005
OG0014586	Thhalv10011393m.g	Caamp.0097s0376, Caamp.0004s0013
OG0014590	Thhalv10004261m.g	Caamp.0004s0218, Caamp.0009s0014
OG0014591	Thhalv10005020m.g	Caamp.0009s0006, Caamp.0004s0225
OG0014592	Thhalv10004157m.g	Caamp.0009s0005, Caamp.0004s0226
OG0014593	Thhalv10002336m.g	Caamp.0008s0168, Caamp.0004s0274
OG0014594	Thhalv10001975m.g	Caamp.0004s0297, Caamp.0008s0185
OG0014595	Thhalv10002166m.g	Caamp.0004s0305, Caamp.0008s0195
OG0014597	Thhalv10001976m.g	Caamp.0004s0327, Caamp.0008s0224
OG0014599	Thhalv10006609m.g	Caamp.0040s0030
OG0014600	Thhalv10009301m.g	Caamp.0040s0035
OG0014601	Thhalv10023814m.g, Thhalv10008244m.g	Caamp.0040s0037
OG0014602	Thhalv10007339m.g	Caamp.0040s0083
OG0014603	Thhalv10009974m.g	Caamp.0040s0095
OG0014604	Thhalv10006770m.g	Caamp.0040s0128
OG0014605	Thhalv10022059m.g, Thhalv10011281m.g	Caamp.0040s0221
OG0014606	Thhalv10011678m.g	Caamp.0040s0295
OG0014607	Thhalv10001252m.g	Caamp.0041s0030
OG0014608	Thhalv10005567m.g	Caamp.0436s0007
OG0014609	Thhalv10028213m.g	Caamp.0044s0025
OG0014610	Thhalv10027677m.g	Caamp.0044s0055
OG0014611	Thhalv10028263m.g	Caamp.0044s0108
OG0014612	Thhalv10027731m.g	Caamp.0089s0023, Caamp.0044s0181
OG0014613	Thhalv10027668m.g	Caamp.0044s0186
OG0014614	Thhalv10027654m.g	Caamp.0044s0211
OG0014615	Thhalv10027782m.g	Caamp.0044s0222
OG0014616	Thhalv10025179m.g	Caamp.0044s0303, Caamp.0095s0157
OG0014617	Thhalv10025276m.g	Caamp.0044s0308, Caamp.0095s0162, Caamp.0044s0311
OG0014618	Thhalv10027147m.g	Caamp.0095s0170, Caamp.0044s0318
OG0014619	Thhalv10025663m.g	Caamp.0044s0322, Caamp.0095s0174
OG0014620	Thhalv10002185m.g	Caamp.0444s0001
OG0014621	Thhalv10016204m.g	Caamp.0045s0050
OG0014623	Thhalv10011654m.g	Caamp.0046s0079, Caamp.0046s0078
OG0014624	Thhalv10011750m.g	Caamp.0046s0102, Caamp.0046s0103
OG0014625	Thhalv10006974m.g	Caamp.0046s0160, Caamp.0007s0400
OG0014626	Thhalv10008420m.g	Caamp.0046s0346
OG0014627	Thhalv10006967m.g	Caamp.0046s0367
OG0014628	Thhalv10008732m.g	Caamp.0046s0476
OG0014629	Thhalv10006924m.g	Caamp.0046s0501
OG0014631	Thhalv10002680m.g	Caamp.0047s0002, Caamp.0097s0017
OG0014632	Thhalv10002575m.g	Caamp.0097s0045, Caamp.0047s0024
OG0014633	Thhalv10001198m.g	Caamp.0078s0800, Caamp.0047s0032
OG0014634	Thhalv10029425m.g	Caamp.0049s0029
OG0014635	Thhalv10009560m.g, Thhalv10010794m.g	Caamp.0005s0017
OG0014636	Thhalv10010725m.g	Caamp.0097s0083, Caamp.0005s0026
OG0014637	Thhalv10010749m.g	Caamp.0097s0101, Caamp.0005s0044
OG0014638	Thhalv10002527m.g	Caamp.0097s0110, Caamp.0005s0055
OG0014639	Thhalv10002540m.g	Caamp.0005s0057, Caamp.0097s0113
OG0014640	Thhalv10002903m.g	Caamp.0097s0139, Caamp.0005s0086
OG0014641	Thhalv10002916m.g	Caamp.0097s0164, Caamp.0005s0102
OG0014642	Thhalv10002642m.g	Caamp.0005s0105, Caamp.0097s0169
OG0014643	Thhalv10002577m.g	Caamp.0005s0125
OG0014645	Thhalv10002446m.g	Caamp.0097s0204, Caamp.0005s0141
OG0014646	Thhalv10002648m.g	Caamp.0005s0154
OG0014647	Thhalv10002543m.g	Caamp.0097s0244, Caamp.0005s0180
OG0014648	Thhalv10003041m.g	Caamp.0097s0264, Caamp.0005s0197
OG0014649	Thhalv10010650m.g	Caamp.0005s0203, Caamp.0097s0272
OG0014650	Thhalv10010907m.g	Caamp.0005s0204, Caamp.0097s0273
OG0014651	Thhalv10010300m.g	Caamp.0005s0211
OG0014652	Thhalv10010122m.g	Caamp.0005s0216
OG0014653	Thhalv10006077m.g, Thhalv10014051m.g	Caamp.0005s0237
OG0014654	Thhalv10010099m.g	Caamp.0005s0275
OG0014655	Thhalv10010893m.g	Caamp.0005s0287
OG0014656	Thhalv10010497m.g	Caamp.0005s0290
OG0014657	Thhalv10010898m.g	Caamp.0005s0334
OG0014658	Thhalv10010480m.g	Caamp.0005s0340
OG0014659	Thhalv10011071m.g	Caamp.0005s0344
OG0014660	Thhalv10010188m.g	Caamp.0005s0366
OG0014662	Thhalv10010222m.g	Caamp.0005s0386
OG0014663	Thhalv10016376m.g	Caamp.0051s0016, Caamp.0066s0008
OG0014664	Thhalv10017210m.g	Caamp.0051s0026
OG0014665	Thhalv10016594m.g	Caamp.0051s0037, Caamp.0066s0034
OG0014666	Thhalv10017356m.g	Caamp.0051s0040, Caamp.0066s0037
OG0014668	Thhalv10016773m.g	Caamp.0051s0066, Caamp.0066s0070
OG0014669	Thhalv10016546m.g	Caamp.0051s0067, Caamp.0066s0071
OG0014670	Thhalv10017270m.g	Caamp.0066s0074, Caamp.0051s0070
OG0014671	Thhalv10017024m.g	Caamp.0051s0071, Caamp.0066s0075
OG0014672	Thhalv10017954m.g	Caamp.0051s0081, Caamp.0066s0102
OG0014673	Thhalv10020561m.g	Caamp.0051s0128
OG0014674	Thhalv10019950m.g	Caamp.0051s0197
OG0014675	Thhalv10019931m.g	Caamp.0051s0263
OG0014676	Thhalv10020846m.g, Thhalv10022164m.g	Caamp.0051s0280
OG0014677	Thhalv10021854m.g, Thhalv10021822m.g, Thhalv10021769m.g	Caamp.0051s0383
OG0014678	Thhalv10006910m.g	Caamp.0052s0036
OG0014679	Thhalv10007643m.g	Caamp.0052s0195
OG0014680	Thhalv10007236m.g	Caamp.0052s0251
OG0014681	Thhalv10008575m.g	Caamp.0052s0267
OG0014682	Thhalv10009997m.g	Caamp.0052s0325
OG0014683	Thhalv10010022m.g	Caamp.0052s0327
OG0014684	Thhalv10027967m.g	Caamp.0052s0343, Caamp.0097s0436
OG0014685	Thhalv10029085m.g, Thhalv10029097m.g	Caamp.0052s0439
OG0014686	Thhalv10029156m.g	Caamp.0052s0472
OG0014687	Thhalv10002443m.g	Caamp.0052s0484
OG0014688	Thhalv10028386m.g	Caamp.0052s0485
OG0014689	Thhalv10028980m.g	Caamp.0052s0526, Caamp.0052s0527
OG0014690	Thhalv10029415m.g, Thhalv10028579m.g	Caamp.0052s0543
OG0014691	Thhalv10014769m.g	Caamp.0052s0623
OG0014692	Thhalv10019895m.g	Caamp.0053s0144
OG0014693	Thhalv10021123m.g	Caamp.0053s0191
OG0014694	Thhalv10023273m.g	Caamp.0054s0024
OG0014695	Thhalv10023238m.g	Caamp.0054s0070
OG0014697	Thhalv10007042m.g	Caamp.0056s0208
OG0014698	Thhalv10008812m.g	Caamp.0056s0248
OG0014699	Thhalv10009305m.g	Caamp.0056s0339
OG0014700	Thhalv10006769m.g	Caamp.0056s0350
OG0014700	Thhalv10023262m.g	Caamp.0007s0448, Caamp.0097s0351
OG0014701	Thhalv10003163m.g	Caamp.0058s0062
OG0014702	Thhalv10003227m.g	Caamp.0058s0119
OG0014703	Thhalv10003208m.g	Caamp.0064s0437, Caamp.0058s0122
OG0014704	Thhalv10003289m.g	Caamp.0064s0436, Caamp.0058s0123
OG0014705	Thhalv10003386m.g	Caamp.0064s0428, Caamp.0058s0131
OG0014706	Thhalv10003345m.g	Caamp.0058s0149
OG0014707	Thhalv10003259m.g	Caamp.0058s0159, Caamp.0064s0399
OG0014709	Thhalv10003145m.g	Caamp.0058s0167, Caamp.0064s0391
OG0014710	Thhalv10003290m.g	Caamp.0058s0168, Caamp.0064s0389
OG0014712	Thhalv10003257m.g	Caamp.0058s0171, Caamp.0064s0383
OG0014713	Thhalv10003134m.g	Caamp.0058s0172
OG0014714	Thhalv10003247m.g	Caamp.0064s0369, Caamp.0058s0182
OG0014715	Thhalv10003164m.g	Caamp.0058s0183
OG0014716	Thhalv10003389m.g	Caamp.0064s0366, Caamp.0058s0184
OG0014717	Thhalv10003253m.g	Caamp.0058s0185, Caamp.0064s0363
OG0014718	Thhalv10003168m.g	Caamp.0064s0344, Caamp.0058s0199
OG0014719	Thhalv10003269m.g	Caamp.0058s0203, Caamp.0064s0338
OG0014720	Thhalv10003177m.g	Caamp.0064s0331, Caamp.0058s0209
OG0014721	Thhalv10003275m.g	Caamp.0058s0210, Caamp.0064s0330
OG0014722	Thhalv10003365m.g	Caamp.0064s0326, Caamp.0058s0213
OG0014723	Thhalv10003249m.g	Caamp.0076s0519, Caamp.0058s0226
OG0014724	Thhalv10003157m.g	Caamp.0058s0227, Caamp.0076s0520
OG0014725	Thhalv10003310m.g	Caamp.0058s0234, Caamp.0076s0525
OG0014726	Thhalv10003292m.g	Caamp.0058s0260, Caamp.0076s0548
OG0014727	Thhalv10003416m.g	Caamp.0058s0272, Caamp.0076s0560
OG0014728	Thhalv10000217m.g	Caamp.0059s0019
OG0014729	Thhalv10000374m.g	Caamp.0059s0044, Caamp.0059s0045
OG0014730	Thhalv10019641m.g	Caamp.0006s0009
OG0014731	Thhalv10018897m.g	Caamp.0064s0129, Caamp.0006s0020
OG0014732	Thhalv10018081m.g	Caamp.0006s0021, Caamp.0064s0130
OG0014733	Thhalv10018616m.g	Caamp.0006s0028, Caamp.0064s0135
OG0014734	Thhalv10018871m.g	Caamp.0064s0136, Caamp.0006s0031
OG0014735	Thhalv10018079m.g	Caamp.0064s0151, Caamp.0006s0042
OG0014736	Thhalv10018798m.g	Caamp.0064s0169, Caamp.0006s0056
OG0014737	Thhalv10018577m.g, Thhalv10018580m.g	Caamp.0064s0203, Caamp.0006s0080
OG0014738	Thhalv10019253m.g	Caamp.0006s0085, Caamp.0064s0197
OG0014739	Thhalv10018092m.g	Caamp.0064s0196, Caamp.0006s0086
OG0014740	Thhalv10018051m.g	Caamp.0006s0094, Caamp.0064s0209
OG0014741	Thhalv10018556m.g	Caamp.0006s0095, Caamp.0064s0210
OG0014742	Thhalv10018497m.g	Caamp.0064s0223, Caamp.0006s0109
OG0014743	Thhalv10018756m.g	Caamp.0064s0224, Caamp.0006s0110
OG0014744	Thhalv10018704m.g	Caamp.0064s0226, Caamp.0064s0303, Caamp.0006s0115
OG0014745	Thhalv10019445m.g	Caamp.0006s0116, Caamp.0064s0229
OG0014746	Thhalv10018076m.g	Caamp.0064s0232, Caamp.0006s0123
OG0014747	Thhalv10018181m.g	Caamp.0064s0236, Caamp.0006s0127
OG0014748	Thhalv10018241m.g	Caamp.0064s0238, Caamp.0006s0128
OG0014749	Thhalv10018546m.g	Caamp.0064s0240, Caamp.0006s0132
OG0014750	Thhalv10018483m.g	Caamp.0064s0244, Caamp.0006s0136
OG0014751	Thhalv10018344m.g	Caamp.0006s0138, Caamp.0064s0246
OG0014752	Thhalv10018530m.g	Caamp.0006s0147, Caamp.0064s0260
OG0014753	Thhalv10018039m.g	Caamp.0006s0153, Caamp.0064s0264
OG0014754	Thhalv10019060m.g	Caamp.0064s0265, Caamp.0006s0154
OG0014755	Thhalv10018551m.g	Caamp.0064s0269, Caamp.0006s0157
OG0014756	Thhalv10018466m.g	Caamp.0064s0281, Caamp.0006s0170
OG0014757	Thhalv10019130m.g	Caamp.0006s0179, Caamp.0064s0290
OG0014758	Thhalv10018846m.g, Thhalv10018847m.g	Caamp.0064s0310, Caamp.0006s0193
OG0014759	Thhalv10019493m.g	Caamp.0006s0200, Caamp.0064s0317
OG0014760	Thhalv10018134m.g	Caamp.0064s0321, Caamp.0006s0204
OG0014761	Thhalv10018510m.g	Caamp.0006s0207, Caamp.0076s0504
OG0014762	Thhalv10018589m.g	Caamp.0006s0211, Caamp.0076s0500
OG0014763	Thhalv10019410m.g	Caamp.0006s0221, Caamp.0076s0491
OG0014764	Thhalv10018917m.g	Caamp.0006s0228, Caamp.0076s0485
OG0014765	Thhalv10018631m.g	Caamp.0006s0230, Caamp.0076s0483
OG0014766	Thhalv10018559m.g	Caamp.0006s0231, Caamp.0076s0482
OG0014767	Thhalv10018920m.g	Caamp.0006s0234, Caamp.0076s0478
OG0014768	Thhalv10019271m.g	Caamp.0006s0236, Caamp.0076s0476
OG0014769	Thhalv10018359m.g	Caamp.0076s0474, Caamp.0006s0238
OG0014772	Thhalv10019087m.g	Caamp.0006s0243, Caamp.0076s0469
OG0014773	Thhalv10019252m.g	Caamp.0006s0250, Caamp.0076s0467
OG0014774	Thhalv10019558m.g	Caamp.0006s0261, Caamp.0076s0460
OG0014775	Thhalv10018857m.g	Caamp.0076s0459, Caamp.0006s0262
OG0014776	Thhalv10019363m.g	Caamp.0076s0454, Caamp.0006s0267
OG0014777	Thhalv10018322m.g	Caamp.0076s0453, Caamp.0006s0268
OG0014778	Thhalv10019714m.g	Caamp.0006s0269, Caamp.0076s0452
OG0014779	Thhalv10018514m.g	Caamp.0076s0450, Caamp.0006s0271
OG0014780	Thhalv10019268m.g	Caamp.0006s0273, Caamp.0076s0448
OG0014781	Thhalv10018949m.g	Caamp.0076s0447, Caamp.0006s0274
OG0014782	Thhalv10019439m.g	Caamp.0006s0286, Caamp.0076s0435
OG0014783	Thhalv10019655m.g	Caamp.0076s0434, Caamp.0006s0287
OG0014784	Thhalv10019027m.g	Caamp.0076s0433, Caamp.0006s0288
OG0014785	Thhalv10019294m.g	Caamp.0006s0305, Caamp.0076s0416
OG0014787	Thhalv10018941m.g	Caamp.0076s0400, Caamp.0006s0320
OG0014788	Thhalv10018414m.g	Caamp.0006s0326, Caamp.0076s0394
OG0014789	Thhalv10018263m.g	Caamp.0006s0329, Caamp.0076s0391
OG0014790	Thhalv10019135m.g	Caamp.0076s0381, Caamp.0006s0339
OG0014791	Thhalv10018368m.g	Caamp.0076s0380, Caamp.0006s0340
OG0014792	Thhalv10019178m.g	Caamp.0076s0374, Caamp.0006s0347
OG0014793	Thhalv10018822m.g	Caamp.0076s0370, Caamp.0006s0352
OG0014794	Thhalv10018391m.g	Caamp.0076s0364, Caamp.0006s0355
OG0014795	Thhalv10018050m.g	Caamp.0006s0360, Caamp.0076s0359
OG0014796	Thhalv10023672m.g, Thhalv10019483m.g	Caamp.0006s0370
OG0014797	Thhalv10019224m.g	Caamp.0076s0349, Caamp.0006s0373
OG0014798	Thhalv10018558m.g	Caamp.0076s0348, Caamp.0006s0374
OG0014799	Thhalv10019683m.g	Caamp.0076s0346, Caamp.0006s0375
OG0014800	Thhalv10019554m.g	Caamp.0006s0377, Caamp.0076s0344
OG0014801	Thhalv10018864m.g	Caamp.0076s0334, Caamp.0006s0387
OG0014802	Thhalv10019026m.g	Caamp.0006s0390, Caamp.0076s0331
OG0014803	Thhalv10019650m.g	Caamp.0006s0393, Caamp.0076s0329
OG0014804	Thhalv10000607m.g	Caamp.0076s0325, Caamp.0006s0397
OG0014805	Thhalv10018880m.g	Caamp.0006s0402, Caamp.0076s0319
OG0014806	Thhalv10019645m.g	Caamp.0006s0408
OG0014807	Thhalv10018795m.g	Caamp.0006s0409
OG0014808	Thhalv10018225m.g	Caamp.0076s0300, Caamp.0006s0423
OG0014809	Thhalv10019767m.g	Caamp.0006s0434, Caamp.0076s0289
OG0014810	Thhalv10018567m.g	Caamp.0006s0437
OG0014811	Thhalv10019010m.g	Caamp.0076s0283, Caamp.0006s0441
OG0014812	Thhalv10018511m.g	Caamp.0006s0444, Caamp.0076s0279
OG0014813	Thhalv10019361m.g	Caamp.0076s0277, Caamp.0006s0445
OG0014814	Thhalv10018574m.g	Caamp.0006s0447, Caamp.0076s0273
OG0014815	Thhalv10019153m.g	Caamp.0076s0256, Caamp.0006s0463
OG0014816	Thhalv10019793m.g	Caamp.0006s0465
OG0014817	Thhalv10019452m.g	Caamp.0006s0470, Caamp.0076s0252
OG0014818	Thhalv10018895m.g	Caamp.0076s0231, Caamp.0006s0488
OG0014819	Thhalv10018201m.g	Caamp.0006s0502
OG0014820	Thhalv10018036m.g	Caamp.0076s0217, Caamp.0006s0504
OG0014821	Thhalv10019210m.g	Caamp.0076s0213, Caamp.0006s0508
OG0014822	Thhalv10018211m.g	Caamp.0006s0513, Caamp.0076s0208
OG0014823	Thhalv10019775m.g	Caamp.0006s0523, Caamp.0076s0200
OG0014824	Thhalv10018950m.g	Caamp.0076s0194, Caamp.0006s0528
OG0014825	Thhalv10019700m.g	Caamp.0006s0530
OG0014826	Thhalv10018769m.g	Caamp.0006s0534
OG0014827	Thhalv10018282m.g	Caamp.0076s0187, Caamp.0006s0537
OG0014828	Thhalv10018070m.g	Caamp.0076s0179, Caamp.0006s0544
OG0014829	Thhalv10019851m.g	Caamp.0006s0552, Caamp.0076s0173
OG0014830	Thhalv10019329m.g	Caamp.0076s0166, Caamp.0006s0559
OG0014831	Thhalv10018859m.g	Caamp.0006s0570, Caamp.0076s0156
OG0014832	Thhalv10019488m.g	Caamp.0006s0577, Caamp.0076s0152
OG0014833	Thhalv10019620m.g	Caamp.0006s0594
OG0014834	Thhalv10019668m.g	Caamp.0006s0621, Caamp.0064s0096
OG0014835	Thhalv10019269m.g	Caamp.0006s0623, Caamp.0064s0094
OG0014836	Thhalv10019555m.g	Caamp.0006s0637, Caamp.0064s0082
OG0014838	Thhalv10019858m.g	Caamp.0006s0649, Caamp.0064s0070
OG0014839	Thhalv10018670m.g	Caamp.0064s0062, Caamp.0006s0660
OG0014840	Thhalv10019255m.g	Caamp.0064s0061, Caamp.0006s0661
OG0014841	Thhalv10018620m.g	Caamp.0064s0059, Caamp.0006s0664
OG0014842	Thhalv10018394m.g	Caamp.0006s0666, Caamp.0064s0057
OG0014843	Thhalv10018802m.g	Caamp.0006s0667, Caamp.0064s0056
OG0014844	Thhalv10019651m.g	Caamp.0064s0053, Caamp.0006s0670
OG0014845	Thhalv10018658m.g	Caamp.0006s0675, Caamp.0064s0049
OG0014846	Thhalv10018071m.g	Caamp.0006s0678, Caamp.0064s0045
OG0014847	Thhalv10018625m.g	Caamp.0084s0007, Caamp.0006s0685
OG0014848	Thhalv10018678m.g	Caamp.0064s0003, Caamp.0006s0693
OG0014849	Thhalv10018445m.g	Caamp.0006s0697, Caamp.0064s0007
OG0014850	Thhalv10018562m.g	Caamp.0006s0698, Caamp.0064s0008
OG0014851	Thhalv10018367m.g	Caamp.0064s0010, Caamp.0006s0700
OG0014852	Thhalv10018764m.g	Caamp.0064s0014, Caamp.0006s0704
OG0014853	Thhalv10018400m.g	Caamp.0006s0716, Caamp.0064s0029
OG0014854	Thhalv10019085m.g	Caamp.0064s0031, Caamp.0006s0718
OG0014855	Thhalv10019140m.g	Caamp.0064s0040, Caamp.0006s0723
OG0014856	Thhalv10018494m.g	Caamp.0084s0013, Caamp.0006s0726
OG0014857	Thhalv10018541m.g	Caamp.0084s0017, Caamp.0006s0730
OG0014858	Thhalv10018651m.g	Caamp.0084s0032, Caamp.0006s0745
OG0014859	Thhalv10018398m.g	Caamp.0084s0036, Caamp.0006s0750
OG0014860	Thhalv10018872m.g	Caamp.0006s0753, Caamp.0084s0037
OG0014861	Thhalv10018548m.g	Caamp.0084s0051, Caamp.0006s0766
OG0014862	Thhalv10018671m.g	Caamp.0006s0768, Caamp.0084s0053
OG0014863	Thhalv10018894m.g	Caamp.0084s0056, Caamp.0006s0772
OG0014864	Thhalv10019134m.g	Caamp.0006s0773, Caamp.0084s0057
OG0014865	Thhalv10019034m.g	Caamp.0006s0779, Caamp.0084s0064
OG0014866	Thhalv10019688m.g	Caamp.0006s0784, Caamp.0084s0070
OG0014867	Thhalv10019813m.g	Caamp.0084s0072, Caamp.0084s0071, Caamp.0006s0785
OG0014868	Thhalv10018901m.g	Caamp.0084s0076, Caamp.0006s0789
OG0014869	Thhalv10018725m.g	Caamp.0084s0077, Caamp.0006s0790
OG0014870	Thhalv10018906m.g	Caamp.0006s0793, Caamp.0084s0080
OG0014872	Thhalv10018261m.g, Thhalv10019728m.g	Caamp.0064s0021
OG0014873	Thhalv10019118m.g	Caamp.0064s0143
OG0014874	Thhalv10019357m.g	Caamp.0064s0162
OG0014875	Thhalv10019097m.g	Caamp.0064s0163
OG0014876	Thhalv10018106m.g	Caamp.0064s0220
OG0014877	Thhalv10019853m.g	Caamp.0064s0228
OG0014878	Thhalv10019703m.g	Caamp.0064s0248
OG0014879	Thhalv10018029m.g	Caamp.0064s0287
OG0014880	Thhalv10003353m.g	Caamp.0064s0349
OG0014881	Thhalv10003342m.g, Thhalv10003305m.g	Caamp.0064s0353
OG0014883	Thhalv10009502m.g	Caamp.0064s0446, Caamp.0064s0444
OG0014884	Thhalv10018585m.g	Caamp.0064s0561
OG0014885	Thhalv10011792m.g	Caamp.0097s0366, Caamp.0064s0568
OG0014886	Thhalv10023052m.g, Thhalv10022969m.g, Thhalv10027249m.g, Thhalv10027078m.g	Caamp.0064s0569
OG0014887	Thhalv10011908m.g	Caamp.0064s0571, Caamp.0097s0365
OG0014888	Thhalv10011754m.g	Caamp.0097s0345, Caamp.0064s0593
OG0014889	Thhalv10011426m.g	Caamp.0064s0608
OG0014890	Thhalv10011682m.g	Caamp.0097s0329, Caamp.0064s0613
OG0014891	Thhalv10012051m.g	Caamp.0064s0618, Caamp.0097s0324
OG0014892	Thhalv10012121m.g	Caamp.0064s0631, Caamp.0097s0313
OG0014893	Thhalv10012182m.g	Caamp.0064s0644, Caamp.0097s0301
OG0014894	Thhalv10011577m.g	Caamp.0064s0647
OG0014895	Thhalv10011628m.g	Caamp.0097s0280, Caamp.0064s0665
OG0014896	Thhalv10011306m.g, Thhalv10011302m.g	Caamp.0064s0680
OG0014898	Thhalv10011847m.g	Caamp.0064s0757
OG0014899	Thhalv10012306m.g	Caamp.0064s0846
OG0014900	Thhalv10011805m.g	Caamp.0064s0878
OG0014901	Thhalv10011834m.g	Caamp.0064s0883
OG0014902	Thhalv10005888m.g	Caamp.0065s0032
OG0014903	Thhalv10006386m.g	Caamp.0065s0087
OG0014904	Thhalv10017315m.g	Caamp.0066s0002
OG0014905	Thhalv10016199m.g	Caamp.0066s0054
OG0014906	Thhalv10016701m.g	Caamp.0066s0063
OG0014907	Thhalv10016813m.g	Caamp.0066s0072
OG0014908	Thhalv10016751m.g	Caamp.0066s0082
OG0014909	Thhalv10004205m.g	Caamp.0097s0911, Caamp.0068s0012
OG0014910	Thhalv10004207m.g	Caamp.0068s0019, Caamp.0097s0899
OG0014911	Thhalv10027988m.g	Caamp.0068s0041, Caamp.0097s0868
OG0014912	Thhalv10028131m.g	Caamp.0097s0867, Caamp.0068s0042
OG0014914	Thhalv10007135m.g	Caamp.0007s0106
OG0014915	Thhalv10009319m.g	Caamp.0007s0118
OG0014916	Thhalv10009117m.g	Caamp.0007s0133
OG0014917	Thhalv10008473m.g	Caamp.0007s0216
OG0014918	Thhalv10009422m.g	Caamp.0007s0243
OG0014919	Thhalv10009336m.g	Caamp.0007s0256
OG0014920	Thhalv10006958m.g	Caamp.0007s0301
OG0014921	Thhalv10006642m.g	Caamp.0007s0350
OG0014922	Thhalv10024029m.g	Caamp.0007s0474
OG0014923	Thhalv10023302m.g	Caamp.0007s0513
OG0014924	Thhalv10023565m.g	Caamp.0007s0537
OG0014925	Thhalv10009143m.g	Caamp.0070s0016
OG0014926	Thhalv10027956m.g	Caamp.0071s0001, Caamp.0008s0057
OG0014927	Thhalv10008304m.g	Caamp.0071s0040
OG0014928	Thhalv10007904m.g, Thhalv10023983m.g	Caamp.0071s0230
OG0014929	Thhalv10009955m.g, Thhalv10019471m.g	Caamp.0071s0277
OG0014930	Thhalv10006881m.g	Caamp.0071s0285
OG0014933	Thhalv10012593m.g	Caamp.0076s0058
OG0014934	Thhalv10019478m.g	Caamp.0076s0093
OG0014935	Thhalv10018208m.g	Caamp.0076s0108
OG0014936	Thhalv10018579m.g	Caamp.0076s0150
OG0014937	Thhalv10018411m.g	Caamp.0093s0035, Caamp.0076s0199
OG0014938	Thhalv10019624m.g	Caamp.0076s0269
OG0014939	Thhalv10019203m.g, Thhalv10018520m.g	Caamp.0076s0274
OG0014940	Thhalv10019619m.g	Caamp.0076s0353
OG0014941	Thhalv10003374m.g	Caamp.0076s0512
OG0014942	Thhalv10003396m.g	Caamp.0076s0544
OG0014943	Thhalv10003322m.g	Caamp.0076s0559
OG0014944	Thhalv10000882m.g	Caamp.0076s0620
OG0014945	Thhalv10000823m.g	Caamp.0076s0636
OG0014946	Thhalv10001050m.g	Caamp.0076s0637
OG0014947	Thhalv10000778m.g	Caamp.0076s0646
OG0014948	Thhalv10001149m.g, Thhalv10011938m.g, Thhalv10012066m.g, Thhalv10012390m.g, Thhalv10011965m.g	Caamp.0076s0670
OG0014949	Thhalv10000950m.g	Caamp.0076s0697
OG0014950	Thhalv10000780m.g, Thhalv10001204m.g	Caamp.0076s0704
OG0014951	Thhalv10027718m.g	Caamp.0076s0749
OG0014952	Thhalv10000746m.g	Caamp.0076s0753
OG0014953	Thhalv10000805m.g	Caamp.0076s0764
OG0014954	Thhalv10000963m.g, Thhalv10000953m.g, Thhalv10003056m.g	Caamp.0076s0823
OG0014955	Thhalv10000870m.g	Caamp.0076s0836
OG0014956	Thhalv10000932m.g	Caamp.0076s0839, Caamp.0085s0009
OG0014957	Thhalv10001082m.g	Caamp.0076s0847, Caamp.0085s0017
OG0014958	Thhalv10000935m.g	Caamp.0085s0022, Caamp.0076s0852
OG0014959	Thhalv10001037m.g	Caamp.0076s0865, Caamp.0085s0038
OG0014960	Thhalv10001057m.g	Caamp.0085s0044, Caamp.0076s0870
OG0014961	Thhalv10000839m.g	Caamp.0085s0052, Caamp.0076s0878
OG0014962	Thhalv10001026m.g	Caamp.0085s0058, Caamp.0076s0882
OG0014963	Thhalv10000894m.g	Caamp.0076s0895, Caamp.0085s0069
OG0014964	Thhalv10000909m.g	Caamp.0076s0904
OG0014965	Thhalv10000918m.g	Caamp.0076s0906, Caamp.0085s0083
OG0014966	Thhalv10000998m.g	Caamp.0076s0909, Caamp.0085s0087
OG0014967	Thhalv10000821m.g	Caamp.0085s0090, Caamp.0076s0912
OG0014968	Thhalv10000985m.g	Caamp.0076s0927, Caamp.0085s0106
OG0014969	Thhalv10003910m.g	Caamp.0085s0116, Caamp.0076s0939
OG0014970	Thhalv10004706m.g	Caamp.0085s0119, Caamp.0076s0942
OG0014971	Thhalv10004986m.g	Caamp.0076s0947, Caamp.0085s0124
OG0014972	Thhalv10005303m.g	Caamp.0085s0129, Caamp.0076s0952
OG0014973	Thhalv10004999m.g	Caamp.0085s0133, Caamp.0076s0956
OG0014974	Thhalv10004402m.g	Caamp.0076s0957
OG0014975	Thhalv10005015m.g	Caamp.0077s0003, Caamp.0076s0962
OG0014976	Thhalv10004597m.g	Caamp.0077s0004, Caamp.0076s0963
OG0014977	Thhalv10003548m.g	Caamp.0076s0972, Caamp.0077s0012
OG0014978	Thhalv10004194m.g	Caamp.0077s0027, Caamp.0076s0991
OG0014979	Thhalv10003749m.g	Caamp.0076s0993
OG0014980	Thhalv10003581m.g	Caamp.0076s0996, Caamp.0077s0031
OG0014981	Thhalv10004604m.g	Caamp.0077s0036, Caamp.0076s1002
OG0014982	Thhalv10004663m.g	Caamp.0077s0037, Caamp.0076s1003
OG0014983	Thhalv10004326m.g	Caamp.0077s0050, Caamp.0076s1016
OG0014985	Thhalv10004758m.g	Caamp.0077s0052, Caamp.0076s1018
OG0014986	Thhalv10004763m.g	Caamp.0076s1019, Caamp.0077s0053
OG0014987	Thhalv10005123m.g	Caamp.0076s1026
OG0014988	Thhalv10004617m.g	Caamp.0077s0061, Caamp.0076s1029
OG0014989	Thhalv10004698m.g	Caamp.0077s0065, Caamp.0076s1033
OG0014990	Thhalv10004730m.g	Caamp.0076s1037, Caamp.0077s0070
OG0014991	Thhalv10004804m.g	Caamp.0077s0073, Caamp.0076s1040
OG0014992	Thhalv10004551m.g	Caamp.0076s1042, Caamp.0077s0074
OG0014993	Thhalv10005531m.g, Thhalv10004995m.g	Caamp.0076s1058
OG0014994	Thhalv10004578m.g	Caamp.0076s1064
OG0014995	Thhalv10003799m.g	Caamp.0077s0088, Caamp.0076s1070
OG0014996	Thhalv10003838m.g	Caamp.0076s1084
OG0014997	Thhalv10002851m.g	Caamp.0076s1095
OG0014998	Thhalv10005319m.g	Caamp.0076s1111, Caamp.0076s1109, Caamp.0076s1110
OG0014999	Thhalv10003811m.g	Caamp.0076s1119
OG0015000	Thhalv10021167m.g	Caamp.0076s1145
OG0015001	Thhalv10021074m.g	Caamp.0076s1249
OG0015002	Thhalv10019880m.g	Caamp.0076s1378
OG0015003	Thhalv10001371m.g	Caamp.0076s1415
OG0015004	Thhalv10001662m.g	Caamp.0076s1421
OG0015005	Thhalv10004104m.g	Caamp.0077s0002
OG0015007	Thhalv10006113m.g, Thhalv10027614m.g	Caamp.0078s0109
OG0015008	Thhalv10010773m.g	Caamp.0095s1119, Caamp.0078s0157
OG0015009	Thhalv10010616m.g	Caamp.0078s0159, Caamp.0095s1117
OG0015010	Thhalv10010588m.g	Caamp.0095s1116, Caamp.0078s0160
OG0015011	Thhalv10010693m.g	Caamp.0078s0163, Caamp.0095s1113
OG0015013	Thhalv10010546m.g	Caamp.0078s0174
OG0015014	Thhalv10010748m.g	Caamp.0078s0176, Caamp.0095s1105
OG0015015	Thhalv10010795m.g	Caamp.0095s1103, Caamp.0078s0178
OG0015016	Thhalv10010695m.g	Caamp.0095s1102, Caamp.0078s0179
OG0015017	Thhalv10010566m.g	Caamp.0078s0185, Caamp.0095s1098
OG0015018	Thhalv10010399m.g	Caamp.0095s1086, Caamp.0078s0198
OG0015019	Thhalv10010850m.g	Caamp.0095s1071, Caamp.0078s0212
OG0015020	Thhalv10011111m.g	Caamp.0078s0214, Caamp.0095s1069
OG0015021	Thhalv10010483m.g	Caamp.0078s0219
OG0015022	Thhalv10010111m.g	Caamp.0078s0220
OG0015023	Thhalv10010756m.g	Caamp.0095s1062, Caamp.0078s0223
OG0015024	Thhalv10010261m.g	Caamp.0078s0233
OG0015025	Thhalv10010841m.g	Caamp.0095s1050, Caamp.0078s0235
OG0015026	Thhalv10010716m.g	Caamp.0095s1047, Caamp.0078s0241
OG0015027	Thhalv10010929m.g	Caamp.0095s1045, Caamp.0078s0243
OG0015028	Thhalv10010632m.g	Caamp.0095s1042, Caamp.0078s0246
OG0015029	Thhalv10010359m.g	Caamp.0095s1033, Caamp.0078s0255
OG0015030	Thhalv10010751m.g	Caamp.0078s0257, Caamp.0095s1031
OG0015031	Thhalv10011051m.g	Caamp.0095s1028, Caamp.0078s0260
OG0015032	Thhalv10010796m.g	Caamp.0078s0262, Caamp.0095s1027
OG0015033	Thhalv10010951m.g	Caamp.0095s1026, Caamp.0078s0263
OG0015035	Thhalv10010449m.g	Caamp.0078s0268, Caamp.0095s1022
OG0015036	Thhalv10010410m.g	Caamp.0095s1012, Caamp.0078s0272
OG0015037	Thhalv10010507m.g	Caamp.0095s1013, Caamp.0078s0273
OG0015038	Thhalv10011065m.g	Caamp.0095s1019, Caamp.0078s0280
OG0015039	Thhalv10010216m.g	Caamp.0095s1021, Caamp.0078s0282
OG0015040	Thhalv10010705m.g	Caamp.0078s0287
OG0015041	Thhalv10010456m.g	Caamp.0095s1003, Caamp.0078s0290
OG0015042	Thhalv10010496m.g	Caamp.0095s1000, Caamp.0078s0293
OG0015043	Thhalv10010678m.g	Caamp.0095s0999, Caamp.0078s0294
OG0015044	Thhalv10010479m.g	Caamp.0095s0993, Caamp.0078s0300
OG0015045	Thhalv10010395m.g	Caamp.0078s0301, Caamp.0095s0992
OG0015046	Thhalv10010138m.g	Caamp.0078s0303, Caamp.0095s0990
OG0015047	Thhalv10010548m.g	Caamp.0095s0986, Caamp.0078s0308
OG0015048	Thhalv10010711m.g	Caamp.0095s0977, Caamp.0078s0317
OG0015049	Thhalv10010896m.g	Caamp.0078s0332, Caamp.0095s0963
OG0015050	Thhalv10011162m.g	Caamp.0095s0959, Caamp.0078s0337
OG0015051	Thhalv10010611m.g	Caamp.0078s0338, Caamp.0095s0958
OG0015052	Thhalv10010889m.g	Caamp.0078s0339, Caamp.0095s0957
OG0015053	Thhalv10011130m.g	Caamp.0095s0950, Caamp.0078s0343
OG0015054	Thhalv10010920m.g	Caamp.0095s0949, Caamp.0078s0344
OG0015055	Thhalv10010265m.g	Caamp.0095s0932, Caamp.0078s0360
OG0015056	Thhalv10010544m.g	Caamp.0078s0372, Caamp.0095s0770
OG0015057	Thhalv10010639m.g	Caamp.0078s0376, Caamp.0095s0774
OG0015058	Thhalv10010393m.g	Caamp.0078s0379, Caamp.0095s0778
OG0015059	Thhalv10010720m.g	Caamp.0078s0384, Caamp.0095s0782
OG0015060	Thhalv10010247m.g	Caamp.0095s0789, Caamp.0078s0392
OG0015061	Thhalv10010628m.g	Caamp.0078s0404, Caamp.0095s0798
OG0015062	Thhalv10010334m.g	Caamp.0095s0799, Caamp.0078s0405
OG0015063	Thhalv10010067m.g	Caamp.0078s0406, Caamp.0095s0800
OG0015064	Thhalv10010625m.g	Caamp.0078s0410
OG0015065	Thhalv10010674m.g	Caamp.0095s0810, Caamp.0078s0419
OG0015066	Thhalv10010402m.g, Thhalv10023476m.g	Caamp.0078s0422
OG0015067	Thhalv10023527m.g	Caamp.0078s0423
OG0015067	Thhalv10010451m.g	Caamp.0095s0813
OG0015068	Thhalv10010532m.g	Caamp.0078s0429, Caamp.0095s0820
OG0015069	Thhalv10010557m.g	Caamp.0078s0435, Caamp.0095s0824
OG0015070	Thhalv10010914m.g	Caamp.0078s0453
OG0015071	Thhalv10010482m.g	Caamp.0078s0463, Caamp.0095s0857
OG0015072	Thhalv10010704m.g	Caamp.0095s0872, Caamp.0078s0478
OG0015073	Thhalv10010698m.g	Caamp.0095s0885, Caamp.0078s0488
OG0015074	Thhalv10010573m.g	Caamp.0095s0892, Caamp.0078s0495
OG0015075	Thhalv10010158m.g	Caamp.0078s0499, Caamp.0095s0896
OG0015076	Thhalv10010819m.g	Caamp.0078s0513, Caamp.0095s0911
OG0015077	Thhalv10010915m.g	Caamp.0078s0514, Caamp.0095s0912
OG0015078	Thhalv10023542m.g	Caamp.0095s0916
OG0015078	Thhalv10010488m.g	Caamp.0078s0520
OG0015079	Thhalv10010741m.g	Caamp.0078s0525, Caamp.0095s0769
OG0015080	Thhalv10010278m.g	Caamp.0095s0768, Caamp.0078s0526
OG0015081	Thhalv10010229m.g	Caamp.0078s0530, Caamp.0095s0764
OG0015082	Thhalv10010491m.g	Caamp.0095s0754, Caamp.0078s0541
OG0015083	Thhalv10010513m.g	Caamp.0095s0752, Caamp.0078s0543
OG0015084	Thhalv10010587m.g	Caamp.0078s0549, Caamp.0095s0746
OG0015085	Thhalv10010445m.g	Caamp.0095s0745, Caamp.0078s0550
OG0015086	Thhalv10019992m.g	Caamp.0078s0653
OG0015087	Thhalv10022253m.g	Caamp.0078s0770
OG0015088	Thhalv10019974m.g	Caamp.0078s0774
OG0015089	Thhalv10020789m.g	Caamp.0078s0792
OG0015090	Thhalv10021967m.g	Caamp.0078s0921
OG0015091	Thhalv10021043m.g	Caamp.0078s0928
OG0015092	Thhalv10020200m.g	Caamp.0078s0943
OG0015093	Thhalv10020761m.g	Caamp.0078s0975
OG0015094	Thhalv10019887m.g	Caamp.0078s1051
OG0015095	Thhalv10020423m.g	Caamp.0078s1056
OG0015096	Thhalv10021228m.g	Caamp.0078s1113
OG0015097	Thhalv10002104m.g	Caamp.0095s1309, Caamp.0079s0022
OG0015098	Thhalv10001924m.g	Caamp.0095s1314, Caamp.0079s0028
OG0015099	Thhalv10001935m.g	Caamp.0095s1326, Caamp.0079s0039
OG0015100	Thhalv10002121m.g	Caamp.0095s1340, Caamp.0079s0053
OG0015101	Thhalv10001932m.g	Caamp.0095s1341, Caamp.0079s0054
OG0015102	Thhalv10002102m.g	Caamp.0095s1342, Caamp.0079s0055
OG0015103	Thhalv10001986m.g	Caamp.0095s1359, Caamp.0079s0073
OG0015104	Thhalv10001990m.g	Caamp.0095s1367, Caamp.0079s0083
OG0015105	Thhalv10002112m.g	Caamp.0079s0085, Caamp.0095s1369
OG0015107	Thhalv10001956m.g	Caamp.0008s0117
OG0015108	Thhalv10002098m.g	Caamp.0008s0145
OG0015109	Thhalv10001918m.g	Caamp.0008s0172
OG0015110	Thhalv10006512m.g	Caamp.0095s0572, Caamp.0008s0235
OG0015111	Thhalv10002008m.g	Caamp.0008s0247, Caamp.0081s0014
OG0015112	Thhalv10002114m.g	Caamp.0080s0031
OG0015113	Thhalv10017328m.g	Caamp.0080s0056
OG0015114	Thhalv10018449m.g	Caamp.0084s0085
OG0015115	Thhalv10001231m.g	Caamp.0085s0095
OG0015116	Thhalv10003438m.g	Caamp.0097s1010, Caamp.0089s0016
OG0015117	Thhalv10025823m.g	Caamp.0090s0008, Caamp.0095s0060
OG0015118	Thhalv10027402m.g	Caamp.0090s0010, Caamp.0095s0059
OG0015119	Thhalv10024582m.g	Caamp.0090s0013, Caamp.0095s0056
OG0015120	Thhalv10025778m.g, Thhalv10025689m.g	Caamp.0095s0048, Caamp.0090s0018
OG0015121	Thhalv10026570m.g	Caamp.0090s0020, Caamp.0095s0045
OG0015122	Thhalv10024402m.g	Caamp.0090s0028, Caamp.0095s0035
OG0015123	Thhalv10025856m.g	Caamp.0090s0029, Caamp.0095s0034
OG0015124	Thhalv10025032m.g	Caamp.0090s0032, Caamp.0095s0032
OG0015125	Thhalv10024270m.g	Caamp.0090s0033, Caamp.0095s0031
OG0015126	Thhalv10026579m.g	Caamp.0090s0035, Caamp.0095s0029
OG0015128	Thhalv10026869m.g	Caamp.0090s0056, Caamp.0095s0007
OG0015129	Thhalv10026308m.g	Caamp.0090s0059
OG0015130	Thhalv10022645m.g	Caamp.0093s0026, Caamp.0095s1265
OG0015131	Thhalv10023917m.g	Caamp.0093s0027
OG0015131	Thhalv10022744m.g	Caamp.0095s1264
OG0015132	Thhalv10022647m.g	Caamp.0093s0030, Caamp.0095s1262
OG0015133	Thhalv10022960m.g	Caamp.0093s0038, Caamp.0095s1256
OG0015134	Thhalv10022561m.g	Caamp.0095s1239, Caamp.0093s0056
OG0015135	Thhalv10022785m.g	Caamp.0093s0057, Caamp.0095s1238
OG0015136	Thhalv10022690m.g	Caamp.0095s1237, Caamp.0093s0058
OG0015138	Thhalv10022551m.g	Caamp.0093s0072
OG0015139	Thhalv10022596m.g	Caamp.0093s0102, Caamp.0095s1196
OG0015141	Thhalv10022915m.g	Caamp.0093s0114, Caamp.0095s1184
OG0015142	Thhalv10022793m.g, Thhalv10022982m.g	Caamp.0093s0124, Caamp.0095s1174
OG0015143	Thhalv10022875m.g	Caamp.0095s1173, Caamp.0093s0125
OG0015144	Thhalv10022807m.g	Caamp.0095s1142, Caamp.0093s0158
OG0015145	Thhalv10022884m.g	Caamp.0095s1141, Caamp.0093s0159
OG0015146	Thhalv10022970m.g	Caamp.0093s0167
OG0015147	Thhalv10022685m.g	Caamp.0093s0169, Caamp.0095s1133
OG0015148	Thhalv10024972m.g	Caamp.0094s0252
OG0015149	Thhalv10024995m.g, Thhalv10027468m.g	Caamp.0094s0505
OG0015150	Thhalv10025779m.g	Caamp.0094s0626
OG0015151	Thhalv10025954m.g	Caamp.0094s0679
OG0015152	Thhalv10026789m.g	Caamp.0094s0733
OG0015153	Thhalv10009353m.g, Thhalv10024182m.g	Caamp.0094s0759
OG0015154	Thhalv10025935m.g	Caamp.0094s0784
OG0015155	Thhalv10025601m.g	Caamp.0094s0845
OG0015156	Thhalv10026917m.g	Caamp.0094s0854, Caamp.0094s0877, Caamp.0094s0853
OG0015157	Thhalv10025613m.g	Caamp.0094s0903
OG0015158	Thhalv10025609m.g	Caamp.0094s0959
OG0015159	Thhalv10025101m.g	Caamp.0094s1037
OG0015160	Thhalv10025301m.g	Caamp.0094s1050
OG0015161	Thhalv10024299m.g	Caamp.0094s1052
OG0015162	Thhalv10027290m.g	Caamp.0094s1057
OG0015163	Thhalv10024534m.g	Caamp.0094s1090
OG0015164	Thhalv10026939m.g	Caamp.0094s1095
OG0015166	Thhalv10026659m.g	Caamp.0095s0043
OG0015167	Thhalv10024535m.g	Caamp.0095s0117, Caamp.0097s0389
OG0015168	Thhalv10025551m.g	Caamp.0095s0125, Caamp.0097s0397
OG0015169	Thhalv10026276m.g	Caamp.0095s0137, Caamp.0097s0407
OG0015170	Thhalv10024963m.g	Caamp.0095s0142, Caamp.0097s0415
OG0015171	Thhalv10027163m.g, Thhalv10027153m.g	Caamp.0097s0417, Caamp.0095s0144
OG0015172	Thhalv10025552m.g	Caamp.0097s0420, Caamp.0095s0147
OG0015173	Thhalv10024882m.g	Caamp.0095s0232
OG0015174	Thhalv10015133m.g, Thhalv10023491m.g, Thhalv10006280m.g	Caamp.0095s0311, Caamp.0095s0314
OG0015175	Thhalv10006423m.g	Caamp.0095s0472
OG0015176	Thhalv10006097m.g	Caamp.0095s0508, Caamp.0095s0509
OG0015177	Thhalv10006039m.g, Thhalv10005873m.g	Caamp.0095s0570
OG0015178	Thhalv10006232m.g	Caamp.0095s0590
OG0015179	Thhalv10029162m.g, Thhalv10006408m.g	Caamp.0095s0612, Caamp.0095s0613, Caamp.0099s0126
OG0015180	Thhalv10006186m.g	Caamp.0099s0125, Caamp.0095s0614
OG0015181	Thhalv10006476m.g	Caamp.0099s0117, Caamp.0095s0620
OG0015182	Thhalv10006215m.g	Caamp.0095s0625, Caamp.0099s0112
OG0015183	Thhalv10005843m.g	Caamp.0095s0627, Caamp.0099s0108
OG0015184	Thhalv10001140m.g, Thhalv10027573m.g	Caamp.0099s0106, Caamp.0095s0632
OG0015185	Thhalv10006101m.g	Caamp.0099s0093, Caamp.0095s0648
OG0015186	Thhalv10006145m.g	Caamp.0095s0652, Caamp.0099s0087
OG0015187	Thhalv10006119m.g	Caamp.0095s0668, Caamp.0099s0070
OG0015188	Thhalv10005797m.g	Caamp.0095s0669, Caamp.0099s0069
OG0015189	Thhalv10010699m.g	Caamp.0095s0671, Caamp.0099s0067
OG0015190	Thhalv10010400m.g	Caamp.0099s0063, Caamp.0095s0675
OG0015191	Thhalv10010522m.g	Caamp.0095s0676, Caamp.0099s0062
OG0015192	Thhalv10010805m.g	Caamp.0099s0046, Caamp.0095s0691
OG0015193	Thhalv10010524m.g	Caamp.0099s0045, Caamp.0095s0692
OG0015194	Thhalv10011142m.g	Caamp.0095s0700, Caamp.0099s0035
OG0015195	Thhalv10010312m.g	Caamp.0095s0705, Caamp.0099s0028
OG0015196	Thhalv10010627m.g	Caamp.0099s0024, Caamp.0095s0709
OG0015197	Thhalv10010443m.g	Caamp.0099s0023, Caamp.0095s0710
OG0015198	Thhalv10010742m.g	Caamp.0095s0716, Caamp.0099s0017
OG0015199	Thhalv10010685m.g	Caamp.0099s0011, Caamp.0095s0721
OG0015200	Thhalv10010135m.g	Caamp.0095s0725, Caamp.0099s0006
OG0015201	Thhalv10010264m.g	Caamp.0095s0726, Caamp.0099s0005
OG0015202	Thhalv10010331m.g	Caamp.0095s0779
OG0015203	Thhalv10011058m.g	Caamp.0095s0858
OG0015204	Thhalv10023482m.g, Thhalv10010267m.g	Caamp.0095s0917
OG0015205	Thhalv10010397m.g	Caamp.0095s1010
OG0015206	Thhalv10010408m.g	Caamp.0095s1038
OG0015207	Thhalv10002082m.g	Caamp.0095s1327
OG0015208	Thhalv10001954m.g	Caamp.0095s1378
OG0015209	Thhalv10002016m.g	Caamp.0095s1388
OG0015210	Thhalv10002109m.g	Caamp.0095s1389
OG0015211	Thhalv10015165m.g	Caamp.0097s0033
OG0015212	Thhalv10002900m.g	Caamp.0097s0135
OG0015213	Thhalv10002696m.g	Caamp.0097s0163
OG0015214	Thhalv10002549m.g	Caamp.0097s0165
OG0015215	Thhalv10002651m.g	Caamp.0097s0181
OG0015216	Thhalv10002484m.g	Caamp.0097s0266
OG0015217	Thhalv10011640m.g	Caamp.0097s0339
OG0015218	Thhalv10026361m.g	Caamp.0097s0403
OG0015219	Thhalv10027932m.g	Caamp.0097s0438
OG0015220	Thhalv10027672m.g	Caamp.0097s0442
OG0015221	Thhalv10028239m.g	Caamp.0097s0466, Caamp.0097s0797
OG0015222	Thhalv10024423m.g	Caamp.0097s0477
OG0015223	Thhalv10022007m.g, Thhalv10021958m.g, Thhalv10019760m.g, Thhalv10009504m.g	Caamp.0097s0512
OG0015224	Thhalv10024461m.g	Caamp.0097s0530
OG0015225	Thhalv10027150m.g, Thhalv10025406m.g	Caamp.0097s0558
OG0015226	Thhalv10025537m.g	Caamp.0097s0559
OG0015227	Thhalv10025001m.g	Caamp.0097s0587
OG0015228	Thhalv10027633m.g	Caamp.0097s0807
OG0015229	Thhalv10027806m.g	Caamp.0097s0822
OG0015230	Thhalv10028049m.g	Caamp.0097s0833, Caamp.0097s0832
OG0015231	Thhalv10027675m.g	Caamp.0097s0848
OG0015232	Thhalv10028153m.g	Caamp.0097s0856
OG0015233	Thhalv10003712m.g	Caamp.0097s0906
OG0015234	Thhalv10009170m.g	Caamp.0097s0942
OG0015235	Thhalv10004244m.g	Caamp.0097s0947
OG0015327	Thhalv10001003m.g	Caamp.0001s0005, Caamp.0076s0830
OG0015328	Thhalv10001100m.g	Caamp.0001s0031
OG0015329	Thhalv10003320m.g	Caamp.0001s0044, Caamp.0076s0797
OG0015333	Thhalv10001030m.g	Caamp.0076s0721, Caamp.0001s0123
OG0015334	Thhalv10001044m.g	Caamp.0001s0130
OG0015335	Thhalv10000893m.g	Caamp.0076s0710, Caamp.0001s0135
OG0015336	Thhalv10000895m.g	Caamp.0001s0138
OG0015337	Thhalv10001027m.g	Caamp.0001s0150
OG0015339	Thhalv10001133m.g	Caamp.0001s0165, Caamp.0058s0217, Caamp.0076s0671
OG0015340	Thhalv10000803m.g	Caamp.0001s0170
OG0015343	Thhalv10000807m.g	Caamp.0001s0224
OG0015344	Thhalv10025948m.g	Caamp.0001s0278
OG0015345	Thhalv10026745m.g	Caamp.0001s0279
OG0015346	Thhalv10026896m.g	Caamp.0001s0282
OG0015347	Thhalv10024576m.g	Caamp.0001s0294
OG0015349	Thhalv10026810m.g	Caamp.0001s0302
OG0015350	Thhalv10027829m.g	Caamp.1041s0030, Caamp.0001s0318
OG0015351	Thhalv10026263m.g	Caamp.0001s0322
OG0015352	Thhalv10025597m.g, Thhalv10026746m.g	Caamp.0001s0333
OG0015353	Thhalv10022899m.g	Caamp.0001s0340
OG0015354	Thhalv10025414m.g	Caamp.0001s0357
OG0015355	Thhalv10027710m.g	Caamp.0097s0796, Caamp.0010s0028
OG0015356	Thhalv10002084m.g	Caamp.0010s0046
OG0015357	Thhalv10002295m.g	Caamp.0008s0122, Caamp.0010s0054
OG0015360	Thhalv10000288m.g	Caamp.0010s0134, Caamp.1039s0365
OG0015361	Thhalv10000153m.g	Caamp.1039s0384, Caamp.0010s0142
OG0015363	Thhalv10000130m.g	Caamp.0010s0154
OG0015364	Thhalv10000603m.g	Caamp.0010s0191, Caamp.1039s0282
OG0015365	Thhalv10000158m.g	Caamp.1039s0260, Caamp.0010s0217
OG0015366	Thhalv10000507m.g	Caamp.0010s0221
OG0015367	Thhalv10000299m.g	Caamp.0010s0230
OG0015367	Thhalv10027000m.g	Caamp.1039s0250
OG0015368	Thhalv10000313m.g	Caamp.0010s0241
OG0015369	Thhalv10000478m.g	Caamp.0010s0244
OG0015370	Thhalv10000358m.g	Caamp.0010s0247
OG0015371	Thhalv10000353m.g	Caamp.0010s0253, Caamp.1039s0228
OG0015372	Thhalv10000195m.g	Caamp.0010s0263, Caamp.1039s0221
OG0015373	Thhalv10000497m.g	Caamp.0010s0264, Caamp.1039s0220
OG0015374	Thhalv10000206m.g	Caamp.0010s0265
OG0015376	Thhalv10000075m.g	Caamp.0010s0276, Caamp.1039s0205
OG0015377	Thhalv10000101m.g	Caamp.0010s0289, Caamp.1039s0198
OG0015378	Thhalv10000132m.g	Caamp.1039s0197, Caamp.0010s0290
OG0015380	Thhalv10000380m.g	Caamp.1039s0176, Caamp.0010s0308
OG0015382	Thhalv10025557m.g	Caamp.0010s0361
OG0015384	Thhalv10016364m.g	Caamp.0101s0010
OG0015385	Thhalv10017620m.g	Caamp.0013s0045, Caamp.0101s0027
OG0015386	Thhalv10017607m.g	Caamp.0101s0029, Caamp.0013s0047
OG0015387	Thhalv10017754m.g, Thhalv10028255m.g	Caamp.0101s0030
OG0015388	Thhalv10016694m.g	Caamp.0101s0035
OG0015389	Thhalv10017710m.g	Caamp.0101s0037
OG0015390	Thhalv10017667m.g	Caamp.0101s0047, Caamp.0013s0071
OG0015391	Thhalv10017668m.g	Caamp.0097s0701, Caamp.0101s0072
OG0015392	Thhalv10017338m.g	Caamp.0101s0079
OG0015393	Thhalv10017924m.g	Caamp.0101s0081
OG0015394	Thhalv10017824m.g	Caamp.0101s0095, Caamp.0097s0724
OG0015395	Thhalv10022402m.g	Caamp.0101s0128
OG0015396	Thhalv10001929m.g	Caamp.0101s0163, Caamp.0048s0004
OG0015398	Thhalv10016760m.g	Caamp.1031s0283, Caamp.0102s0005
OG0015399	Thhalv10017780m.g	Caamp.0102s0014
OG0015400	Thhalv10017534m.g	Caamp.0102s0020, Caamp.1031s0266
OG0015401	Thhalv10017614m.g	Caamp.0102s0029, Caamp.1031s0253
OG0015402	Thhalv10017126m.g	Caamp.1031s0252, Caamp.0102s0030
OG0015403	Thhalv10017681m.g	Caamp.0102s0033
OG0015404	Thhalv10016586m.g	Caamp.1031s0227, Caamp.0102s0059
OG0015405	Thhalv10016275m.g	Caamp.0102s0064
OG0015406	Thhalv10017947m.g	Caamp.0102s0071
OG0015407	Thhalv10017636m.g	Caamp.0102s0072, Caamp.1031s0214
OG0015408	Thhalv10017774m.g	Caamp.0102s0081, Caamp.1031s0198
OG0015409	Thhalv10016248m.g	Caamp.0102s0095, Caamp.1031s0184
OG0015410	Thhalv10016876m.g	Caamp.0102s0137, Caamp.1031s0138
OG0015411	Thhalv10017009m.g	Caamp.0102s0146
OG0015412	Thhalv10016606m.g	Caamp.0102s0148
OG0015413	Thhalv10016996m.g	Caamp.0102s0156, Caamp.1031s0128
OG0015414	Thhalv10017502m.g	Caamp.0102s0162
OG0015416	Thhalv10017141m.g	Caamp.1031s0109, Caamp.0102s0176
OG0015417	Thhalv10017121m.g	Caamp.0102s0190, Caamp.1031s0096
OG0015418	Thhalv10017583m.g	Caamp.1031s0088, Caamp.0102s0198
OG0015419	Thhalv10016695m.g	Caamp.0102s0200, Caamp.1031s0086
OG0015420	Thhalv10017948m.g	Caamp.1031s0076, Caamp.0102s0209
OG0015421	Thhalv10017658m.g	Caamp.1031s0069, Caamp.0102s0214
OG0015422	Thhalv10016494m.g	Caamp.0102s0215
OG0015423	Thhalv10017306m.g	Caamp.0102s0228
OG0015424	Thhalv10016818m.g	Caamp.1031s0049, Caamp.0102s0231
OG0015425	Thhalv10017675m.g	Caamp.1031s0048, Caamp.0102s0232
OG0015426	Thhalv10017664m.g	Caamp.1031s0040, Caamp.0102s0239
OG0015427	Thhalv10016588m.g	Caamp.0102s0252, Caamp.1031s0029
OG0015428	Thhalv10016397m.g	Caamp.1031s0026, Caamp.0102s0255
OG0015429	Thhalv10017070m.g	Caamp.1031s0024, Caamp.0102s0257
OG0015430	Thhalv10017180m.g	Caamp.0102s0282
OG0015431	Thhalv10016783m.g	Caamp.0102s0291
OG0015432	Thhalv10016235m.g	Caamp.0102s0323
OG0015433	Thhalv10017298m.g	Caamp.0102s0333, Caamp.0105s0729
OG0015434	Thhalv10016921m.g	Caamp.0102s0340, Caamp.0105s0723
OG0015435	Thhalv10017913m.g	Caamp.0102s0351, Caamp.0105s0712
OG0015436	Thhalv10017929m.g	Caamp.0102s0355
OG0015437	Thhalv10017676m.g	Caamp.0105s0682, Caamp.0102s0378
OG0015438	Thhalv10015978m.g	Caamp.0102s0380
OG0015439	Thhalv10016778m.g	Caamp.0105s0658, Caamp.0102s0407
OG0015441	Thhalv10017499m.g	Caamp.0102s0418
OG0015442	Thhalv10017280m.g	Caamp.0105s0630, Caamp.0102s0435
OG0015443	Thhalv10016952m.g	Caamp.0102s0440, Caamp.0105s0625
OG0015444	Thhalv10016634m.g	Caamp.0102s0457
OG0015445	Thhalv10017166m.g	Caamp.0105s0601, Caamp.0102s0466
OG0015446	Thhalv10016650m.g	Caamp.0105s0600, Caamp.0102s0467
OG0015447	Thhalv10017440m.g	Caamp.0105s0594, Caamp.0102s0471
OG0015448	Thhalv10017475m.g	Caamp.0102s0479
OG0015449	Thhalv10017027m.g	Caamp.0102s0515, Caamp.0105s0553
OG0015450	Thhalv10016748m.g	Caamp.0102s0520, Caamp.0105s0547
OG0015451	Thhalv10016310m.g	Caamp.0102s0527
OG0015452	Thhalv10017758m.g	Caamp.0102s0528
OG0015453	Thhalv10016209m.g	Caamp.0102s0545
OG0015454	Thhalv10017483m.g	Caamp.0105s0520, Caamp.0102s0547
OG0015455	Thhalv10017016m.g	Caamp.0102s0549, Caamp.0105s0518
OG0015456	Thhalv10017469m.g	Caamp.0105s0514, Caamp.0102s0552
OG0015457	Thhalv10017751m.g	Caamp.0105s0509, Caamp.0102s0556
OG0015458	Thhalv10016749m.g	Caamp.0105s0478, Caamp.0102s0587
OG0015459	Thhalv10017025m.g	Caamp.0102s0591
OG0015460	Thhalv10017709m.g	Caamp.0102s0620, Caamp.0105s0442
OG0015461	Thhalv10016658m.g	Caamp.0105s0441, Caamp.0102s0621
OG0015463	Thhalv10017644m.g	Caamp.0105s0423, Caamp.0102s0636
OG0015465	Thhalv10017152m.g	Caamp.0102s0679, Caamp.0105s0379
OG0015466	Thhalv10016750m.g	Caamp.0102s0686, Caamp.0105s0371
OG0015467	Thhalv10016412m.g	Caamp.0102s0697, Caamp.0105s0362
OG0015468	Thhalv10028703m.g	Caamp.0102s0719
OG0015469	Thhalv10028371m.g	Caamp.0102s0720
OG0015470	Thhalv10028795m.g	Caamp.0102s0727
OG0015471	Thhalv10028593m.g	Caamp.0102s0742
OG0015472	Thhalv10025413m.g	Caamp.0094s0018, Caamp.0102s0766
OG0015473	Thhalv10028873m.g	Caamp.0102s0774
OG0015474	Thhalv10028849m.g	Caamp.0102s0778
OG0015475	Thhalv10029446m.g	Caamp.0102s0780, Caamp.0028s0157
OG0015476	Thhalv10029385m.g	Caamp.0102s0792
OG0015477	Thhalv10029378m.g	Caamp.0102s0817
OG0015478	Thhalv10029370m.g	Caamp.0102s0827
OG0015479	Thhalv10006178m.g	Caamp.0102s0832
OG0015480	Thhalv10029062m.g	Caamp.0102s0846
OG0015481	Thhalv10028731m.g	Caamp.0102s0875
OG0015482	Thhalv10028785m.g	Caamp.0102s0883
OG0015483	Thhalv10011673m.g	Caamp.0102s0885
OG0015484	Thhalv10029361m.g	Caamp.0102s0889, Caamp.0028s0075
OG0015485	Thhalv10028428m.g	Caamp.0102s0892
OG0015488	Thhalv10004546m.g	Caamp.1027s0005, Caamp.0059s0145
OG0015489	Thhalv10025549m.g	Caamp.1027s0013, Caamp.0059s0139
OG0015490	Thhalv10027183m.g	Caamp.1027s0025
OG0015491	Thhalv10025662m.g	Caamp.1027s0030
OG0015492	Thhalv10024738m.g	Caamp.1027s0031
OG0015493	Thhalv10026572m.g	Caamp.1027s0034
OG0015494	Thhalv10026471m.g	Caamp.1027s0041
OG0015495	Thhalv10025445m.g	Caamp.1027s0044
OG0015496	Thhalv10024826m.g	Caamp.1027s0045
OG0015497	Thhalv10024611m.g	Caamp.0094s0007, Caamp.1027s0059
OG0015498	Thhalv10027066m.g	Caamp.0094s0009, Caamp.1027s0061
OG0015499	Thhalv10024574m.g	Caamp.0094s0012, Caamp.1027s0065
OG0015500	Thhalv10027409m.g	Caamp.1027s0074
OG0015501	Thhalv10027119m.g	Caamp.1027s0080, Caamp.0094s0035
OG0015502	Thhalv10026916m.g	Caamp.0094s0038, Caamp.1027s0083
OG0015503	Thhalv10026662m.g	Caamp.0094s0049, Caamp.1027s0097
OG0015504	Thhalv10024889m.g	Caamp.0094s0057, Caamp.1027s0105
OG0015505	Thhalv10024249m.g	Caamp.1027s0107, Caamp.0094s0059
OG0015506	Thhalv10024997m.g	Caamp.0094s0072, Caamp.1027s0124
OG0015507	Thhalv10025073m.g	Caamp.1027s0126, Caamp.0094s0076
OG0015508	Thhalv10026198m.g	Caamp.1027s0131, Caamp.0094s0083
OG0015509	Thhalv10025949m.g	Caamp.1027s0134
OG0015510	Thhalv10026900m.g	Caamp.1027s0138
OG0015510	Thhalv10023938m.g, Thhalv10012131m.g	Caamp.1027s0135
OG0015511	Thhalv10026765m.g	Caamp.0094s0093, Caamp.1027s0147
OG0015512	Thhalv10025595m.g	Caamp.0094s0103, Caamp.1027s0157
OG0015513	Thhalv10026523m.g	Caamp.0303s0664, Caamp.1027s0170
OG0015514	Thhalv10024726m.g	Caamp.0094s0116, Caamp.1027s0171
OG0015515	Thhalv10025543m.g	Caamp.0094s0120, Caamp.1027s0173
OG0015516	Thhalv10027141m.g	Caamp.0094s0124, Caamp.1027s0178
OG0015517	Thhalv10025278m.g	Caamp.0094s0136, Caamp.1027s0190
OG0015519	Thhalv10027117m.g	Caamp.0094s0157, Caamp.1027s0208
OG0015520	Thhalv10027223m.g	Caamp.1027s0210, Caamp.0073s0031, Caamp.0094s0158
OG0015521	Thhalv10027185m.g	Caamp.1027s0217, Caamp.0094s0174
OG0015522	Thhalv10026086m.g	Caamp.0094s0170, Caamp.1027s0222
OG0015523	Thhalv10025317m.g	Caamp.1027s0225
OG0015524	Thhalv10026444m.g	Caamp.0094s0162, Caamp.1027s0230
OG0015525	Thhalv10024716m.g	Caamp.1027s0238, Caamp.0094s0183
OG0015526	Thhalv10026399m.g	Caamp.0094s0188, Caamp.1027s0241
OG0015527	Thhalv10027460m.g	Caamp.1027s0242, Caamp.0094s0189
OG0015528	Thhalv10026403m.g	Caamp.0094s0209, Caamp.1027s0264
OG0015529	Thhalv10024790m.g	Caamp.0094s0210, Caamp.1027s0266
OG0015530	Thhalv10026327m.g	Caamp.0094s0217, Caamp.1027s0268
OG0015531	Thhalv10024863m.g	Caamp.1027s0274, Caamp.0094s0221
OG0015532	Thhalv10026051m.g	Caamp.0094s0225, Caamp.1027s0278
OG0015533	Thhalv10026416m.g	Caamp.1027s0282, Caamp.0094s0229
OG0015534	Thhalv10017376m.g	Caamp.1031s0047
OG0015535	Thhalv10016525m.g	Caamp.1031s0081
OG0015536	Thhalv10016542m.g	Caamp.1031s0083
OG0015537	Thhalv10017229m.g	Caamp.1031s0105
OG0015538	Thhalv10016858m.g	Caamp.1031s0134
OG0015540	Thhalv10016686m.g	Caamp.1031s0220
OG0015541	Thhalv10017062m.g	Caamp.1031s0264
OG0015542	Thhalv10016464m.g	Caamp.1031s0287
OG0015543	Thhalv10017560m.g	Caamp.1031s0293, Caamp.0076s1681
OG0015545	Thhalv10016505m.g	Caamp.1031s0299, Caamp.0076s1674
OG0015546	Thhalv10017348m.g	Caamp.0076s1673, Caamp.1031s0300
OG0015547	Thhalv10016399m.g	Caamp.1031s0303, Caamp.0076s1670
OG0015548	Thhalv10017587m.g	Caamp.1031s0304, Caamp.0076s1669
OG0015549	Thhalv10017507m.g	Caamp.1031s0309, Caamp.0076s1664
OG0015550	Thhalv10016737m.g	Caamp.0076s1659, Caamp.1031s0315
OG0015551	Thhalv10016802m.g	Caamp.1031s0346
OG0015552	Thhalv10017081m.g	Caamp.1031s0365
OG0015553	Thhalv10017353m.g	Caamp.1031s0368, Caamp.0076s1603
OG0015554	Thhalv10016487m.g	Caamp.1031s0371, Caamp.0076s1600
OG0015555	Thhalv10016520m.g	Caamp.1031s0388, Caamp.0076s1582
OG0015556	Thhalv10017795m.g	Caamp.1031s0389, Caamp.0076s1581
OG0015557	Thhalv10016825m.g, Thhalv10017674m.g	Caamp.1031s0397
OG0015558	Thhalv10017761m.g	Caamp.1031s0404
OG0015559	Thhalv10016288m.g	Caamp.1031s0406, Caamp.0076s1561
OG0015560	Thhalv10017746m.g	Caamp.1031s0411, Caamp.0076s1557
OG0015561	Thhalv10017403m.g	Caamp.0076s1544, Caamp.1031s0422
OG0015562	Thhalv10017030m.g	Caamp.1031s0429
OG0015563	Thhalv10016527m.g	Caamp.1031s0430
OG0015564	Thhalv10017834m.g	Caamp.1031s0433, Caamp.0076s1533
OG0015565	Thhalv10016923m.g	Caamp.1031s0441
OG0015566	Thhalv10017870m.g	Caamp.0076s1523, Caamp.1031s0443
OG0015567	Thhalv10016388m.g	Caamp.1031s0452, Caamp.0076s1515
OG0015568	Thhalv10017925m.g	Caamp.1031s0461, Caamp.0076s1503
OG0015569	Thhalv10017159m.g	Caamp.1031s0463, Caamp.0076s1499
OG0015570	Thhalv10017651m.g	Caamp.1031s0466, Caamp.0076s1496
OG0015571	Thhalv10016743m.g	Caamp.1031s0468, Caamp.0076s1494
OG0015572	Thhalv10017132m.g	Caamp.1031s0470
OG0015573	Thhalv10017191m.g	Caamp.1031s0472, Caamp.0076s1491
OG0015574	Thhalv10017014m.g	Caamp.0076s1490, Caamp.1031s0473
OG0015575	Thhalv10017256m.g	Caamp.1031s0489, Caamp.0076s1471
OG0015576	Thhalv10017231m.g	Caamp.1031s0506, Caamp.0076s1455
OG0015577	Thhalv10001764m.g	Caamp.0076s1439, Caamp.1031s0521
OG0015578	Thhalv10001645m.g	Caamp.0076s1435, Caamp.1031s0525
OG0015579	Thhalv10001559m.g	Caamp.0076s1433, Caamp.1031s0527
OG0015580	Thhalv10001542m.g	Caamp.1031s0534, Caamp.0076s1429
OG0015581	Thhalv10001477m.g	Caamp.0076s1411, Caamp.1031s0561
OG0015582	Thhalv10001794m.g	Caamp.1031s0573, Caamp.0076s1401
OG0015583	Thhalv10001571m.g	Caamp.0076s1393, Caamp.1031s0579
OG0015584	Thhalv10001780m.g	Caamp.0018s0009, Caamp.1031s0591
OG0015585	Thhalv10001415m.g	Caamp.0018s0012, Caamp.1031s0594
OG0015586	Thhalv10001464m.g	Caamp.1031s0603, Caamp.0018s0022
OG0015587	Thhalv10001601m.g	Caamp.1031s0611, Caamp.0018s0031
OG0015588	Thhalv10001730m.g	Caamp.0018s0036, Caamp.1031s0616
OG0015589	Thhalv10001456m.g	Caamp.0018s0043, Caamp.1031s0629
OG0015590	Thhalv10001723m.g	Caamp.0018s0049, Caamp.1031s0634
OG0015591	Thhalv10001677m.g	Caamp.1031s0640, Caamp.0018s0054
OG0015592	Thhalv10001792m.g	Caamp.0018s0079, Caamp.1031s0663
OG0015593	Thhalv10001733m.g	Caamp.0018s0083, Caamp.1031s0666
OG0015594	Thhalv10001602m.g	Caamp.1031s0668, Caamp.0018s0085
OG0015595	Thhalv10001525m.g	Caamp.1031s0670
OG0015596	Thhalv10001538m.g, Thhalv10015865m.g	Caamp.1031s0678, Caamp.0018s0093
OG0015597	Thhalv10001694m.g	Caamp.0018s0124, Caamp.1031s0704
OG0015598	Thhalv10001460m.g	Caamp.1031s0707
OG0015599	Thhalv10001574m.g	Caamp.1031s0708, Caamp.0018s0128
OG0015600	Thhalv10001419m.g	Caamp.0018s0129, Caamp.1031s0709
OG0015601	Thhalv10001557m.g	Caamp.1031s0718, Caamp.0018s0139
OG0015602	Thhalv10001671m.g	Caamp.0018s0142, Caamp.1031s0721
OG0015603	Thhalv10001528m.g	Caamp.1031s0725, Caamp.0018s0146
OG0015605	Thhalv10001618m.g	Caamp.0018s0159, Caamp.1031s0740
OG0015606	Thhalv10001433m.g	Caamp.1031s0749, Caamp.0018s0167
OG0015607	Thhalv10001586m.g	Caamp.0018s0176, Caamp.1031s0757
OG0015608	Thhalv10001502m.g	Caamp.1031s0764, Caamp.0018s0183
OG0015609	Thhalv10001561m.g	Caamp.1031s0785, Caamp.0018s0203
OG0015610	Thhalv10001699m.g	Caamp.0018s0209, Caamp.1031s0789
OG0015611	Thhalv10001747m.g	Caamp.1031s0791, Caamp.0018s0211
OG0015612	Thhalv10001333m.g	Caamp.1031s0792, Caamp.0018s0212
OG0015613	Thhalv10001374m.g	Caamp.0018s0226, Caamp.1031s0804
OG0015614	Thhalv10001639m.g	Caamp.0018s0234, Caamp.1031s0810
OG0015615	Thhalv10001576m.g	Caamp.1031s0816, Caamp.0018s0239
OG0015616	Thhalv10001679m.g	Caamp.0018s0240, Caamp.1031s0817
OG0015617	Thhalv10001434m.g	Caamp.0018s0246, Caamp.1031s0823
OG0015618	Thhalv10001663m.g	Caamp.1031s0831, Caamp.0018s0256
OG0015619	Thhalv10001331m.g	Caamp.1031s0839, Caamp.0018s0264
OG0015620	Thhalv10001330m.g	Caamp.1031s0854, Caamp.0018s0280
OG0015621	Thhalv10001340m.g	Caamp.1031s0866, Caamp.1031s0865
OG0015622	Thhalv10001736m.g	Caamp.0018s0299, Caamp.1031s0869
OG0015623	Thhalv10001547m.g	Caamp.0018s0317, Caamp.1031s0887
OG0015624	Thhalv10001422m.g	Caamp.0018s0319, Caamp.1031s0889
OG0015625	Thhalv10001603m.g	Caamp.0018s0323, Caamp.1031s0895
OG0015626	Thhalv10001391m.g	Caamp.1031s0897, Caamp.0018s0325
OG0015627	Thhalv10001451m.g	Caamp.0018s0331, Caamp.1031s0902
OG0015628	Thhalv10001666m.g	Caamp.1031s0906, Caamp.0018s0335
OG0015629	Thhalv10001693m.g	Caamp.0018s0350, Caamp.1031s0921
OG0015630	Thhalv10001598m.g	Caamp.1031s0923
OG0015631	Thhalv10001672m.g	Caamp.0018s0355, Caamp.1031s0927
OG0015632	Thhalv10001101m.g	Caamp.1031s0941, Caamp.0018s0367
OG0015633	Thhalv10001558m.g	Caamp.0018s0369, Caamp.1031s0946
OG0015634	Thhalv10009943m.g	Caamp.1033s0015
OG0015635	Thhalv10008678m.g	Caamp.1033s0021, Caamp.0190s0140
OG0015636	Thhalv10008639m.g	Caamp.0190s0155, Caamp.1033s0036
OG0015637	Thhalv10009497m.g	Caamp.1033s0038, Caamp.0046s0322
OG0015638	Thhalv10009382m.g	Caamp.0037s0327, Caamp.1033s0046
OG0015640	Thhalv10009423m.g	Caamp.0037s0337, Caamp.1033s0057
OG0015641	Thhalv10008815m.g	Caamp.1033s0068
OG0015642	Thhalv10007970m.g	Caamp.0037s0372, Caamp.1033s0087
OG0015643	Thhalv10007248m.g	Caamp.1033s0091
OG0015645	Thhalv10009842m.g	Caamp.0037s0396, Caamp.1033s0119
OG0015646	Thhalv10008173m.g	Caamp.1033s0121, Caamp.0037s0399
OG0015647	Thhalv10008857m.g	Caamp.1033s0127
OG0015648	Thhalv10007104m.g	Caamp.1033s0140, Caamp.0037s0415
OG0015649	Thhalv10007111m.g	Caamp.1033s0144
OG0015650	Thhalv10007462m.g	Caamp.0037s0438, Caamp.1033s0156
OG0015651	Thhalv10008654m.g	Caamp.1033s0159, Caamp.0037s0441
OG0015652	Thhalv10008931m.g	Caamp.1033s0165, Caamp.0037s0448
OG0015653	Thhalv10008669m.g	Caamp.1033s0170, Caamp.0037s0454
OG0015654	Thhalv10006630m.g	Caamp.1033s0172
OG0015655	Thhalv10008871m.g	Caamp.1033s0176, Caamp.0037s0460
OG0015656	Thhalv10007420m.g	Caamp.1033s0196
OG0015658	Thhalv10007766m.g	Caamp.0037s0497, Caamp.1033s0211
OG0015659	Thhalv10007979m.g	Caamp.1033s0229
OG0015660	Thhalv10007368m.g	Caamp.0037s0513, Caamp.1033s0230
OG0015661	Thhalv10007235m.g	Caamp.1033s0232, Caamp.0037s0515
OG0015662	Thhalv10008803m.g	Caamp.1033s0235, Caamp.0037s0518
OG0015663	Thhalv10008487m.g	Caamp.1033s0240, Caamp.0037s0525
OG0015664	Thhalv10007943m.g	Caamp.0037s0579, Caamp.1033s0291
OG0015665	Thhalv10008642m.g	Caamp.1033s0317, Caamp.0037s0606
OG0015667	Thhalv10008406m.g	Caamp.1033s0338
OG0015668	Thhalv10006846m.g	Caamp.1033s0343
OG0015669	Thhalv10009875m.g	Caamp.1033s0348
OG0015670	Thhalv10007068m.g	Caamp.1033s0362, Caamp.0037s0648
OG0015671	Thhalv10008816m.g	Caamp.0037s0653, Caamp.1033s0368
OG0015672	Thhalv10008321m.g	Caamp.0037s0656, Caamp.1033s0371
OG0015673	Thhalv10017856m.g, Thhalv10017811m.g	Caamp.1033s0377
OG0015674	Thhalv10007650m.g, Thhalv10007649m.g	Caamp.1033s0394
OG0015675	Thhalv10007667m.g, Thhalv10009496m.g	Caamp.1033s0395
OG0015676	Thhalv10008813m.g	Caamp.1033s0421
OG0015677	Thhalv10008627m.g	Caamp.0070s0105, Caamp.1033s0429
OG0015678	Thhalv10006817m.g	Caamp.0070s0102, Caamp.1033s0432
OG0015679	Thhalv10007633m.g	Caamp.1033s0441, Caamp.0070s0095
OG0015681	Thhalv10006736m.g	Caamp.1033s0464
OG0015682	Thhalv10008849m.g	Caamp.1033s0479
OG0015683	Thhalv10009328m.g	Caamp.0070s0052, Caamp.1033s0488
OG0015685	Thhalv10009086m.g	Caamp.1033s0507
OG0015686	Thhalv10007074m.g	Caamp.0070s0036, Caamp.1033s0508
OG0015688	Thhalv10009434m.g	Caamp.1033s0514, Caamp.0070s0032
OG0015689	Thhalv10007568m.g	Caamp.0070s0030, Caamp.1033s0516
OG0015691	Thhalv10007287m.g	Caamp.1033s0548
OG0015692	Thhalv10008914m.g	Caamp.0078s0597, Caamp.1033s0560
OG0015693	Thhalv10007223m.g	Caamp.1033s0565
OG0015694	Thhalv10007535m.g	Caamp.0078s0583, Caamp.1033s0573
OG0015695	Thhalv10021853m.g	Caamp.1033s0626, Caamp.0105s0017
OG0015696	Thhalv10007160m.g	Caamp.0007s0045, Caamp.1033s0645
OG0015697	Thhalv10008271m.g	Caamp.1033s0648, Caamp.0007s0048
OG0015698	Thhalv10008361m.g	Caamp.0007s0050, Caamp.1033s0650
OG0015699	Thhalv10007189m.g	Caamp.1033s0653
OG0015700	Thhalv10009295m.g	Caamp.0007s0057, Caamp.1033s0658
OG0015702	Thhalv10009765m.g	Caamp.0007s0092, Caamp.1033s0700
OG0015703	Thhalv10007354m.g, Thhalv10009705m.g	Caamp.1033s0705
OG0015704	Thhalv10008814m.g	Caamp.1033s0709, Caamp.0007s0099
OG0015705	Thhalv10007839m.g	Caamp.1033s0720, Caamp.0007s0108
OG0015706	Thhalv10008294m.g	Caamp.0007s0110, Caamp.1033s0722
OG0015707	Thhalv10009809m.g	Caamp.0007s0160, Caamp.1033s0759
OG0015708	Thhalv10009746m.g	Caamp.1033s0763, Caamp.0007s0164
OG0015709	Thhalv10008916m.g	Caamp.1033s0773
OG0015710	Thhalv10009456m.g	Caamp.0007s0176, Caamp.1033s0778
OG0015711	Thhalv10010030m.g	Caamp.1033s0796
OG0015713	Thhalv10007401m.g	Caamp.0007s0237, Caamp.1033s0851
OG0015714	Thhalv10007283m.g	Caamp.1033s0899
OG0015715	Thhalv10007510m.g, Thhalv10007642m.g	Caamp.1033s0900
OG0015716	Thhalv10009638m.g	Caamp.1033s0909
OG0015717	Thhalv10006707m.g	Caamp.1033s0984
OG0015720	Thhalv10001838m.g	Caamp.1033s1034
OG0015721	Thhalv10003485m.g	Caamp.1033s1074, Caamp.0008s0051
OG0015722	Thhalv10004846m.g	Caamp.0033s0389, Caamp.1035s0001
OG0015723	Thhalv10003515m.g	Caamp.1035s0006
OG0015724	Thhalv10004084m.g	Caamp.1035s0017
OG0015725	Thhalv10003942m.g	Caamp.1035s0018, Caamp.0033s0373
OG0015726	Thhalv10003994m.g	Caamp.0033s0372, Caamp.1035s0019
OG0015727	Thhalv10005599m.g	Caamp.1035s0020
OG0015728	Thhalv10004586m.g	Caamp.0033s0369, Caamp.1035s0021
OG0015729	Thhalv10004317m.g	Caamp.1035s0023, Caamp.0033s0367
OG0015730	Thhalv10004033m.g	Caamp.1035s0027, Caamp.0033s0363
OG0015731	Thhalv10003745m.g	Caamp.1035s0028
OG0015732	Thhalv10003889m.g	Caamp.1035s0039, Caamp.0033s0351
OG0015733	Thhalv10004839m.g	Caamp.0033s0350, Caamp.1035s0040
OG0015734	Thhalv10004376m.g	Caamp.0033s0349, Caamp.1035s0041
OG0015735	Thhalv10005175m.g	Caamp.0033s0346, Caamp.1035s0044
OG0015736	Thhalv10003864m.g	Caamp.1035s0048
OG0015737	Thhalv10003664m.g	Caamp.1035s0052, Caamp.0011s0154
OG0015738	Thhalv10005067m.g	Caamp.1035s0054, Caamp.0033s0339
OG0015740	Thhalv10004994m.g	Caamp.1035s0057, Caamp.0033s0336
OG0015741	Thhalv10004225m.g	Caamp.1035s0060
OG0015742	Thhalv10005224m.g	Caamp.1035s0063, Caamp.0033s0329
OG0015743	Thhalv10004081m.g	Caamp.1035s0077
OG0015744	Thhalv10004075m.g	Caamp.1035s0078, Caamp.0033s0316
OG0015745	Thhalv10005095m.g	Caamp.0033s0312, Caamp.1035s0084
OG0015746	Thhalv10005166m.g	Caamp.1035s0086, Caamp.0033s0308
OG0015747	Thhalv10003759m.g	Caamp.1035s0088
OG0015748	Thhalv10004183m.g	Caamp.0033s0303, Caamp.1035s0093
OG0015749	Thhalv10004041m.g	Caamp.0033s0296, Caamp.1035s0101
OG0015750	Thhalv10003706m.g	Caamp.1035s0103
OG0015751	Thhalv10005116m.g	Caamp.0033s0278, Caamp.1035s0117
OG0015752	Thhalv10005022m.g	Caamp.1035s0123, Caamp.0033s0274
OG0015753	Thhalv10004438m.g	Caamp.0033s0273, Caamp.1035s0124
OG0015754	Thhalv10004419m.g	Caamp.0033s0269, Caamp.1035s0128
OG0015755	Thhalv10004625m.g	Caamp.1035s0145, Caamp.0033s0254
OG0015756	Thhalv10004589m.g	Caamp.1035s0147, Caamp.0033s0252
OG0015757	Thhalv10005261m.g	Caamp.1038s0398, Caamp.1035s0148
OG0015758	Thhalv10005182m.g	Caamp.1035s0155
OG0015760	Thhalv10023578m.g, Thhalv10004111m.g	Caamp.1035s0158
OG0015761	Thhalv10003902m.g	Caamp.1035s0159
OG0015762	Thhalv10005124m.g	Caamp.0033s0241, Caamp.1035s0164
OG0015763	Thhalv10004930m.g	Caamp.0033s0239, Caamp.1035s0166
OG0015764	Thhalv10005018m.g	Caamp.1035s0169
OG0015765	Thhalv10005222m.g	Caamp.1035s0170
OG0015766	Thhalv10004333m.g	Caamp.1035s0172, Caamp.0033s0235
OG0015767	Thhalv10005625m.g	Caamp.0033s0232, Caamp.1035s0176
OG0015768	Thhalv10005693m.g	Caamp.0033s0231, Caamp.1035s0178
OG0015769	Thhalv10004934m.g	Caamp.0033s0230, Caamp.1035s0181
OG0015770	Thhalv10003819m.g	Caamp.1035s0195, Caamp.0033s0218
OG0015771	Thhalv10004805m.g	Caamp.1035s0197, Caamp.0033s0216
OG0015772	Thhalv10004739m.g	Caamp.0033s0210, Caamp.1035s0203
OG0015773	Thhalv10004324m.g	Caamp.0033s0202, Caamp.1035s0209
OG0015774	Thhalv10005307m.g	Caamp.1035s0215, Caamp.0033s0195
OG0015775	Thhalv10003958m.g	Caamp.0033s0193, Caamp.1035s0217
OG0015776	Thhalv10004559m.g	Caamp.1035s0221
OG0015777	Thhalv10005630m.g	Caamp.1035s0227
OG0015778	Thhalv10005143m.g	Caamp.0033s0177, Caamp.1035s0233
OG0015779	Thhalv10004850m.g	Caamp.1035s0241, Caamp.0033s0165
OG0015780	Thhalv10004505m.g, Thhalv10013884m.g	Caamp.1035s0242
OG0015781	Thhalv10004448m.g	Caamp.0033s0162, Caamp.1035s0245
OG0015782	Thhalv10003618m.g	Caamp.1035s0250, Caamp.0033s0158
OG0015783	Thhalv10004131m.g	Caamp.1035s0251
OG0015784	Thhalv10005464m.g	Caamp.0033s0143, Caamp.1035s0262
OG0015785	Thhalv10005729m.g	Caamp.0033s0129, Caamp.1035s0274
OG0015786	Thhalv10004987m.g	Caamp.1035s0287, Caamp.0033s0117
OG0015787	Thhalv10005047m.g	Caamp.0033s0115, Caamp.1035s0289
OG0015788	Thhalv10003757m.g	Caamp.0033s0110, Caamp.1035s0294
OG0015789	Thhalv10004851m.g	Caamp.0033s0104, Caamp.1035s0301
OG0015790	Thhalv10003779m.g	Caamp.1035s0310
OG0015791	Thhalv10004134m.g	Caamp.1035s0319
OG0015792	Thhalv10004522m.g	Caamp.1035s0325, Caamp.0033s0079
OG0015793	Thhalv10004962m.g	Caamp.0033s0072, Caamp.1035s0332
OG0015794	Thhalv10004842m.g	Caamp.1035s0338, Caamp.0033s0065
OG0015795	Thhalv10004017m.g	Caamp.0033s0062, Caamp.1035s0342
OG0015796	Thhalv10003855m.g	Caamp.0033s0052, Caamp.1035s0348
OG0015797	Thhalv10005663m.g	Caamp.0033s0045, Caamp.0093s0085, Caamp.1035s0356
OG0015798	Thhalv10004313m.g	Caamp.0033s0037, Caamp.1035s0363
OG0015799	Thhalv10003935m.g	Caamp.0033s0035, Caamp.1035s0365
OG0015800	Thhalv10003595m.g	Caamp.1035s0381, Caamp.0033s0019
OG0015801	Thhalv10004933m.g	Caamp.1035s0382, Caamp.0033s0017, Caamp.1035s0383
OG0015802	Thhalv10003543m.g	Caamp.0033s0015, Caamp.1035s0385
OG0015803	Thhalv10004834m.g	Caamp.0033s0013, Caamp.1035s0387
OG0015804	Thhalv10003940m.g	Caamp.0033s0010, Caamp.1035s0390
OG0015805	Thhalv10004875m.g	Caamp.0033s0006, Caamp.1035s0393
OG0015806	Thhalv10005676m.g	Caamp.1035s0401, Caamp.0120s1015
OG0015807	Thhalv10004365m.g	Caamp.0120s1010, Caamp.1035s0405
OG0015808	Thhalv10004275m.g	Caamp.0120s1009, Caamp.1035s0407
OG0015809	Thhalv10005589m.g	Caamp.1035s0408
OG0015810	Thhalv10005642m.g	Caamp.0120s0996, Caamp.1035s0421
OG0015811	Thhalv10004629m.g	Caamp.1035s0424, Caamp.0120s0993
OG0015813	Thhalv10005566m.g	Caamp.0120s0974, Caamp.1035s0447
OG0015814	Thhalv10004479m.g	Caamp.1035s0451
OG0015815	Thhalv10005440m.g	Caamp.1035s0455, Caamp.0120s0967
OG0015816	Thhalv10004575m.g	Caamp.1035s0457
OG0015817	Thhalv10004776m.g	Caamp.1035s0462
OG0015818	Thhalv10004229m.g	Caamp.1035s0463, Caamp.0120s0960
OG0015819	Thhalv10003647m.g	Caamp.0120s0952, Caamp.1035s0472
OG0015820	Thhalv10005448m.g	Caamp.0120s0951, Caamp.1035s0473
OG0015821	Thhalv10003670m.g	Caamp.1035s0488
OG0015822	Thhalv10004389m.g	Caamp.1035s0493
OG0015823	Thhalv10004428m.g	Caamp.1035s0504
OG0015824	Thhalv10004769m.g	Caamp.1035s0510, Caamp.0120s0917
OG0015825	Thhalv10003261m.g	Caamp.0120s0789, Caamp.1035s0515
OG0015826	Thhalv10004602m.g	Caamp.0120s0803, Caamp.1035s0526
OG0015827	Thhalv10004616m.g	Caamp.0120s0822, Caamp.1035s0536
OG0015829	Thhalv10003801m.g	Caamp.1035s0542
OG0015830	Thhalv10004867m.g	Caamp.1035s0545
OG0015831	Thhalv10004127m.g	Caamp.1035s0546, Caamp.0120s0834
OG0015832	Thhalv10005351m.g	Caamp.1035s0562
OG0015833	Thhalv10003885m.g	Caamp.1035s0585, Caamp.0120s0874
OG0015834	Thhalv10005074m.g	Caamp.1035s0596, Caamp.0120s0882
OG0015836	Thhalv10004682m.g	Caamp.1035s0626
OG0015837	Thhalv10004809m.g	Caamp.1035s0630
OG0015838	Thhalv10004847m.g	Caamp.1035s0649, Caamp.0120s0759
OG0015839	Thhalv10005622m.g	Caamp.1035s0656, Caamp.0120s0753
OG0015840	Thhalv10004038m.g	Caamp.1035s0657
OG0015841	Thhalv10004239m.g	Caamp.1035s0658, Caamp.0120s0751
OG0015842	Thhalv10005084m.g	Caamp.1035s0661, Caamp.0120s0747
OG0015843	Thhalv10004184m.g	Caamp.1035s0663, Caamp.0120s0745
OG0015844	Thhalv10003767m.g	Caamp.1035s0674, Caamp.0120s0737
OG0015845	Thhalv10004784m.g	Caamp.1035s0675, Caamp.0120s0736
OG0015846	Thhalv10015313m.g, Thhalv10004910m.g	Caamp.1035s0680
OG0015847	Thhalv10004927m.g	Caamp.0120s0726, Caamp.1035s0686
OG0015848	Thhalv10005028m.g	Caamp.0120s0717, Caamp.1035s0693
OG0015849	Thhalv10004752m.g	Caamp.1035s0700
OG0015850	Thhalv10004209m.g	Caamp.1035s0708, Caamp.0120s0701
OG0015851	Thhalv10004303m.g	Caamp.1035s0711
OG0015852	Thhalv10005547m.g	Caamp.1035s0713
OG0015853	Thhalv10005298m.g	Caamp.1035s0764, Caamp.0120s0646
OG0015854	Thhalv10005177m.g	Caamp.1035s0770, Caamp.0120s0641
OG0015855	Thhalv10005288m.g	Caamp.1035s0771
OG0015856	Thhalv10004893m.g	Caamp.0120s0628, Caamp.1035s0779
OG0015857	Thhalv10005521m.g	Caamp.0120s0597, Caamp.1035s0807
OG0015858	Thhalv10005730m.g	Caamp.1035s0820, Caamp.0120s0584
OG0015859	Thhalv10003644m.g	Caamp.1035s0823
OG0015860	Thhalv10005083m.g	Caamp.1035s0825, Caamp.0120s0580
OG0015862	Thhalv10004079m.g	Caamp.1035s0840
OG0015863	Thhalv10005402m.g	Caamp.0120s0566, Caamp.1035s0842
OG0015864	Thhalv10005636m.g	Caamp.0120s0558, Caamp.1035s0850
OG0015865	Thhalv10003823m.g	Caamp.0120s0556, Caamp.1035s0854
OG0015866	Thhalv10005503m.g	Caamp.1035s0861
OG0015867	Thhalv10003597m.g	Caamp.1035s0862
OG0015868	Thhalv10019846m.g, Thhalv10005670m.g	Caamp.1035s0863
OG0015869	Thhalv10005455m.g	Caamp.0120s0535, Caamp.1035s0880
OG0015870	Thhalv10004570m.g	Caamp.0120s0512, Caamp.1035s0902
OG0015871	Thhalv10004844m.g	Caamp.0120s0505, Caamp.1035s0909
OG0015873	Thhalv10005359m.g	Caamp.1035s0935, Caamp.0120s0479
OG0015874	Thhalv10005101m.g	Caamp.1035s0952, Caamp.0120s0463
OG0015875	Thhalv10023920m.g, Thhalv10005194m.g	Caamp.1035s0967, Caamp.0120s0451
OG0015876	Thhalv10003805m.g	Caamp.1035s0970
OG0015877	Thhalv10005578m.g	Caamp.0120s0182, Caamp.0120s0447, Caamp.1035s0971
OG0015878	Thhalv10004626m.g	Caamp.1035s0982
OG0015880	Thhalv10004513m.g	Caamp.1035s1003, Caamp.0120s0419
OG0015881	Thhalv10003906m.g	Caamp.0120s0417, Caamp.1035s1005
OG0015882	Thhalv10004357m.g	Caamp.0120s0408, Caamp.1035s1014
OG0015883	Thhalv10004331m.g	Caamp.0120s0403, Caamp.1035s1019
OG0015884	Thhalv10004228m.g	Caamp.1035s1024
OG0015885	Thhalv10005686m.g	Caamp.0120s0389, Caamp.1035s1033
OG0015886	Thhalv10004383m.g	Caamp.0120s0370, Caamp.1035s1052
OG0015887	Thhalv10004270m.g	Caamp.0120s0361, Caamp.1035s1061
OG0015888	Thhalv10005099m.g	Caamp.1035s1075
OG0015889	Thhalv10004404m.g	Caamp.1035s1077
OG0015891	Thhalv10004232m.g	Caamp.1035s1088
OG0015892	Thhalv10019391m.g	Caamp.1035s1092, Caamp.0120s0332
OG0015893	Thhalv10004856m.g	Caamp.0120s0315, Caamp.1035s1106
OG0015894	Thhalv10003866m.g	Caamp.1035s1113, Caamp.0120s0307
OG0015895	Thhalv10004026m.g	Caamp.0120s0302, Caamp.1035s1119
OG0015896	Thhalv10004879m.g	Caamp.0120s0294, Caamp.1035s1127
OG0015897	Thhalv10004328m.g, Thhalv10011997m.g	Caamp.1035s1136
OG0015898	Thhalv10005183m.g	Caamp.1035s1142, Caamp.0120s0281
OG0015899	Thhalv10004235m.g	Caamp.0120s0274, Caamp.1035s1149
OG0015900	Thhalv10005404m.g	Caamp.1035s1152
OG0015901	Thhalv10004593m.g	Caamp.1035s1153
OG0015902	Thhalv10004627m.g	Caamp.0120s0254, Caamp.1035s1169
OG0015903	Thhalv10005502m.g	Caamp.0120s0253, Caamp.1035s1170
OG0015904	Thhalv10003537m.g	Caamp.1035s1197, Caamp.0120s0223
OG0015905	Thhalv10005709m.g	Caamp.1035s1198, Caamp.0120s0222
OG0015906	Thhalv10005366m.g	Caamp.0120s0212, Caamp.1035s1210
OG0015907	Thhalv10004961m.g	Caamp.0120s0202, Caamp.1035s1221
OG0015908	Thhalv10005128m.g	Caamp.1035s1230, Caamp.0120s0193
OG0015910	Thhalv10003965m.g	Caamp.1035s1256
OG0015911	Thhalv10004304m.g	Caamp.0120s0162, Caamp.1035s1259
OG0015912	Thhalv10003791m.g	Caamp.1035s1260
OG0015913	Thhalv10003577m.g	Caamp.1035s1300
OG0015914	Thhalv10004102m.g	Caamp.1035s1305
OG0015915	Thhalv10004197m.g	Caamp.0120s0116, Caamp.1035s1309
OG0015916	Thhalv10003744m.g	Caamp.1035s1318
OG0015917	Thhalv10003806m.g	Caamp.1035s1328
OG0015918	Thhalv10004434m.g	Caamp.1035s1331
OG0015919	Thhalv10003934m.g	Caamp.1035s1345
OG0015920	Thhalv10005436m.g	Caamp.0120s0082, Caamp.1035s1349
OG0015921	Thhalv10005565m.g	Caamp.0120s0077, Caamp.1035s1355
OG0015922	Thhalv10004359m.g	Caamp.1035s1359
OG0015923	Thhalv10004816m.g	Caamp.0120s0070, Caamp.1035s1362
OG0015924	Thhalv10020538m.g	Caamp.1035s1390
OG0015925	Thhalv10007139m.g	Caamp.1035s1401, Caamp.0188s1083
OG0015926	Thhalv10008482m.g	Caamp.0188s1073, Caamp.1035s1411
OG0015927	Thhalv10008355m.g	Caamp.1035s1417, Caamp.0188s1064
OG0015928	Thhalv10008068m.g	Caamp.1035s1422, Caamp.0188s1058
OG0015929	Thhalv10008618m.g	Caamp.1035s1423, Caamp.0188s1057
OG0015930	Thhalv10009390m.g	Caamp.0188s1039, Caamp.1035s1426
OG0015931	Thhalv10009798m.g	Caamp.0188s1036, Caamp.1035s1429
OG0015932	Thhalv10009031m.g	Caamp.0188s1031, Caamp.1035s1434
OG0015933	Thhalv10007870m.g	Caamp.1035s1443
OG0015934	Thhalv10008633m.g	Caamp.0188s1014, Caamp.1035s1450
OG0015935	Thhalv10008162m.g	Caamp.0188s1010, Caamp.1035s1453
OG0015936	Thhalv10007546m.g	Caamp.0188s0991, Caamp.1035s1472
OG0015937	Thhalv10006842m.g	Caamp.0188s0976, Caamp.1035s1485
OG0015938	Thhalv10008907m.g	Caamp.0188s0971, Caamp.1035s1491
OG0015939	Thhalv10006762m.g	Caamp.1035s1502, Caamp.0188s0959
OG0015940	Thhalv10009886m.g	Caamp.1035s1503, Caamp.0188s0958
OG0015941	Thhalv10007560m.g	Caamp.1035s1509, Caamp.0188s0950
OG0015942	Thhalv10008490m.g	Caamp.0188s0945, Caamp.1035s1512
OG0015943	Thhalv10026169m.g	Caamp.1035s1530, Caamp.0095s0074
OG0015944	Thhalv10015538m.g	Caamp.1036s0001, Caamp.1037s0373
OG0015945	Thhalv10012828m.g	Caamp.1036s0002, Caamp.1037s0372
OG0015946	Thhalv10014022m.g	Caamp.1037s0369, Caamp.1036s0006
OG0015947	Thhalv10013876m.g	Caamp.1036s0019, Caamp.1037s0357
OG0015948	Thhalv10013477m.g	Caamp.1037s0352, Caamp.1036s0023
OG0015950	Thhalv10013080m.g	Caamp.1037s0327, Caamp.1036s0054
OG0015951	Thhalv10012455m.g	Caamp.1037s0295, Caamp.1036s0088
OG0015952	Thhalv10013602m.g	Caamp.1036s0091, Caamp.1037s0291
OG0015953	Thhalv10015535m.g	Caamp.1037s0275, Caamp.1036s0107
OG0015954	Thhalv10015578m.g	Caamp.1036s0111, Caamp.1037s0272
OG0015955	Thhalv10015915m.g	Caamp.1037s0265, Caamp.1036s0119
OG0015956	Thhalv10014832m.g	Caamp.1037s0263, Caamp.1036s0121
OG0015957	Thhalv10014664m.g	Caamp.1036s0137, Caamp.1037s0246
OG0015958	Thhalv10013973m.g	Caamp.1036s0150, Caamp.1037s0234
OG0015959	Thhalv10012498m.g	Caamp.1036s0160
OG0015960	Thhalv10014050m.g	Caamp.1037s0211, Caamp.1036s0169
OG0015961	Thhalv10012577m.g	Caamp.1036s0175
OG0015962	Thhalv10015466m.g	Caamp.1036s0177
OG0015963	Thhalv10013675m.g	Caamp.1036s0191, Caamp.1037s0190
OG0015964	Thhalv10013986m.g	Caamp.1036s0194, Caamp.1037s0188
OG0015965	Thhalv10014784m.g	Caamp.1041s1572, Caamp.1036s0208
OG0015966	Thhalv10013684m.g	Caamp.1041s1553, Caamp.1036s0224
OG0015967	Thhalv10014997m.g	Caamp.1041s1552, Caamp.1036s0225
OG0015968	Thhalv10015835m.g	Caamp.1041s1522, Caamp.1036s0257
OG0015969	Thhalv10015075m.g	Caamp.1041s1502, Caamp.1036s0279
OG0015970	Thhalv10029494m.g	Caamp.0028s0142, Caamp.1036s0290
OG0015971	Thhalv10018932m.g	Caamp.1036s0295
OG0015972	Thhalv10019136m.g	Caamp.1036s0345, Caamp.0303s0847
OG0015973	Thhalv10019608m.g	Caamp.1036s0351
OG0015975	Thhalv10019595m.g	Caamp.1036s0373
OG0015976	Thhalv10018978m.g	Caamp.1036s0381, Caamp.0303s0877
OG0015977	Thhalv10019350m.g	Caamp.1036s0384, Caamp.0303s0880
OG0015978	Thhalv10019170m.g	Caamp.0303s0890, Caamp.1036s0394
OG0015979	Thhalv10018701m.g	Caamp.0303s0896, Caamp.1036s0399
OG0015980	Thhalv10019614m.g	Caamp.1036s0468
OG0015981	Thhalv10018405m.g	Caamp.0303s0956, Caamp.1036s0469
OG0015982	Thhalv10019559m.g	Caamp.0303s0961, Caamp.1036s0475
OG0015983	Thhalv10005645m.g, Thhalv10006429m.g, Thhalv10027467m.g	Caamp.1036s0484
OG0015984	Thhalv10019580m.g	Caamp.0303s0974, Caamp.1036s0489
OG0015985	Thhalv10019347m.g	Caamp.1036s0492
OG0015986	Thhalv10018555m.g	Caamp.0303s0982, Caamp.1036s0498
OG0015987	Thhalv10019332m.g	Caamp.1036s0504
OG0015988	Thhalv10019460m.g	Caamp.1036s0508
OG0015989	Thhalv10019616m.g	Caamp.0303s0992, Caamp.1036s0509
OG0015990	Thhalv10019523m.g	Caamp.1036s0518, Caamp.0303s1001
OG0015991	Thhalv10018264m.g	Caamp.1036s0524
OG0015992	Thhalv10028259m.g	Caamp.0097s0789, Caamp.1036s0555
OG0015993	Thhalv10027768m.g	Caamp.1036s0559, Caamp.0097s0786
OG0015996	Thhalv10028078m.g	Caamp.1036s0595
OG0016000	Thhalv10029526m.g	Caamp.1037s0014
OG0016002	Thhalv10025092m.g	Caamp.1037s0025, Caamp.1040s0030
OG0016003	Thhalv10029432m.g	Caamp.1040s0034, Caamp.1037s0029
OG0016004	Thhalv10029141m.g	Caamp.1037s0040, Caamp.1040s0047
OG0016005	Thhalv10029270m.g	Caamp.1037s0058, Caamp.1040s0069
OG0016006	Thhalv10028755m.g	Caamp.1037s0060, Caamp.1040s0072
OG0016007	Thhalv10028806m.g	Caamp.1037s0065, Caamp.1040s0077
OG0016008	Thhalv10028611m.g	Caamp.1037s0068, Caamp.1040s0080
OG0016009	Thhalv10029239m.g	Caamp.1037s0076, Caamp.1040s0086
OG0016010	Thhalv10028895m.g	Caamp.1037s0078, Caamp.1040s0089
OG0016011	Thhalv10028671m.g	Caamp.1037s0085, Caamp.1040s0097
OG0016013	Thhalv10029283m.g	Caamp.1037s0087, Caamp.1040s0101
OG0016014	Thhalv10028473m.g	Caamp.1037s0088, Caamp.1040s0102
OG0016015	Thhalv10029492m.g	Caamp.1037s0093, Caamp.1040s0107
OG0016016	Thhalv10029527m.g	Caamp.1037s0098, Caamp.1040s0112
OG0016017	Thhalv10028856m.g	Caamp.1040s0116, Caamp.1037s0102
OG0016018	Thhalv10029297m.g	Caamp.1040s0123, Caamp.1037s0110
OG0016019	Thhalv10028930m.g	Caamp.1037s0118
OG0016020	Thhalv10028933m.g	Caamp.1037s0125, Caamp.1040s0133
OG0016021	Thhalv10028616m.g	Caamp.1037s0135, Caamp.1040s0142
OG0016022	Thhalv10029281m.g, Thhalv10029172m.g	Caamp.1037s0142
OG0016023	Thhalv10029260m.g	Caamp.1037s0168
OG0016024	Thhalv10012945m.g	Caamp.1037s0194
OG0016025	Thhalv10012651m.g	Caamp.1037s0196
OG0016026	Thhalv10012674m.g	Caamp.1037s0206
OG0016027	Thhalv10015719m.g	Caamp.1037s0208
OG0016028	Thhalv10001939m.g	Caamp.1037s0223
OG0016029	Thhalv10012592m.g	Caamp.1037s0250
OG0016030	Thhalv10015963m.g	Caamp.1037s0286
OG0016031	Thhalv10014844m.g	Caamp.1037s0292
OG0016032	Thhalv10013152m.g	Caamp.1037s0363
OG0016033	Thhalv10013783m.g	Caamp.1037s0381
OG0016035	Thhalv10014937m.g	Caamp.0105s0837, Caamp.1037s0422
OG0016036	Thhalv10015905m.g	Caamp.0105s0842, Caamp.1037s0426
OG0016037	Thhalv10012962m.g	Caamp.1037s0443, Caamp.0105s0855
OG0016038	Thhalv10013889m.g	Caamp.1037s0448
OG0016039	Thhalv10012445m.g	Caamp.1037s0465, Caamp.0105s0875
OG0016040	Thhalv10013011m.g	Caamp.1037s0470, Caamp.0105s0883
OG0016041	Thhalv10013302m.g	Caamp.1037s0473, Caamp.0105s0886
OG0016042	Thhalv10015715m.g	Caamp.0105s0895, Caamp.1037s0482
OG0016043	Thhalv10013262m.g	Caamp.1037s0486
OG0016044	Thhalv10014810m.g	Caamp.0052s0651, Caamp.1037s0489
OG0016045	Thhalv10014218m.g	Caamp.1037s0490, Caamp.0052s0649
OG0016046	Thhalv10014537m.g	Caamp.0052s0641, Caamp.1037s0500
OG0016047	Thhalv10014199m.g	Caamp.1037s0514
OG0016048	Thhalv10014739m.g	Caamp.1037s0527
OG0016049	Thhalv10013208m.g	Caamp.1037s0557, Caamp.0052s0584
OG0016050	Thhalv10015282m.g	Caamp.1037s0574, Caamp.0052s0568
OG0016051	Thhalv10015046m.g	Caamp.1037s0586, Caamp.0052s0554
OG0016052	Thhalv10014597m.g	Caamp.1040s0244, Caamp.1037s0597
OG0016053	Thhalv10015699m.g	Caamp.1037s0602, Caamp.1040s0250
OG0016054	Thhalv10013527m.g	Caamp.1040s0257, Caamp.1037s0609
OG0016055	Thhalv10015977m.g	Caamp.1037s0613, Caamp.1040s0261
OG0016056	Thhalv10013741m.g	Caamp.1037s0624, Caamp.1040s0272
OG0016057	Thhalv10013382m.g	Caamp.1040s0279, Caamp.1037s0631
OG0016059	Thhalv10013516m.g	Caamp.1037s0647, Caamp.1040s0294
OG0016060	Thhalv10014710m.g	Caamp.1040s0300, Caamp.1037s0652
OG0016061	Thhalv10014830m.g	Caamp.1037s0656
OG0016062	Thhalv10012709m.g	Caamp.1037s0688
OG0016063	Thhalv10015522m.g	Caamp.1040s0345, Caamp.1037s0698
OG0016064	Thhalv10014945m.g	Caamp.1037s0714, Caamp.1040s0361
OG0016065	Thhalv10015173m.g	Caamp.1040s0365, Caamp.1037s0717
OG0016066	Thhalv10014329m.g	Caamp.1037s0719, Caamp.1039s0315
OG0016067	Thhalv10016023m.g	Caamp.1037s0728
OG0016068	Thhalv10015073m.g	Caamp.1037s0729
OG0016069	Thhalv10013696m.g	Caamp.1040s0380, Caamp.1037s0735
OG0016070	Thhalv10014838m.g	Caamp.1040s0383, Caamp.1037s0738
OG0016071	Thhalv10014304m.g	Caamp.1037s0747, Caamp.1040s0390
OG0016072	Thhalv10015878m.g	Caamp.1037s0748, Caamp.1040s0391
OG0016073	Thhalv10012478m.g	Caamp.1037s0753
OG0016074	Thhalv10014488m.g	Caamp.1037s0755, Caamp.1040s0396
OG0016075	Thhalv10016051m.g	Caamp.1040s0402, Caamp.1037s0761
OG0016076	Thhalv10013786m.g	Caamp.1037s0762, Caamp.1040s0403
OG0016078	Thhalv10013762m.g	Caamp.1037s0810, Caamp.1040s0449
OG0016079	Thhalv10013963m.g	Caamp.1037s0812, Caamp.1040s0451
OG0016080	Thhalv10013016m.g	Caamp.1040s0458, Caamp.1037s0819
OG0016081	Thhalv10015292m.g	Caamp.1037s0835
OG0016082	Thhalv10013459m.g	Caamp.1037s0853, Caamp.1040s0479
OG0016083	Thhalv10015395m.g	Caamp.1037s0855, Caamp.1040s0477
OG0016084	Thhalv10013257m.g	Caamp.1040s0506, Caamp.1037s0864
OG0016085	Thhalv10014272m.g	Caamp.1037s0882
OG0016086	Thhalv10015494m.g	Caamp.1037s0885, Caamp.1040s0521
OG0016087	Thhalv10010903m.g, Thhalv10015470m.g	Caamp.1037s0894
OG0016088	Thhalv10014415m.g	Caamp.1037s0933
OG0016089	Thhalv10014108m.g	Caamp.1040s0576, Caamp.1037s0942
OG0016090	Thhalv10012745m.g	Caamp.1037s0947, Caamp.1040s0582
OG0016091	Thhalv10015571m.g	Caamp.1037s0964
OG0016092	Thhalv10013552m.g	Caamp.1037s0977
OG0016093	Thhalv10014578m.g	Caamp.1037s0986, Caamp.1040s0620
OG0016094	Thhalv10013983m.g	Caamp.1037s0989
OG0016095	Thhalv10013669m.g	Caamp.1037s0996
OG0016096	Thhalv10014301m.g	Caamp.1037s1005, Caamp.1040s0638
OG0016097	Thhalv10015445m.g	Caamp.1037s1006, Caamp.1040s0639
OG0016098	Thhalv10015707m.g	Caamp.1040s0644, Caamp.1037s1012
OG0016099	Thhalv10014532m.g	Caamp.1040s0645, Caamp.1037s1014
OG0016100	Thhalv10013003m.g	Caamp.1040s0652, Caamp.1037s1022
OG0016101	Thhalv10012474m.g	Caamp.1037s1040
OG0016102	Thhalv10013871m.g	Caamp.1037s1045
OG0016103	Thhalv10014992m.g	Caamp.1040s0685, Caamp.1037s1053
OG0016104	Thhalv10013558m.g	Caamp.1037s1086
OG0016105	Thhalv10014052m.g	Caamp.1040s0738, Caamp.1037s1103
OG0016106	Thhalv10014771m.g	Caamp.1037s1123
OG0016107	Thhalv10015819m.g	Caamp.1040s0784, Caamp.1037s1148
OG0016108	Thhalv10015107m.g	Caamp.1037s1176, Caamp.1040s0815
OG0016109	Thhalv10015934m.g	Caamp.1040s0907, Caamp.1037s1185
OG0016110	Thhalv10015237m.g	Caamp.1040s0873, Caamp.1037s1213
OG0016111	Thhalv10014856m.g	Caamp.1040s0871, Caamp.1037s1216
OG0016112	Thhalv10015338m.g	Caamp.1040s0858, Caamp.1037s1230
OG0016113	Thhalv10012444m.g	Caamp.1040s0826, Caamp.1037s1250
OG0016114	Thhalv10015546m.g	Caamp.0046s0558, Caamp.1037s1269
OG0016116	Thhalv10013535m.g	Caamp.1037s1311, Caamp.1040s0982
OG0016117	Thhalv10014905m.g	Caamp.1040s0984, Caamp.1037s1316
OG0016118	Thhalv10014514m.g	Caamp.1040s1000, Caamp.1037s1333
OG0016119	Thhalv10013893m.g	Caamp.1037s1355
OG0016120	Thhalv10012886m.g	Caamp.1037s1358
OG0016121	Thhalv10013746m.g	Caamp.1037s1359
OG0016122	Thhalv10015543m.g	Caamp.1037s1362
OG0016123	Thhalv10013898m.g	Caamp.1040s1050, Caamp.1037s1389
OG0016125	Thhalv10012867m.g	Caamp.1037s1445
OG0016127	Thhalv10014388m.g	Caamp.1040s1140, Caamp.1037s1473
OG0016128	Thhalv10015124m.g	Caamp.1037s1484, Caamp.1040s1150
OG0016129	Thhalv10014258m.g	Caamp.1037s1488, Caamp.1040s1153
OG0016130	Thhalv10014347m.g	Caamp.1037s1491
OG0016131	Thhalv10012958m.g	Caamp.1037s1513
OG0016132	Thhalv10012740m.g	Caamp.1037s1524
OG0016133	Thhalv10014843m.g	Caamp.1037s1549
OG0016134	Thhalv10013343m.g	Caamp.1037s1589
OG0016135	Thhalv10014119m.g	Caamp.1040s1257, Caamp.1037s1592
OG0016136	Thhalv10013161m.g	Caamp.1037s1602
OG0016138	Thhalv10015323m.g	Caamp.1037s1636
OG0016139	Thhalv10013914m.g	Caamp.1037s1647
OG0016140	Thhalv10012796m.g	Caamp.1040s1332, Caamp.1037s1648
OG0016141	Thhalv10015187m.g	Caamp.1037s1661
OG0016142	Thhalv10013029m.g	Caamp.1037s1664
OG0016144	Thhalv10015058m.g	Caamp.1040s1344, Caamp.1037s1687
OG0016148	Thhalv10016059m.g	Caamp.1037s1737, Caamp.1040s1380
OG0016149	Thhalv10013427m.g	Caamp.1037s1739
OG0016151	Thhalv10024710m.g	Caamp.1037s1759
OG0016152	Thhalv10014334m.g	Caamp.1041s1421, Caamp.1038s0015
OG0016153	Thhalv10015025m.g	Caamp.1041s1419, Caamp.1038s0017
OG0016154	Thhalv10013501m.g	Caamp.1038s0023
OG0016155	Thhalv10015269m.g	Caamp.1038s0031, Caamp.1041s1404
OG0016156	Thhalv10014929m.g	Caamp.1041s1387, Caamp.1038s0046
OG0016157	Thhalv10014425m.g	Caamp.1041s1382, Caamp.1038s0051
OG0016158	Thhalv10015204m.g	Caamp.1041s1361, Caamp.1038s0072
OG0016160	Thhalv10014315m.g	Caamp.1038s0074
OG0016161	Thhalv10012953m.g	Caamp.1038s0076
OG0016162	Thhalv10015899m.g	Caamp.1038s0077, Caamp.1041s1356
OG0016163	Thhalv10014583m.g	Caamp.1038s0100
OG0016164	Thhalv10013151m.g	Caamp.1041s1313, Caamp.1038s0118
OG0016165	Thhalv10013564m.g	Caamp.1038s0138, Caamp.1041s1293
OG0016166	Thhalv10012703m.g	Caamp.1041s1273, Caamp.1038s0159
OG0016167	Thhalv10014053m.g	Caamp.1038s0161, Caamp.1041s1270
OG0016168	Thhalv10014995m.g	Caamp.1041s1269, Caamp.1038s0162
OG0016169	Thhalv10014957m.g	Caamp.1038s0206, Caamp.1041s1217
OG0016171	Thhalv10015105m.g	Caamp.1038s0214, Caamp.1041s1209
OG0016172	Thhalv10015024m.g	Caamp.1041s1204, Caamp.1038s0219
OG0016173	Thhalv10012766m.g	Caamp.1038s0241
OG0016175	Thhalv10015895m.g	Caamp.1041s1154, Caamp.1038s0277
OG0016176	Thhalv10015488m.g	Caamp.1038s0311, Caamp.1041s1123
OG0016177	Thhalv10013026m.g	Caamp.1038s0328, Caamp.1041s1104
OG0016178	Thhalv10015745m.g	Caamp.1038s0333, Caamp.1041s1100
OG0016179	Thhalv10012761m.g	Caamp.1038s0338
OG0016180	Thhalv10014419m.g	Caamp.1038s0344
OG0016181	Thhalv10016011m.g	Caamp.1041s1085, Caamp.1038s0349
OG0016182	Thhalv10012725m.g	Caamp.1038s0370, Caamp.1041s1062
OG0016183	Thhalv10013425m.g	Caamp.1038s0374, Caamp.1041s1058
OG0016184	Thhalv10015659m.g	Caamp.1038s0376, Caamp.1041s1056
OG0016185	Thhalv10014451m.g	Caamp.1038s0394, Caamp.1041s1037
OG0016186	Thhalv10014734m.g	Caamp.1038s0402, Caamp.1041s1028
OG0016188	Thhalv10015506m.g	Caamp.1038s0417
OG0016189	Thhalv10015831m.g	Caamp.1038s0419
OG0016190	Thhalv10015163m.g	Caamp.1038s0422, Caamp.1041s1007
OG0016191	Thhalv10015775m.g	Caamp.1038s0425, Caamp.1041s1004
OG0016192	Thhalv10015330m.g	Caamp.1041s0985, Caamp.1038s0442
OG0016193	Thhalv10013332m.g	Caamp.1041s0974, Caamp.1038s0452
OG0016194	Thhalv10014964m.g	Caamp.1041s0966, Caamp.1038s0462
OG0016195	Thhalv10015779m.g	Caamp.1038s0466, Caamp.1041s0962
OG0016196	Thhalv10013574m.g	Caamp.1038s0474, Caamp.1041s0955
OG0016197	Thhalv10015068m.g	Caamp.1038s0485, Caamp.1041s0946
OG0016198	Thhalv10013744m.g	Caamp.1038s0489
OG0016199	Thhalv10015998m.g	Caamp.1038s0517, Caamp.1041s0909
OG0016200	Thhalv10013045m.g	Caamp.1041s0908, Caamp.1038s0518
OG0016201	Thhalv10016068m.g	Caamp.1038s0521, Caamp.1041s0904
OG0016202	Thhalv10013751m.g	Caamp.1038s0525
OG0016203	Thhalv10012683m.g	Caamp.1041s0253, Caamp.1038s0529
OG0016204	Thhalv10015010m.g	Caamp.1038s0560, Caamp.1041s0287
OG0016205	Thhalv10013014m.g	Caamp.1041s0291, Caamp.1038s0564
OG0016206	Thhalv10014162m.g	Caamp.1038s0578, Caamp.1041s0307
OG0016207	Thhalv10013233m.g	Caamp.1038s0587
OG0016208	Thhalv10012481m.g	Caamp.1038s0588
OG0016209	Thhalv10014431m.g	Caamp.1038s0592, Caamp.0120s0953, Caamp.0105s1379
OG0016210	Thhalv10013435m.g	Caamp.0105s1381, Caamp.1038s0594
OG0016211	Thhalv10014081m.g	Caamp.1038s0599, Caamp.0105s1384
OG0016212	Thhalv10015883m.g	Caamp.0105s1396, Caamp.1038s0612
OG0016213	Thhalv10014609m.g	Caamp.1038s0616, Caamp.0105s1401
OG0016214	Thhalv10012509m.g	Caamp.1038s0621
OG0016215	Thhalv10012465m.g	Caamp.1038s0632, Caamp.0105s1421
OG0016216	Thhalv10014190m.g	Caamp.0105s1427, Caamp.1038s0636
OG0016217	Thhalv10015847m.g	Caamp.0105s1433, Caamp.1038s0642
OG0016219	Thhalv10013294m.g	Caamp.0105s1459, Caamp.1038s0669
OG0016220	Thhalv10014235m.g	Caamp.1038s0682, Caamp.0105s1468
OG0016222	Thhalv10012901m.g	Caamp.1038s0695, Caamp.0105s1482
OG0016223	Thhalv10014072m.g	Caamp.1038s0699, Caamp.0105s1486
OG0016224	Thhalv10013131m.g	Caamp.1038s0700, Caamp.0105s1487
OG0016225	Thhalv10012760m.g	Caamp.1038s0703, Caamp.0105s1490
OG0016226	Thhalv10015385m.g	Caamp.0105s1492, Caamp.1038s0706
OG0016227	Thhalv10014515m.g	Caamp.0105s1494
OG0016227	Thhalv10021954m.g	Caamp.1038s0708
OG0016228	Thhalv10014748m.g	Caamp.0044s0120, Caamp.1038s0711
OG0016229	Thhalv10014422m.g	Caamp.1038s0713, Caamp.0105s1498
OG0016230	Thhalv10014443m.g	Caamp.1038s0717, Caamp.0105s1502
OG0016231	Thhalv10014557m.g	Caamp.1038s0722, Caamp.0097s1054, Caamp.0105s1507
OG0016232	Thhalv10015029m.g	Caamp.0105s1513, Caamp.1038s0727
OG0016233	Thhalv10013667m.g	Caamp.1038s0737
OG0016234	Thhalv10015772m.g	Caamp.1038s0748, Caamp.0105s1533
OG0016235	Thhalv10012860m.g	Caamp.0105s1536, Caamp.1038s0751
OG0016236	Thhalv10015797m.g	Caamp.1038s0778
OG0016237	Thhalv10015014m.g	Caamp.1038s0781
OG0016238	Thhalv10012642m.g	Caamp.1038s0787, Caamp.0105s1572
OG0016239	Thhalv10014538m.g	Caamp.1038s0790, Caamp.0105s1575
OG0016240	Thhalv10013625m.g	Caamp.0105s1578, Caamp.1038s0792
OG0016242	Thhalv10014798m.g	Caamp.1038s0799, Caamp.0105s1584
OG0016243	Thhalv10013053m.g	Caamp.1038s0801
OG0016244	Thhalv10015589m.g	Caamp.0105s1589, Caamp.1038s0806
OG0016245	Thhalv10015175m.g	Caamp.0105s1592, Caamp.1038s0808
OG0016246	Thhalv10013352m.g	Caamp.1038s0811, Caamp.0105s1599
OG0016247	Thhalv10015496m.g	Caamp.0105s1601, Caamp.1038s0813
OG0016248	Thhalv10014387m.g	Caamp.0105s1621, Caamp.1038s0834
OG0016249	Thhalv10013444m.g	Caamp.1038s0841, Caamp.0105s1628
OG0016250	Thhalv10013020m.g	Caamp.1038s0842, Caamp.0105s1629
OG0016251	Thhalv10013108m.g	Caamp.1038s0843, Caamp.0105s1630
OG0016252	Thhalv10014633m.g	Caamp.1038s0849, Caamp.0105s1637
OG0016253	Thhalv10014066m.g	Caamp.0105s1641, Caamp.1038s0853
OG0016254	Thhalv10012753m.g	Caamp.1038s0857, Caamp.0105s1644
OG0016255	Thhalv10014455m.g	Caamp.1038s0861, Caamp.0105s1648
OG0016257	Thhalv10014331m.g	Caamp.1038s0867, Caamp.0105s1656
OG0016258	Thhalv10012689m.g	Caamp.1038s0881, Caamp.0105s1670
OG0016259	Thhalv10014196m.g	Caamp.1038s0885, Caamp.0105s1675
OG0016260	Thhalv10013283m.g	Caamp.0105s1681, Caamp.1038s0891
OG0016261	Thhalv10013864m.g	Caamp.1038s0893, Caamp.0105s1683
OG0016262	Thhalv10014375m.g	Caamp.0105s1692, Caamp.1038s0903
OG0016263	Thhalv10014106m.g	Caamp.0105s1694, Caamp.1038s0909
OG0016264	Thhalv10015710m.g	Caamp.0105s1695, Caamp.1038s0910
OG0016265	Thhalv10014397m.g	Caamp.1038s0911
OG0016266	Thhalv10007998m.g	Caamp.0105s1704, Caamp.1038s0921
OG0016267	Thhalv10015749m.g	Caamp.1038s0927, Caamp.0105s1716
OG0016268	Thhalv10013765m.g	Caamp.1038s0932, Caamp.0105s1721
OG0016269	Thhalv10013128m.g	Caamp.1038s0933, Caamp.0105s1722
OG0016270	Thhalv10014801m.g	Caamp.1038s0937, Caamp.0105s1726
OG0016271	Thhalv10013788m.g	Caamp.0105s1728, Caamp.1038s0939
OG0016272	Thhalv10013569m.g	Caamp.1038s0948, Caamp.0105s1740
OG0016273	Thhalv10014828m.g	Caamp.0105s1751, Caamp.1038s0958
OG0016274	Thhalv10013924m.g	Caamp.0105s1758, Caamp.1038s0963
OG0016275	Thhalv10014348m.g	Caamp.0105s1771, Caamp.1038s0971
OG0016276	Thhalv10013047m.g	Caamp.1038s0976
OG0016277	Thhalv10015115m.g	Caamp.0105s1784, Caamp.1038s0977
OG0016278	Thhalv10013433m.g	Caamp.1038s0979
OG0016279	Thhalv10015093m.g	Caamp.1038s0986, Caamp.0105s1809
OG0016280	Thhalv10013135m.g	Caamp.0105s1818, Caamp.1038s0996
OG0016281	Thhalv10014814m.g	Caamp.1038s0998, Caamp.0105s1821
OG0016282	Thhalv10014850m.g	Caamp.0105s1875, Caamp.1038s1006
OG0016283	Thhalv10002532m.g	Caamp.0214s0672, Caamp.1038s1007
OG0016284	Thhalv10015638m.g	Caamp.0105s1860, Caamp.1038s1022
OG0016285	Thhalv10014414m.g	Caamp.1038s1027
OG0016286	Thhalv10016063m.g	Caamp.0105s1853, Caamp.1038s1029
OG0016287	Thhalv10013867m.g	Caamp.0105s1850, Caamp.1038s1033
OG0016288	Thhalv10013827m.g	Caamp.0105s1847, Caamp.1038s1038
OG0016289	Thhalv10015802m.g	Caamp.1038s1040, Caamp.0105s1845
OG0016290	Thhalv10013588m.g	Caamp.0105s1843, Caamp.1038s1043
OG0016291	Thhalv10015384m.g	Caamp.1038s1050, Caamp.0105s1825
OG0016292	Thhalv10015167m.g	Caamp.1038s1065, Caamp.0105s1881
OG0016293	Thhalv10012980m.g	Caamp.1038s1066
OG0016294	Thhalv10014095m.g	Caamp.0105s1887, Caamp.1038s1071
OG0016295	Thhalv10013546m.g	Caamp.1038s1078
OG0016296	Thhalv10013167m.g	Caamp.0105s1893, Caamp.1038s1079
OG0016297	Thhalv10014147m.g	Caamp.1038s1090
OG0016298	Thhalv10012908m.g	Caamp.1038s1092, Caamp.0105s1901
OG0016299	Thhalv10014817m.g	Caamp.1038s1093, Caamp.0105s1902
OG0016300	Thhalv10014680m.g	Caamp.0105s1904, Caamp.1038s1095
OG0016301	Thhalv10014930m.g	Caamp.0105s1907, Caamp.1038s1097
OG0016302	Thhalv10013351m.g	Caamp.1038s1102, Caamp.0105s1910
OG0016303	Thhalv10014685m.g	Caamp.1038s1103, Caamp.0105s1911
OG0016305	Thhalv10013736m.g	Caamp.1038s1121, Caamp.0105s1925
OG0016306	Thhalv10012754m.g	Caamp.1038s1122, Caamp.0105s1926
OG0016307	Thhalv10013437m.g	Caamp.1038s1123, Caamp.0105s1927
OG0016308	Thhalv10013592m.g	Caamp.1038s1129, Caamp.0105s1932
OG0016310	Thhalv10013293m.g	Caamp.0085s0033, Caamp.1038s1142
OG0016311	Thhalv10015266m.g	Caamp.0105s1945, Caamp.1038s1149
OG0016312	Thhalv10013544m.g	Caamp.1038s1154
OG0016313	Thhalv10014660m.g	Caamp.1038s1156
OG0016314	Thhalv10015877m.g	Caamp.1038s1163
OG0016315	Thhalv10013496m.g	Caamp.1038s1174, Caamp.0105s1963
OG0016316	Thhalv10015463m.g	Caamp.0105s1972, Caamp.1038s1184
OG0016317	Thhalv10015102m.g	Caamp.0105s1983, Caamp.1038s1194
OG0016318	Thhalv10000146m.g	Caamp.1039s0013, Caamp.0059s0108
OG0016319	Thhalv10000266m.g	Caamp.1039s0014, Caamp.0059s0107
OG0016320	Thhalv10000249m.g	Caamp.0059s0099, Caamp.1039s0022
OG0016321	Thhalv10000394m.g	Caamp.1039s0024, Caamp.0059s0097
OG0016322	Thhalv10000606m.g	Caamp.1039s0031, Caamp.0059s0092
OG0016323	Thhalv10000273m.g	Caamp.0059s0091, Caamp.1039s0032
OG0016324	Thhalv10000256m.g	Caamp.0059s0090, Caamp.1039s0033
OG0016325	Thhalv10023293m.g	Caamp.1039s0048, Caamp.0059s0075
OG0016326	Thhalv10000320m.g	Caamp.1039s0056
OG0016327	Thhalv10000156m.g	Caamp.1039s0058, Caamp.0059s0064
OG0016328	Thhalv10000417m.g	Caamp.1039s0059, Caamp.0059s0063
OG0016329	Thhalv10000338m.g	Caamp.1039s0064, Caamp.0059s0057
OG0016330	Thhalv10000626m.g	Caamp.0059s0050, Caamp.1039s0071
OG0016331	Thhalv10000126m.g	Caamp.1039s0078
OG0016332	Thhalv10000276m.g	Caamp.1039s0104, Caamp.0059s0020
OG0016333	Thhalv10000539m.g	Caamp.1039s0105
OG0016334	Thhalv10000443m.g	Caamp.0059s0009, Caamp.1039s0117
OG0016335	Thhalv10000445m.g	Caamp.1039s0127, Caamp.1039s0125
OG0016336	Thhalv10000025m.g	Caamp.1039s0147, Caamp.0096s0021
OG0016337	Thhalv10000128m.g	Caamp.0096s0028, Caamp.1039s0155
OG0016338	Thhalv10000700m.g	Caamp.1039s0156, Caamp.0096s0029
OG0016339	Thhalv10000494m.g	Caamp.1039s0158, Caamp.0096s0031
OG0016340	Thhalv10000243m.g	Caamp.1039s0209
OG0016341	Thhalv10015837m.g	Caamp.1039s0267
OG0016342	Thhalv10000363m.g	Caamp.1039s0362
OG0016344	Thhalv10006013m.g	Caamp.1039s0447
OG0016345	Thhalv10006177m.g	Caamp.0095s0603, Caamp.1039s0457
OG0016346	Thhalv10006291m.g	Caamp.0095s0598, Caamp.1039s0460
OG0016347	Thhalv10006410m.g	Caamp.1039s0464, Caamp.0095s0593
OG0016348	Thhalv10021149m.g	Caamp.1039s0468
OG0016349	Thhalv10020556m.g	Caamp.1039s0471, Caamp.0078s1097
OG0016350	Thhalv10021834m.g	Caamp.1039s0472
OG0016351	Thhalv10020602m.g	Caamp.1039s0475
OG0016352	Thhalv10020732m.g	Caamp.1039s0491
OG0016353	Thhalv10020185m.g	Caamp.1039s0498, Caamp.0078s1074
OG0016354	Thhalv10022242m.g	Caamp.1039s0499, Caamp.0078s1073
OG0016355	Thhalv10021926m.g	Caamp.0078s1068, Caamp.1039s0503
OG0016356	Thhalv10021525m.g	Caamp.1039s0506, Caamp.0078s1065
OG0016357	Thhalv10022116m.g	Caamp.1039s0507, Caamp.0078s1064
OG0016358	Thhalv10020841m.g	Caamp.1039s0509, Caamp.0078s1062
OG0016359	Thhalv10021559m.g	Caamp.1039s0530, Caamp.0078s1128
OG0016360	Thhalv10020999m.g	Caamp.1039s0537, Caamp.0078s1134
OG0016361	Thhalv10022027m.g	Caamp.1039s0545, Caamp.0078s1143
OG0016362	Thhalv10022324m.g	Caamp.1039s0548
OG0016363	Thhalv10021681m.g	Caamp.1039s0551, Caamp.0078s1148
OG0016364	Thhalv10021458m.g	Caamp.0078s1159, Caamp.1039s0563
OG0016365	Thhalv10020299m.g	Caamp.1039s0596, Caamp.0078s1192
OG0016366	Thhalv10021210m.g	Caamp.1039s0598, Caamp.0078s1195
OG0016367	Thhalv10020395m.g	Caamp.1039s0600
OG0016368	Thhalv10021887m.g	Caamp.1039s0604, Caamp.0078s1202
OG0016369	Thhalv10021306m.g	Caamp.1039s0606, Caamp.0078s1204
OG0016370	Thhalv10020386m.g	Caamp.1039s0607, Caamp.0078s1205
OG0016371	Thhalv10022002m.g	Caamp.0078s1220, Caamp.1039s0621
OG0016372	Thhalv10021250m.g	Caamp.1039s0625
OG0016373	Thhalv10020543m.g	Caamp.1039s0626
OG0016374	Thhalv10022065m.g	Caamp.1039s0664, Caamp.0076s1315
OG0016375	Thhalv10021729m.g	Caamp.1039s0678, Caamp.0076s1331
OG0016377	Thhalv10022422m.g	Caamp.1039s0686, Caamp.0076s1339
OG0016378	Thhalv10020510m.g	Caamp.1039s0704
OG0016379	Thhalv10022322m.g	Caamp.1039s0705, Caamp.0076s1357
OG0016380	Thhalv10022319m.g	Caamp.1039s0707
OG0016381	Thhalv10021433m.g	Caamp.1039s0716, Caamp.0076s1369
OG0016382	Thhalv10022068m.g	Caamp.1039s0728, Caamp.0076s1379
OG0016383	Thhalv10021186m.g	Caamp.1039s0730, Caamp.0076s1383
OG0016384	Thhalv10021466m.g	Caamp.1039s0742, Caamp.0105s0006
OG0016385	Thhalv10022293m.g	Caamp.0105s0008, Caamp.1039s0743
OG0016386	Thhalv10021964m.g	Caamp.0105s0032, Caamp.1039s0767
OG0016387	Thhalv10020327m.g	Caamp.1039s0780, Caamp.0105s0046
OG0016388	Thhalv10020655m.g	Caamp.0105s0047, Caamp.1039s0781
OG0016389	Thhalv10021593m.g	Caamp.1040s1051, Caamp.1039s0785
OG0016390	Thhalv10021935m.g	Caamp.1039s0798
OG0016391	Thhalv10020865m.g	Caamp.1039s0803, Caamp.0105s0067
OG0016392	Thhalv10022078m.g	Caamp.1039s0819
OG0016393	Thhalv10022394m.g	Caamp.1039s0829
OG0016394	Thhalv10022304m.g	Caamp.1039s0838
OG0016395	Thhalv10021303m.g	Caamp.0051s0109, Caamp.1039s0845
OG0016396	Thhalv10022278m.g	Caamp.1039s0849
OG0016397	Thhalv10021537m.g	Caamp.1039s0854, Caamp.0051s0118
OG0016398	Thhalv10024460m.g	Caamp.1039s0855
OG0016399	Thhalv10020547m.g	Caamp.0051s0144, Caamp.1039s0878
OG0016400	Thhalv10020259m.g	Caamp.1039s0886
OG0016401	Thhalv10021612m.g	Caamp.1039s0892
OG0016402	Thhalv10022362m.g	Caamp.1039s0893
OG0016403	Thhalv10021606m.g	Caamp.1039s0895, Caamp.0051s0159
OG0016404	Thhalv10021446m.g	Caamp.1039s0901
OG0016405	Thhalv10021081m.g	Caamp.1039s0909, Caamp.0051s0176
OG0016406	Thhalv10021688m.g	Caamp.0051s0184, Caamp.1039s0919
OG0016407	Thhalv10020794m.g	Caamp.1039s0928
OG0016409	Thhalv10021189m.g	Caamp.1039s0933, Caamp.0051s0198
OG0016410	Thhalv10022414m.g	Caamp.1039s0948, Caamp.0051s0214
OG0016411	Thhalv10022092m.g	Caamp.1039s0955
OG0016412	Thhalv10021734m.g	Caamp.1039s0958, Caamp.0051s0224
OG0016413	Thhalv10021757m.g	Caamp.1039s0960, Caamp.0051s0226
OG0016414	Thhalv10021085m.g	Caamp.1039s0961, Caamp.0051s0227
OG0016415	Thhalv10020120m.g	Caamp.1039s0962
OG0016416	Thhalv10021642m.g	Caamp.1039s0979
OG0016417	Thhalv10021070m.g	Caamp.1039s0985, Caamp.0051s0249
OG0016418	Thhalv10020183m.g	Caamp.0051s0255, Caamp.1039s0991
OG0016419	Thhalv10021929m.g	Caamp.1039s1011
OG0016420	Thhalv10022120m.g	Caamp.1039s1014, Caamp.0051s0278
OG0016421	Thhalv10021275m.g	Caamp.1039s1021, Caamp.0051s0285
OG0016422	Thhalv10022126m.g	Caamp.1039s1052, Caamp.0051s0313
OG0016423	Thhalv10021733m.g	Caamp.0051s0326, Caamp.1039s1064
OG0016424	Thhalv10020599m.g	Caamp.0051s0343, Caamp.1039s1081
OG0016425	Thhalv10020783m.g	Caamp.1039s1082, Caamp.0051s0344
OG0016426	Thhalv10011932m.g	Caamp.1039s1083
OG0016427	Thhalv10022209m.g	Caamp.1039s1088, Caamp.0051s0349
OG0016428	Thhalv10021028m.g	Caamp.1039s1090, Caamp.0051s0351
OG0016429	Thhalv10022199m.g	Caamp.1039s1101
OG0016430	Thhalv10021551m.g	Caamp.1039s1102, Caamp.0051s0364
OG0016431	Thhalv10020013m.g	Caamp.0051s0369, Caamp.1039s1108
OG0016432	Thhalv10022285m.g	Caamp.0051s0371, Caamp.1039s1110
OG0016433	Thhalv10020680m.g	Caamp.1039s1118
OG0016434	Thhalv10020894m.g	Caamp.1039s1120
OG0016435	Thhalv10021554m.g	Caamp.1039s1131
OG0016436	Thhalv10021307m.g, Thhalv10012368m.g	Caamp.1039s1142
OG0016437	Thhalv10022054m.g	Caamp.1039s1158
OG0016438	Thhalv10020671m.g	Caamp.1039s1186, Caamp.0053s0043
OG0016439	Thhalv10020562m.g	Caamp.1039s1188, Caamp.0053s0045
OG0016441	Thhalv10020098m.g	Caamp.1039s1204
OG0016442	Thhalv10020156m.g	Caamp.0053s0063, Caamp.1039s1212
OG0016444	Thhalv10021393m.g	Caamp.0053s0067, Caamp.1039s1217
OG0016445	Thhalv10022113m.g	Caamp.1039s1224
OG0016446	Thhalv10020619m.g	Caamp.1039s1241
OG0016447	Thhalv10021479m.g	Caamp.1039s1286, Caamp.0053s0135
OG0016448	Thhalv10021443m.g	Caamp.0053s0145, Caamp.1039s1298
OG0016449	Thhalv10021956m.g	Caamp.1039s1306
OG0016450	Thhalv10022406m.g	Caamp.1039s1313
OG0016451	Thhalv10022115m.g	Caamp.1039s1314
OG0016452	Thhalv10022291m.g, Thhalv10001194m.g	Caamp.1039s1325
OG0016453	Thhalv10021689m.g	Caamp.1039s1327
OG0016454	Thhalv10022105m.g	Caamp.1039s1328
OG0016455	Thhalv10022320m.g	Caamp.1039s1329
OG0016457	Thhalv10021524m.g	Caamp.1039s1357
OG0016459	Thhalv10021741m.g	Caamp.1039s1363, Caamp.1041s1837
OG0016460	Thhalv10020419m.g	Caamp.1039s1419, Caamp.0076s1163
OG0016461	Thhalv10020066m.g	Caamp.1039s1421, Caamp.0076s1165
OG0016462	Thhalv10021051m.g	Caamp.1039s1422, Caamp.0076s1166
OG0016463	Thhalv10022219m.g	Caamp.1039s1427, Caamp.0076s1171
OG0016464	Thhalv10029344m.g, Thhalv10023963m.g	Caamp.1039s1459
OG0016465	Thhalv10022200m.g	Caamp.0076s1216, Caamp.1039s1470
OG0016466	Thhalv10022374m.g	Caamp.0076s1218, Caamp.1039s1472
OG0016467	Thhalv10022231m.g	Caamp.1039s1490, Caamp.0076s1239
OG0016468	Thhalv10003119m.g	Caamp.1039s1508
OG0016469	Thhalv10022241m.g	Caamp.0076s1256, Caamp.1039s1510
OG0016470	Thhalv10005276m.g	Caamp.1039s1514, Caamp.0076s1261
OG0016471	Thhalv10002729m.g	Caamp.0076s1274, Caamp.1039s1527
OG0016472	Thhalv10002830m.g	Caamp.1039s1540, Caamp.0076s1285
OG0016474	Thhalv10003030m.g	Caamp.1039s1544, Caamp.0076s1287
OG0016476	Thhalv10002535m.g	Caamp.1039s1591
OG0016477	Thhalv10002703m.g	Caamp.1039s1602, Caamp.0026s0043
OG0016478	Thhalv10002796m.g	Caamp.1039s1612, Caamp.0026s0057
OG0016479	Thhalv10002425m.g	Caamp.1039s1616
OG0016480	Thhalv10002564m.g	Caamp.1039s1652
OG0016481	Thhalv10002988m.g	Caamp.0026s0110, Caamp.1039s1656
OG0016482	Thhalv10002904m.g	Caamp.0026s0136, Caamp.1039s1681
OG0016484	Thhalv10003003m.g	Caamp.1039s1698, Caamp.0026s0157
OG0016485	Thhalv10004990m.g	Caamp.0021s0051, Caamp.0104s0003
OG0016486	Thhalv10028664m.g	Caamp.1040s0003
OG0016487	Thhalv10028560m.g	Caamp.1040s0049
OG0016488	Thhalv10028700m.g	Caamp.1040s0057
OG0016489	Thhalv10028725m.g	Caamp.1040s0087
OG0016490	Thhalv10028358m.g	Caamp.1040s0120
OG0016491	Thhalv10014264m.g, Thhalv10028775m.g	Caamp.1040s0130
OG0016492	Thhalv10028420m.g	Caamp.1040s0164
OG0016493	Thhalv10028877m.g	Caamp.1041s1612, Caamp.1040s0227
OG0016494	Thhalv10028372m.g	Caamp.1040s0237, Caamp.1041s1621
OG0016495	Thhalv10029065m.g	Caamp.1040s0240, Caamp.1041s1624
OG0016496	Thhalv10015904m.g	Caamp.1040s0283
OG0016497	Thhalv10013949m.g	Caamp.1040s0292
OG0016498	Thhalv10014563m.g	Caamp.1040s0299
OG0016499	Thhalv10015477m.g	Caamp.1040s0306
OG0016500	Thhalv10015700m.g	Caamp.1040s0328
OG0016501	Thhalv10012895m.g	Caamp.1040s0388
OG0016502	Thhalv10015142m.g	Caamp.1040s0422
OG0016503	Thhalv10015491m.g	Caamp.1040s0491
OG0016505	Thhalv10014837m.g	Caamp.1040s0551
OG0016506	Thhalv10014592m.g	Caamp.1040s0601
OG0016507	Thhalv10014229m.g	Caamp.1040s0622
OG0016508	Thhalv10012580m.g	Caamp.1040s0663
OG0016509	Thhalv10015272m.g	Caamp.1040s0664
OG0016510	Thhalv10012582m.g	Caamp.1040s0773
OG0016511	Thhalv10013799m.g	Caamp.1040s0774
OG0016512	Thhalv10014966m.g	Caamp.1040s0813
OG0016513	Thhalv10013485m.g	Caamp.1040s0822
OG0016514	Thhalv10015320m.g	Caamp.1040s0840
OG0016515	Thhalv10015807m.g	Caamp.1040s0841
OG0016516	Thhalv10014237m.g	Caamp.1040s0881
OG0016517	Thhalv10015255m.g, Thhalv10015398m.g	Caamp.1040s0910
OG0016519	Thhalv10014885m.g	Caamp.1040s0926
OG0016520	Thhalv10015921m.g	Caamp.0016s0113, Caamp.1040s0946
OG0016521	Thhalv10013471m.g	Caamp.1040s0981
OG0016522	Thhalv10013244m.g	Caamp.1040s0999
OG0016523	Thhalv10013033m.g	Caamp.1040s1002
OG0016524	Thhalv10013119m.g	Caamp.1040s1005
OG0016526	Thhalv10013960m.g	Caamp.1040s1055
OG0016527	Thhalv10016110m.g	Caamp.1040s1059
OG0016528	Thhalv10012991m.g	Caamp.1040s1097
OG0016529	Thhalv10014707m.g	Caamp.1040s1099
OG0016530	Thhalv10012763m.g	Caamp.1040s1127
OG0016531	Thhalv10014293m.g	Caamp.1040s1158
OG0016532	Thhalv10013712m.g	Caamp.1040s1159
OG0016533	Thhalv10013900m.g	Caamp.1040s1164
OG0016535	Thhalv10012792m.g	Caamp.1040s1222
OG0016536	Thhalv10016103m.g	Caamp.1040s1283
OG0016537	Thhalv10014225m.g	Caamp.1040s1287
OG0016539	Thhalv10012790m.g	Caamp.1040s1347
OG0016540	Thhalv10012510m.g	Caamp.1040s1387
OG0016543	Thhalv10028228m.g, Thhalv10027878m.g	Caamp.1041s0007
OG0016544	Thhalv10027801m.g	Caamp.0044s0007, Caamp.1041s0014
OG0016545	Thhalv10028151m.g	Caamp.1041s0033
OG0016546	Thhalv10027655m.g	Caamp.1041s0036, Caamp.0044s0019
OG0016548	Thhalv10027721m.g	Caamp.0044s0033, Caamp.1041s0045
OG0016549	Thhalv10027962m.g	Caamp.0044s0036, Caamp.1041s0049
OG0016550	Thhalv10027635m.g	Caamp.1041s0059
OG0016551	Thhalv10027680m.g	Caamp.0044s0050, Caamp.1041s0066
OG0016552	Thhalv10027670m.g	Caamp.0044s0058, Caamp.1041s0072
OG0016553	Thhalv10027730m.g	Caamp.1041s0074, Caamp.0044s0060
OG0016554	Thhalv10027785m.g	Caamp.0044s0067, Caamp.1041s0078
OG0016555	Thhalv10027663m.g	Caamp.0044s0075, Caamp.1041s0084
OG0016556	Thhalv10027799m.g	Caamp.1041s0103, Caamp.0044s0088
OG0016557	Thhalv10028231m.g	Caamp.0044s0098, Caamp.1041s0113
OG0016558	Thhalv10028011m.g	Caamp.1041s0123, Caamp.0044s0106
OG0016559	Thhalv10027641m.g	Caamp.1041s0132
OG0016560	Thhalv10027837m.g	Caamp.1041s0137, Caamp.0044s0119
OG0016561	Thhalv10027688m.g	Caamp.0044s0134, Caamp.1041s0153
OG0016562	Thhalv10027683m.g	Caamp.1041s0156, Caamp.0044s0137
OG0016563	Thhalv10027638m.g	Caamp.1041s0193
OG0016564	Thhalv10027776m.g	Caamp.0044s0184, Caamp.1041s0203
OG0016566	Thhalv10028210m.g	Caamp.1041s0219, Caamp.0044s0198
OG0016567	Thhalv10028074m.g	Caamp.0044s0200, Caamp.1041s0220
OG0016568	Thhalv10027761m.g	Caamp.1041s0224
OG0016569	Thhalv10027873m.g	Caamp.0044s0206, Caamp.1041s0226
OG0016570	Thhalv10027662m.g	Caamp.1041s0232
OG0016571	Thhalv10027115m.g	Caamp.1041s0320, Caamp.0094s0726
OG0016572	Thhalv10027309m.g	Caamp.0094s0728, Caamp.1041s0322
OG0016573	Thhalv10027390m.g	Caamp.1041s0324
OG0016574	Thhalv10025485m.g	Caamp.1041s0326, Caamp.0094s0731
OG0016575	Thhalv10026302m.g	Caamp.0094s0747, Caamp.1041s0342
OG0016576	Thhalv10025656m.g	Caamp.0094s0760, Caamp.1041s0351
OG0016577	Thhalv10026581m.g	Caamp.0094s0772, Caamp.1041s0361
OG0016578	Thhalv10024455m.g	Caamp.0094s0783, Caamp.1041s0373
OG0016579	Thhalv10026067m.g	Caamp.0094s0801, Caamp.1041s0390
OG0016580	Thhalv10026505m.g	Caamp.1041s0398, Caamp.0094s0810
OG0016581	Thhalv10026358m.g	Caamp.0094s0816, Caamp.1041s0402
OG0016582	Thhalv10026568m.g	Caamp.0094s0819, Caamp.1041s0405
OG0016585	Thhalv10025531m.g	Caamp.0094s0878, Caamp.1041s0468
OG0016586	Thhalv10025804m.g	Caamp.0094s0905, Caamp.1041s0490
OG0016587	Thhalv10027451m.g	Caamp.1041s0497
OG0016588	Thhalv10025196m.g	Caamp.1041s0499, Caamp.0094s0912
OG0016589	Thhalv10026000m.g	Caamp.1041s0516
OG0016590	Thhalv10025361m.g	Caamp.1041s0517, Caamp.0094s0929
OG0016591	Thhalv10024865m.g	Caamp.1041s0526, Caamp.0094s0940
OG0016592	Thhalv10026246m.g	Caamp.1041s0545, Caamp.0094s0957
OG0016593	Thhalv10025235m.g	Caamp.0094s0961, Caamp.1041s0548
OG0016594	Thhalv10025892m.g	Caamp.0094s0964, Caamp.1041s0550
OG0016595	Thhalv10026347m.g	Caamp.1041s0569
OG0016596	Thhalv10024496m.g	Caamp.1041s0576, Caamp.0094s0988
OG0016597	Thhalv10022523m.g	Caamp.1041s0581
OG0016598	Thhalv10025277m.g	Caamp.0094s1022, Caamp.1041s0617
OG0016599	Thhalv10025862m.g	Caamp.0094s1031, Caamp.1041s0626
OG0016600	Thhalv10027463m.g	Caamp.0094s1033, Caamp.1041s0628
OG0016601	Thhalv10025997m.g	Caamp.0094s1039, Caamp.1041s0636
OG0016602	Thhalv10012178m.g	Caamp.1041s0647, Caamp.0064s0857
OG0016603	Thhalv10011689m.g	Caamp.0064s0856, Caamp.1041s0648
OG0016604	Thhalv10011955m.g	Caamp.1041s0685
OG0016605	Thhalv10011233m.g	Caamp.1041s0705
OG0016606	Thhalv10011959m.g	Caamp.1041s0713
OG0016607	Thhalv10011609m.g	Caamp.1041s0717
OG0016608	Thhalv10012214m.g	Caamp.0064s0765, Caamp.1041s0740
OG0016609	Thhalv10011440m.g	Caamp.0064s0761, Caamp.1041s0744
OG0016610	Thhalv10012208m.g	Caamp.1041s0747, Caamp.0064s0758
OG0016611	Thhalv10011559m.g	Caamp.1041s0751, Caamp.0064s0754
OG0016613	Thhalv10011573m.g	Caamp.1041s0805, Caamp.0064s0685
OG0016614	Thhalv10011201m.g	Caamp.1041s0816
OG0016615	Thhalv10027168m.g, Thhalv10020690m.g	Caamp.1041s0844
OG0016616	Thhalv10028020m.g	Caamp.0044s0275, Caamp.1041s0851
OG0016618	Thhalv10028235m.g	Caamp.1041s0855, Caamp.0044s0266
OG0016619	Thhalv10028071m.g	Caamp.1041s0871, Caamp.1041s0873
OG0016619	Thhalv10010912m.g	Caamp.1041s0870
OG0016620	Thhalv10028226m.g	Caamp.1041s0884, Caamp.0044s0250
OG0016621	Thhalv10027700m.g	Caamp.1041s0901
OG0016622	Thhalv10013591m.g	Caamp.1041s0932
OG0016623	Thhalv10014201m.g	Caamp.1041s0939
OG0016624	Thhalv10002968m.g, Thhalv10015612m.g	Caamp.1041s0953
OG0016625	Thhalv10013235m.g	Caamp.1041s1017
OG0016626	Thhalv10012947m.g	Caamp.1041s1059
OG0016627	Thhalv10016038m.g	Caamp.1041s1063
OG0016628	Thhalv10012773m.g	Caamp.1041s1256
OG0016629	Thhalv10000683m.g, Thhalv10013854m.g	Caamp.1041s1334
OG0016630	Thhalv10013537m.g	Caamp.1041s1394
OG0016631	Thhalv10015291m.g	Caamp.1041s1442, Caamp.0076s0018
OG0016632	Thhalv10016088m.g	Caamp.0076s0037, Caamp.1041s1463
OG0016633	Thhalv10013613m.g	Caamp.1041s1466
OG0016634	Thhalv10015396m.g	Caamp.1041s1473, Caamp.0076s0047
OG0016635	Thhalv10012971m.g	Caamp.1041s1477
OG0016636	Thhalv10013964m.g	Caamp.1041s1479, Caamp.0076s0053
OG0016637	Thhalv10013405m.g	Caamp.0076s0056, Caamp.1041s1482
OG0016638	Thhalv10015627m.g	Caamp.1041s1510
OG0016639	Thhalv10015285m.g	Caamp.1041s1511
OG0016640	Thhalv10014355m.g	Caamp.1041s1539
OG0016641	Thhalv10014595m.g	Caamp.1041s1570
OG0016642	Thhalv10008735m.g	Caamp.1041s1630
OG0016643	Thhalv10029267m.g	Caamp.1041s1635, Caamp.0052s0538
OG0016644	Thhalv10028573m.g	Caamp.1041s1636
OG0016645	Thhalv10029004m.g	Caamp.1041s1637, Caamp.0052s0537
OG0016646	Thhalv10028799m.g	Caamp.1041s1655
OG0016647	Thhalv10028818m.g	Caamp.1041s1660
OG0016648	Thhalv10028592m.g	Caamp.1041s1676
OG0016650	Thhalv10029473m.g	Caamp.1041s1731, Caamp.0052s0448
OG0016653	Thhalv10028561m.g	Caamp.1041s1797
OG0016654	Thhalv10019481m.g	Caamp.1041s1808
OG0016655	Thhalv10029045m.g	Caamp.1041s1819, Caamp.0052s0362
OG0016656	Thhalv10020167m.g	Caamp.1041s1845
OG0016658	Thhalv10011876m.g	Caamp.0190s0225, Caamp.1041s1881
OG0016659	Thhalv10011370m.g	Caamp.1041s1892, Caamp.0190s0234
OG0016660	Thhalv10011555m.g	Caamp.0190s0179, Caamp.1041s1899
OG0016661	Thhalv10011811m.g	Caamp.0190s0166, Caamp.1041s1911
OG0016662	Thhalv10012322m.g	Caamp.1041s1919
OG0016663	Thhalv10012376m.g	Caamp.0037s0317, Caamp.1041s1922
OG0016664	Thhalv10011730m.g	Caamp.1041s1941
OG0016666	Thhalv10012010m.g	Caamp.1041s1961, Caamp.0037s0280
OG0016668	Thhalv10004113m.g	Caamp.1041s1967
OG0016669	Thhalv10005685m.g	Caamp.1041s1973, Caamp.0033s0396
OG0016670	Thhalv10004535m.g	Caamp.1041s1978, Caamp.0033s0400
OG0016671	Thhalv10004096m.g	Caamp.1041s1981, Caamp.0033s0403
OG0016672	Thhalv10005231m.g	Caamp.0033s0407, Caamp.1041s1984
OG0016673	Thhalv10003860m.g	Caamp.0033s0414, Caamp.1041s1988
OG0016674	Thhalv10004318m.g	Caamp.1041s2001, Caamp.0033s0426
OG0016675	Thhalv10004652m.g	Caamp.1041s2012, Caamp.0033s0440
OG0016676	Thhalv10004167m.g	Caamp.0033s0449, Caamp.1041s2024
OG0016677	Thhalv10020366m.g	Caamp.0105s0025
OG0016678	Thhalv10020932m.g	Caamp.0105s0061
OG0016679	Thhalv10020984m.g	Caamp.0105s0075
OG0016680	Thhalv10020136m.g	Caamp.0105s0077
OG0016682	Thhalv10017277m.g	Caamp.0066s0088, Caamp.0105s0093
OG0016683	Thhalv10017862m.g	Caamp.0105s0121, Caamp.0013s0328
OG0016684	Thhalv10016152m.g	Caamp.0105s0128, Caamp.0013s0318
OG0016685	Thhalv10017227m.g	Caamp.0105s0131
OG0016686	Thhalv10017902m.g	Caamp.0105s0135
OG0016687	Thhalv10017785m.g	Caamp.0013s0305, Caamp.0105s0140
OG0016688	Thhalv10017928m.g	Caamp.0105s0154
OG0016689	Thhalv10017299m.g	Caamp.0105s0184
OG0016690	Thhalv10009900m.g	Caamp.0024s0337, Caamp.0105s0186, Caamp.0013s0256
OG0016691	Thhalv10016815m.g	Caamp.0105s0202
OG0016692	Thhalv10017532m.g	Caamp.0105s0242
OG0016693	Thhalv10017153m.g	Caamp.0045s0026, Caamp.0105s0259
OG0016694	Thhalv10016999m.g	Caamp.0105s0265
OG0016695	Thhalv10016872m.g	Caamp.0105s0290, Caamp.0013s0169
OG0016696	Thhalv10016838m.g	Caamp.0013s0172, Caamp.0105s0294
OG0016697	Thhalv10017093m.g	Caamp.0105s0310
OG0016698	Thhalv10017561m.g	Caamp.0105s0313, Caamp.0159s0022
OG0016699	Thhalv10017672m.g	Caamp.0105s0318
OG0016700	Thhalv10017623m.g	Caamp.0105s0327, Caamp.0159s0007
OG0016701	Thhalv10016881m.g	Caamp.0105s0334
OG0016702	Thhalv10017579m.g	Caamp.0105s0337
OG0016704	Thhalv10017801m.g	Caamp.0105s0410
OG0016705	Thhalv10016511m.g	Caamp.0105s0460
OG0016706	Thhalv10016523m.g	Caamp.0105s0461
OG0016707	Thhalv10016283m.g	Caamp.0105s0515
OG0016708	Thhalv10016409m.g	Caamp.0105s0516
OG0016709	Thhalv10016339m.g	Caamp.0105s0543
OG0016710	Thhalv10016260m.g	Caamp.0105s0559
OG0016711	Thhalv10017211m.g	Caamp.0105s0560
OG0016712	Thhalv10016444m.g	Caamp.0105s0573
OG0016713	Thhalv10017363m.g	Caamp.0105s0581
OG0016714	Thhalv10017792m.g	Caamp.0105s0618
OG0016715	Thhalv10017567m.g	Caamp.0105s0672
OG0016716	Thhalv10017525m.g	Caamp.0105s0675
OG0016717	Thhalv10016597m.g	Caamp.0105s0679
OG0016718	Thhalv10016131m.g	Caamp.0105s0689
OG0016719	Thhalv10016601m.g	Caamp.0105s0692
OG0016720	Thhalv10014611m.g, Thhalv10017208m.g	Caamp.0105s0700
OG0016721	Thhalv10016240m.g	Caamp.0105s0748
OG0016723	Thhalv10012639m.g	Caamp.0105s0792
OG0016724	Thhalv10013823m.g	Caamp.0105s0793
OG0016725	Thhalv10013600m.g	Caamp.0105s0796
OG0016726	Thhalv10015534m.g	Caamp.0105s0799
OG0016727	Thhalv10013389m.g	Caamp.0105s0803
OG0016728	Thhalv10016095m.g	Caamp.0105s0815, Caamp.0042s0018
OG0016729	Thhalv10025160m.g	Caamp.0105s0907, Caamp.0094s0240
OG0016730	Thhalv10025472m.g	Caamp.0094s0266, Caamp.0105s0930
OG0016731	Thhalv10025064m.g	Caamp.0105s0935, Caamp.0094s0270
OG0016732	Thhalv10025665m.g	Caamp.0105s0957, Caamp.0094s0295
OG0016733	Thhalv10026680m.g	Caamp.0094s0306, Caamp.0105s0967
OG0016734	Thhalv10025942m.g	Caamp.0094s0307, Caamp.0105s0968
OG0016735	Thhalv10025310m.g	Caamp.0105s0969, Caamp.0094s0311
OG0016736	Thhalv10024429m.g	Caamp.0105s0974, Caamp.0094s0316
OG0016737	Thhalv10026273m.g	Caamp.0094s0331, Caamp.0105s0986
OG0016738	Thhalv10027259m.g	Caamp.0105s0996, Caamp.0094s0339
OG0016739	Thhalv10025265m.g	Caamp.0094s0347, Caamp.0105s1004
OG0016740	Thhalv10027569m.g	Caamp.0094s0353, Caamp.0105s1009
OG0016741	Thhalv10024245m.g	Caamp.0094s0355, Caamp.0105s1011
OG0016742	Thhalv10025668m.g	Caamp.0094s0356, Caamp.0105s1012
OG0016743	Thhalv10026461m.g	Caamp.0105s1014, Caamp.0094s0358
OG0016744	Thhalv10024838m.g	Caamp.0094s0360, Caamp.0105s1016
OG0016745	Thhalv10025459m.g	Caamp.0105s1017, Caamp.0094s0361
OG0016746	Thhalv10024547m.g	Caamp.0094s0363, Caamp.0105s1019
OG0016747	Thhalv10025798m.g	Caamp.0105s1023
OG0016748	Thhalv10025912m.g	Caamp.0105s1033, Caamp.0094s0375
OG0016749	Thhalv10024929m.g	Caamp.0094s0381, Caamp.0105s1039
OG0016750	Thhalv10025079m.g	Caamp.0105s1045
OG0016751	Thhalv10026926m.g	Caamp.0105s1057
OG0016752	Thhalv10026179m.g	Caamp.0094s0400, Caamp.0105s1063
OG0016753	Thhalv10026648m.g	Caamp.0094s0416, Caamp.0105s1078
OG0016754	Thhalv10025977m.g	Caamp.0094s0424, Caamp.0105s1086
OG0016755	Thhalv10027296m.g	Caamp.0094s0432, Caamp.0105s1095
OG0016756	Thhalv10027139m.g	Caamp.0094s0492, Caamp.0105s1111
OG0016757	Thhalv10027524m.g	Caamp.0094s0490, Caamp.0105s1113
OG0016758	Thhalv10026871m.g	Caamp.0094s0488, Caamp.0105s1115
OG0016759	Thhalv10025569m.g	Caamp.0094s0484, Caamp.0105s1119
OG0016760	Thhalv10026013m.g	Caamp.0105s1139
OG0016761	Thhalv10025486m.g	Caamp.0094s0463, Caamp.0105s1142
OG0016762	Thhalv10025121m.g	Caamp.0094s0452, Caamp.0105s1159
OG0016763	Thhalv10025460m.g	Caamp.0094s0499, Caamp.0105s1167
OG0016765	Thhalv10025335m.g	Caamp.0105s1200, Caamp.0094s0539
OG0016766	Thhalv10027224m.g	Caamp.0094s0553, Caamp.0105s1212
OG0016767	Thhalv10025657m.g	Caamp.0094s0556, Caamp.0105s1214
OG0016768	Thhalv10026585m.g	Caamp.0105s1215, Caamp.0094s0557
OG0016769	Thhalv10025972m.g	Caamp.0094s0558, Caamp.0105s1216
OG0016770	Thhalv10024741m.g	Caamp.0105s1217, Caamp.0094s0559
OG0016771	Thhalv10024900m.g	Caamp.0094s0564, Caamp.0105s1224
OG0016772	Thhalv10025802m.g	Caamp.0105s1227, Caamp.0094s0566
OG0016773	Thhalv10027494m.g	Caamp.0094s0567, Caamp.0105s1228
OG0016774	Thhalv10026405m.g	Caamp.0105s1240
OG0016775	Thhalv10026449m.g	Caamp.0105s1250, Caamp.0094s0589
OG0016776	Thhalv10025143m.g	Caamp.0105s1258, Caamp.0094s0599
OG0016777	Thhalv10026204m.g	Caamp.0094s0603, Caamp.0105s1262
OG0016778	Thhalv10026389m.g	Caamp.0094s0614, Caamp.0105s1272
OG0016779	Thhalv10025706m.g	Caamp.0094s0634, Caamp.0105s1294
OG0016780	Thhalv10025686m.g	Caamp.0105s1308, Caamp.0094s0649
OG0016781	Thhalv10024663m.g	Caamp.0094s0653, Caamp.0105s1312
OG0016782	Thhalv10024464m.g	Caamp.0105s1318
OG0016783	Thhalv10025443m.g	Caamp.0094s0672, Caamp.0105s1329
OG0016784	Thhalv10026655m.g	Caamp.0105s1349, Caamp.0094s0690
OG0016785	Thhalv10026865m.g	Caamp.0105s1360, Caamp.0094s0700
OG0016786	Thhalv10026546m.g	Caamp.0105s1361, Caamp.0094s0701
OG0016788	Thhalv10010782m.g	Caamp.0105s1413
OG0016789	Thhalv10013141m.g, Thhalv10015840m.g	Caamp.0105s1436
OG0016790	Thhalv10015667m.g	Caamp.0105s1478
OG0016792	Thhalv10014914m.g	Caamp.0105s1511
OG0016793	Thhalv10015570m.g	Caamp.0105s1555
OG0016793	Thhalv10015541m.g	Caamp.0105s1554
OG0016794	Thhalv10015995m.g	Caamp.0105s1652
OG0016795	Thhalv10012522m.g	Caamp.0105s1706
OG0016796	Thhalv10013931m.g	Caamp.0105s1834
OG0016797	Thhalv10014916m.g, Thhalv10029005m.g	Caamp.0105s1906
OG0016798	Thhalv10012562m.g	Caamp.0105s1928
OG0016799	Thhalv10023714m.g	Caamp.0007s0418, Caamp.0011s0004
OG0016800	Thhalv10023489m.g	Caamp.0007s0419, Caamp.0011s0005
OG0016802	Thhalv10024166m.g	Caamp.0011s0081, Caamp.0007s0482
OG0016804	Thhalv10023892m.g	Caamp.0020s0061, Caamp.0011s0181
OG0016806	Thhalv10023940m.g	Caamp.0011s0230
OG0016807	Thhalv10027851m.g	Caamp.0011s0232
OG0016808	Thhalv10008350m.g	Caamp.0011s0233
OG0016809	Thhalv10028891m.g	Caamp.0110s0003
OG0016810	Thhalv10029192m.g	Caamp.0110s0044
OG0016814	Thhalv10028721m.g	Caamp.0012s0020
OG0016817	Thhalv10004257m.g	Caamp.0076s1073, Caamp.0120s0002
OG0016818	Thhalv10005340m.g	Caamp.0120s0018
OG0016819	Thhalv10004641m.g	Caamp.0076s1117, Caamp.0120s0033
OG0016820	Thhalv10003766m.g	Caamp.0120s0041, Caamp.0076s1128
OG0016821	Thhalv10004775m.g	Caamp.0076s1129, Caamp.0120s0042
OG0016822	Thhalv10004810m.g	Caamp.0120s0055
OG0016824	Thhalv10004399m.g	Caamp.0120s0228
OG0016825	Thhalv10003844m.g	Caamp.0120s0250
OG0016826	Thhalv10005314m.g	Caamp.0120s0293
OG0016827	Thhalv10005674m.g, Thhalv10005266m.g, Thhalv10012103m.g	Caamp.0120s0328
OG0016828	Thhalv10003648m.g	Caamp.0120s0377
OG0016829	Thhalv10004174m.g	Caamp.0120s0444
OG0016830	Thhalv10004518m.g	Caamp.0120s0478
OG0016831	Thhalv10005030m.g	Caamp.0120s0500
OG0016832	Thhalv10005621m.g	Caamp.0120s0526
OG0016833	Thhalv10004888m.g	Caamp.0120s0655
OG0016834	Thhalv10004912m.g	Caamp.0120s0719
OG0016835	Thhalv10004050m.g	Caamp.0120s0721
OG0016836	Thhalv10005708m.g	Caamp.0120s0760, Caamp.0120s0761
OG0016837	Thhalv10004400m.g	Caamp.0120s0762
OG0016838	Thhalv10003500m.g	Caamp.0120s0765
OG0016839	Thhalv10005368m.g	Caamp.0120s0769
OG0016840	Thhalv10019836m.g, Thhalv10004797m.g	Caamp.0120s0778
OG0016841	Thhalv10003657m.g	Caamp.0120s0826
OG0016842	Thhalv10005010m.g	Caamp.0120s0863
OG0016843	Thhalv10005281m.g	Caamp.0120s0888
OG0016844	Thhalv10004085m.g	Caamp.0120s0954
OG0016845	Thhalv10005478m.g	Caamp.0120s0977
OG0016846	Thhalv10004649m.g	Caamp.0120s0981
OG0016847	Thhalv10004107m.g	Caamp.0120s0991
OG0016848	Thhalv10004339m.g	Caamp.0120s1002
OG0016851	Thhalv10005149m.g	Caamp.0129s0047, Caamp.0097s0933
OG0016852	Thhalv10003542m.g	Caamp.0129s0048, Caamp.0097s0932
OG0016853	Thhalv10003851m.g	Caamp.0129s0053
OG0016854	Thhalv10005712m.g	Caamp.0129s0054, Caamp.0097s0922
OG0016855	Thhalv10005561m.g	Caamp.0129s0067
OG0016856	Thhalv10016365m.g	Caamp.0013s0008, Caamp.0051s0007
OG0016857	Thhalv10003444m.g	Caamp.0013s0073
OG0016858	Thhalv10016887m.g	Caamp.0013s0089
OG0016860	Thhalv10002423m.g	Caamp.0013s0106, Caamp.0026s0175
OG0016861	Thhalv10002541m.g	Caamp.0013s0108
OG0016862	Thhalv10002407m.g	Caamp.0013s0111, Caamp.0026s0187
OG0016863	Thhalv10003332m.g	Caamp.0013s0123, Caamp.0013s0116, Caamp.0013s0118
OG0016864	Thhalv10026065m.g	Caamp.0095s0091, Caamp.0013s0153
OG0016866	Thhalv10016478m.g	Caamp.0013s0194
OG0016867	Thhalv10016242m.g	Caamp.0013s0195
OG0016868	Thhalv10016356m.g	Caamp.0013s0197
OG0016869	Thhalv10016696m.g	Caamp.0013s0199
OG0016870	Thhalv10016636m.g	Caamp.0013s0211
OG0016871	Thhalv10017564m.g	Caamp.0013s0212
OG0016872	Thhalv10017588m.g	Caamp.0013s0291
OG0016873	Thhalv10017740m.g	Caamp.0013s0317
OG0016875	Thhalv10028031m.g, Thhalv10009649m.g	Caamp.0014s0021
OG0016877	Thhalv10023600m.g	Caamp.0015s0009
OG0016878	Thhalv10018512m.g	Caamp.0015s0010
OG0016879	Thhalv10023643m.g, Thhalv10023982m.g	Caamp.0015s0051
OG0016880	Thhalv10023355m.g	Caamp.0054s0074, Caamp.0015s0056
OG0016881	Thhalv10023755m.g	Caamp.0054s0076, Caamp.0015s0060
OG0016882	Thhalv10023532m.g	Caamp.0015s0088, Caamp.0054s0030
OG0016883	Thhalv10023583m.g	Caamp.0015s0118
OG0016884	Thhalv10025407m.g	Caamp.0015s0127
OG0016885	Thhalv10023717m.g	Caamp.0015s0130
OG0016886	Thhalv10023465m.g	Caamp.0303s1324, Caamp.0015s0131
OG0016887	Thhalv10024010m.g	Caamp.0303s1327, Caamp.0015s0134
OG0016888	Thhalv10023718m.g	Caamp.0015s0144
OG0016889	Thhalv10023226m.g	Caamp.0015s0149, Caamp.0303s1343
OG0016890	Thhalv10023529m.g	Caamp.0015s0159, Caamp.0303s1356
OG0016891	Thhalv10024030m.g	Caamp.0015s0163, Caamp.0303s1363
OG0016892	Thhalv10023787m.g	Caamp.0303s1322, Caamp.0077s0024, Caamp.0015s0176
OG0016893	Thhalv10023591m.g	Caamp.0015s0180
OG0016895	Thhalv10024143m.g	Caamp.0303s1299, Caamp.0015s0201
OG0016896	Thhalv10023270m.g	Caamp.0015s0221
OG0016897	Thhalv10023346m.g	Caamp.0303s1278, Caamp.0015s0223
OG0016899	Thhalv10023778m.g	Caamp.0015s0236, Caamp.0303s1268
OG0016900	Thhalv10023804m.g	Caamp.0015s0248, Caamp.0303s1253
OG0016901	Thhalv10023459m.g	Caamp.0303s1235, Caamp.0015s0263
OG0016903	Thhalv10023414m.g	Caamp.0015s0273
OG0016904	Thhalv10023967m.g	Caamp.0303s1225, Caamp.0015s0275
OG0016905	Thhalv10023274m.g	Caamp.0015s0281
OG0016906	Thhalv10024066m.g	Caamp.0015s0286
OG0016907	Thhalv10023681m.g	Caamp.0303s1212, Caamp.0015s0291
OG0016909	Thhalv10023502m.g	Caamp.0303s1199, Caamp.0015s0309
OG0016910	Thhalv10023306m.g	Caamp.0097s0052, Caamp.0015s0320
OG0016911	Thhalv10023391m.g	Caamp.0015s0335
OG0016912	Thhalv10023648m.g	Caamp.0015s0338, Caamp.0303s1162
OG0016913	Thhalv10023570m.g	Caamp.0015s0339, Caamp.0303s1161
OG0016914	Thhalv10023617m.g	Caamp.0015s0341, Caamp.0303s1160
OG0016915	Thhalv10023446m.g	Caamp.0015s0344, Caamp.0303s1153
OG0016916	Thhalv10023324m.g	Caamp.0015s0347, Caamp.0303s1149
OG0016917	Thhalv10023515m.g	Caamp.0015s0354, Caamp.0303s1144
OG0016918	Thhalv10023677m.g	Caamp.0015s0365, Caamp.0303s1135
OG0016919	Thhalv10023375m.g	Caamp.0015s0367, Caamp.0303s1130
OG0016920	Thhalv10023725m.g	Caamp.0015s0372
OG0016921	Thhalv10023379m.g	Caamp.0303s1123, Caamp.0015s0376
OG0016922	Thhalv10018142m.g	Caamp.0016s0004
OG0016923	Thhalv10018755m.g	Caamp.0016s0013
OG0016924	Thhalv10018509m.g	Caamp.0016s0020
OG0016925	Thhalv10018275m.g	Caamp.0016s0033
OG0016926	Thhalv10018447m.g	Caamp.0016s0037
OG0016927	Thhalv10019035m.g	Caamp.0016s0047, Caamp.0002s0066
OG0016928	Thhalv10018672m.g	Caamp.0016s0056
OG0016929	Thhalv10018479m.g	Caamp.0016s0088
OG0016931	Thhalv10000451m.g, Thhalv10000563m.g, Thhalv10000565m.g	Caamp.0016s0109
OG0016934	Thhalv10001799m.g	Caamp.0018s0061
OG0016935	Thhalv10001305m.g	Caamp.0018s0082
OG0016936	Thhalv10001622m.g	Caamp.0018s0117
OG0016937	Thhalv10001526m.g	Caamp.0018s0184
OG0016938	Thhalv10001279m.g	Caamp.0018s0232
OG0016939	Thhalv10001478m.g	Caamp.0018s0254
OG0016940	Thhalv10001786m.g	Caamp.0018s0283
OG0016941	Thhalv10005291m.g, Thhalv10005408m.g	Caamp.0018s0296
OG0016942	Thhalv10021486m.g, Thhalv10019769m.g	Caamp.0188s0001
OG0016944	Thhalv10020217m.g	Caamp.0214s0862, Caamp.0188s0022
OG0016946	Thhalv10009830m.g	Caamp.0188s0030, Caamp.0052s0068
OG0016947	Thhalv10007924m.g	Caamp.0188s0032
OG0016948	Thhalv10008399m.g	Caamp.0052s0075, Caamp.0188s0038
OG0016949	Thhalv10008927m.g	Caamp.0188s0068, Caamp.0052s0105
OG0016950	Thhalv10007173m.g	Caamp.0052s0108, Caamp.0188s0071
OG0016951	Thhalv10007580m.g	Caamp.0188s0073
OG0016952	Thhalv10008391m.g	Caamp.0052s0112, Caamp.0188s0077
OG0016953	Thhalv10008649m.g	Caamp.0052s0114, Caamp.0188s0079
OG0016954	Thhalv10009804m.g	Caamp.0052s0120, Caamp.0188s0085
OG0016955	Thhalv10008886m.g	Caamp.0188s0092, Caamp.0052s0130
OG0016956	Thhalv10009088m.g	Caamp.0188s0095, Caamp.0052s0134
OG0016957	Thhalv10009682m.g	Caamp.0188s0096
OG0016958	Thhalv10008206m.g	Caamp.0052s0141, Caamp.0188s0102
OG0016959	Thhalv10009653m.g	Caamp.0052s0155, Caamp.0188s0114
OG0016960	Thhalv10008006m.g	Caamp.0188s0139, Caamp.0071s0158
OG0016961	Thhalv10008347m.g	Caamp.0188s0142
OG0016962	Thhalv10007886m.g	Caamp.0188s0195
OG0016963	Thhalv10008790m.g	Caamp.0188s0206, Caamp.0071s0233
OG0016964	Thhalv10007399m.g	Caamp.0188s0213, Caamp.0071s0240
OG0016965	Thhalv10009923m.g	Caamp.0188s0215
OG0016966	Thhalv10009480m.g	Caamp.0188s0227, Caamp.0071s0255
OG0016967	Thhalv10006804m.g	Caamp.0188s0240
OG0016968	Thhalv10009722m.g	Caamp.0188s0243, Caamp.0071s0274
OG0016969	Thhalv10009622m.g	Caamp.0071s0281, Caamp.0188s0249
OG0016970	Thhalv10007652m.g	Caamp.0052s0322, Caamp.0188s0260
OG0016971	Thhalv10007670m.g	Caamp.0052s0294, Caamp.0188s0287
OG0016972	Thhalv10007773m.g	Caamp.0188s0289, Caamp.0052s0292
OG0016973	Thhalv10009171m.g	Caamp.0052s0288, Caamp.0188s0295
OG0016974	Thhalv10009615m.g	Caamp.0188s0301, Caamp.0052s0280
OG0016976	Thhalv10008760m.g	Caamp.0052s0240, Caamp.0188s0337
OG0016977	Thhalv10008856m.g	Caamp.0052s0238, Caamp.0188s0339
OG0016978	Thhalv10007757m.g	Caamp.0052s0233, Caamp.0188s0344
OG0016979	Thhalv10008002m.g	Caamp.0188s0347, Caamp.0052s0230
OG0016980	Thhalv10007359m.g	Caamp.0188s0362, Caamp.0052s0214
OG0016981	Thhalv10009613m.g	Caamp.0188s0363, Caamp.0052s0213
OG0016982	Thhalv10008516m.g	Caamp.0188s0364, Caamp.0052s0212
OG0016983	Thhalv10007093m.g	Caamp.0188s0369
OG0016984	Thhalv10009288m.g	Caamp.0052s0194, Caamp.0188s0383
OG0016986	Thhalv10007881m.g	Caamp.0071s0122, Caamp.0188s0424
OG0016987	Thhalv10007446m.g	Caamp.0188s0434
OG0016988	Thhalv10009647m.g	Caamp.0071s0110, Caamp.0188s0437
OG0016989	Thhalv10007466m.g	Caamp.0188s0447
OG0016990	Thhalv10007253m.g	Caamp.0188s0451
OG0016991	Thhalv10009489m.g	Caamp.0188s0467
OG0016992	Thhalv10007959m.g	Caamp.0188s0481
OG0016993	Thhalv10008825m.g	Caamp.0188s0487, Caamp.0071s0061
OG0016994	Thhalv10009911m.g	Caamp.0188s0488
OG0016995	Thhalv10009936m.g	Caamp.0071s0051, Caamp.0188s0496
OG0016996	Thhalv10008501m.g	Caamp.0188s0510, Caamp.0071s0034
OG0016997	Thhalv10007430m.g	Caamp.0188s0518, Caamp.0071s0028
OG0016998	Thhalv10008594m.g	Caamp.0040s0003, Caamp.0188s0543
OG0016999	Thhalv10007159m.g	Caamp.0188s0544
OG0017000	Thhalv10008537m.g	Caamp.0188s0550, Caamp.0040s0012
OG0017001	Thhalv10008342m.g	Caamp.0188s0589
OG0017002	Thhalv10008930m.g	Caamp.0188s0591, Caamp.0040s0048
OG0017003	Thhalv10009317m.g	Caamp.0188s0622
OG0017004	Thhalv10008246m.g	Caamp.0040s0088, Caamp.0188s0625
OG0017006	Thhalv10008067m.g	Caamp.0188s0678, Caamp.0040s0142
OG0017007	Thhalv10009838m.g	Caamp.0040s0162, Caamp.0188s0694
OG0017008	Thhalv10006733m.g	Caamp.0188s0698
OG0017010	Thhalv10007474m.g	Caamp.0188s0720
OG0017011	Thhalv10007917m.g	Caamp.0188s0733
OG0017012	Thhalv10008938m.g	Caamp.0188s0734, Caamp.0046s0172
OG0017013	Thhalv10006722m.g	Caamp.0188s0739, Caamp.0046s0176
OG0017014	Thhalv10009218m.g	Caamp.0046s0181, Caamp.0188s0744
OG0017015	Thhalv10006845m.g	Caamp.0188s0754
OG0017016	Thhalv10006806m.g	Caamp.0046s0190, Caamp.0188s0755
OG0017017	Thhalv10007626m.g	Caamp.0046s0198, Caamp.0188s0764
OG0017018	Thhalv10009015m.g	Caamp.0046s0204, Caamp.0188s0769
OG0017019	Thhalv10009385m.g	Caamp.0056s0149, Caamp.0188s0778
OG0017020	Thhalv10007033m.g	Caamp.0056s0125, Caamp.0188s0803
OG0017021	Thhalv10007912m.g	Caamp.0188s0806
OG0017022	Thhalv10008833m.g	Caamp.0188s0807, Caamp.0056s0121
OG0017023	Thhalv10007436m.g	Caamp.0188s0809, Caamp.0056s0120
OG0017024	Thhalv10008218m.g	Caamp.0188s0811, Caamp.0056s0118
OG0017025	Thhalv10007024m.g	Caamp.0188s0813, Caamp.0056s0116
OG0017026	Thhalv10006639m.g	Caamp.0188s0816
OG0017027	Thhalv10007609m.g	Caamp.0056s0106, Caamp.0188s0825
OG0017028	Thhalv10009503m.g	Caamp.0188s0849, Caamp.0056s0081
OG0017029	Thhalv10009014m.g	Caamp.0056s0080, Caamp.0188s0850
OG0017030	Thhalv10008626m.g	Caamp.0056s0079, Caamp.0188s0851
OG0017031	Thhalv10007144m.g	Caamp.0188s0852, Caamp.0056s0078
OG0017032	Thhalv10008311m.g	Caamp.0056s0076, Caamp.0188s0854
OG0017033	Thhalv10009393m.g	Caamp.0056s0068, Caamp.0188s0861
OG0017034	Thhalv10007554m.g	Caamp.0056s0067, Caamp.0188s0862
OG0017035	Thhalv10007737m.g	Caamp.0188s0864
OG0017036	Thhalv10006788m.g	Caamp.0188s0867
OG0017037	Thhalv10008679m.g	Caamp.0188s0880, Caamp.0056s0045
OG0017038	Thhalv10008636m.g	Caamp.0056s0044, Caamp.0188s0881
OG0017039	Thhalv10007349m.g	Caamp.0056s0043, Caamp.0188s0882
OG0017040	Thhalv10008141m.g	Caamp.0188s0885, Caamp.0056s0040
OG0017041	Thhalv10006912m.g	Caamp.0188s0899, Caamp.0056s0025
OG0017042	Thhalv10010011m.g	Caamp.0056s0023, Caamp.0188s0901
OG0017043	Thhalv10007188m.g	Caamp.0188s0907
OG0017044	Thhalv10009863m.g	Caamp.0188s0911
OG0017045	Thhalv10009734m.g	Caamp.0188s0916
OG0017046	Thhalv10009747m.g, Thhalv10022496m.g	Caamp.0188s0917
OG0017047	Thhalv10007899m.g	Caamp.0188s0930, Caamp.0056s0007
OG0017048	Thhalv10008981m.g	Caamp.0188s0932, Caamp.0056s0009
OG0017049	Thhalv10007014m.g	Caamp.0056s0015, Caamp.0188s0938
OG0017050	Thhalv10008409m.g	Caamp.0056s0016, Caamp.0188s0939
OG0017051	Thhalv10000094m.g	Caamp.0188s0940, Caamp.0056s0017
OG0017052	Thhalv10009010m.g	Caamp.0188s0948
OG0017053	Thhalv10006937m.g	Caamp.0188s0977
OG0017054	Thhalv10007036m.g	Caamp.0188s1040
OG0017055	Thhalv10008396m.g	Caamp.0188s1044
OG0017056	Thhalv10009871m.g	Caamp.0188s1050
OG0017057	Thhalv10007447m.g	Caamp.0188s1053
OG0017058	Thhalv10007665m.g	Caamp.0188s1056
OG0017059	Thhalv10006531m.g	Caamp.0188s1059
OG0017060	Thhalv10009389m.g	Caamp.0188s1086, Caamp.0275s0088
OG0017061	Thhalv10007590m.g	Caamp.0275s0080, Caamp.0188s1095
OG0017062	Thhalv10007009m.g	Caamp.0188s1096, Caamp.0275s0079
OG0017063	Thhalv10007457m.g	Caamp.0188s1104, Caamp.0275s0076
OG0017065	Thhalv10008178m.g	Caamp.0275s0074, Caamp.0188s1106
OG0017066	Thhalv10007060m.g	Caamp.0275s0073, Caamp.0188s1107
OG0017067	Thhalv10008382m.g	Caamp.0188s1108, Caamp.0275s0072
OG0017068	Thhalv10006972m.g	Caamp.0188s1115, Caamp.0275s0066
OG0017069	Thhalv10007771m.g	Caamp.0275s0057, Caamp.0188s1122
OG0017070	Thhalv10008371m.g	Caamp.0188s1126, Caamp.0275s0053
OG0017071	Thhalv10008643m.g	Caamp.0275s0042, Caamp.0188s1133
OG0017072	Thhalv10007143m.g	Caamp.0275s0038, Caamp.0188s1136
OG0017073	Thhalv10006878m.g	Caamp.0188s1137
OG0017074	Thhalv10008559m.g	Caamp.0275s0026, Caamp.0188s1147
OG0017075	Thhalv10006939m.g	Caamp.0188s1149
OG0017076	Thhalv10007056m.g	Caamp.0188s1164
OG0017079	Thhalv10011151m.g	Caamp.0019s0056
OG0017080	Thhalv10011123m.g	Caamp.0097s0543, Caamp.0019s0112, Caamp.0019s0111
OG0017081	Thhalv10008606m.g	Caamp.0046s0479, Caamp.0190s0004
OG0017082	Thhalv10007885m.g	Caamp.0046s0484, Caamp.0190s0010
OG0017083	Thhalv10006858m.g	Caamp.0046s0486, Caamp.0190s0014
OG0017084	Thhalv10007842m.g	Caamp.0190s0016, Caamp.0046s0488
OG0017085	Thhalv10009034m.g	Caamp.0046s0506, Caamp.0190s0033
OG0017086	Thhalv10007921m.g	Caamp.0046s0521, Caamp.0190s0049
OG0017087	Thhalv10008601m.g	Caamp.0046s0532, Caamp.0190s0060
OG0017088	Thhalv10008766m.g	Caamp.0190s0081, Caamp.0046s0553
OG0017089	Thhalv10007437m.g	Caamp.0190s0083
OG0017090	Thhalv10008709m.g	Caamp.0046s0556, Caamp.0190s0084
OG0017091	Thhalv10008603m.g	Caamp.0046s0569, Caamp.0190s0098
OG0017092	Thhalv10015517m.g, Thhalv10009360m.g	Caamp.0190s0099, Caamp.0046s0571
OG0017093	Thhalv10009737m.g	Caamp.0046s0572, Caamp.0190s0100
OG0017094	Thhalv10009764m.g	Caamp.0190s0109, Caamp.0046s0580
OG0017096	Thhalv10011419m.g	Caamp.0190s0182
OG0017097	Thhalv10012337m.g	Caamp.0190s0196
OG0017098	Thhalv10025693m.g	Caamp.0190s0241, Caamp.0094s1049
OG0017099	Thhalv10026081m.g	Caamp.0190s0242
OG0017100	Thhalv10025690m.g	Caamp.0190s0271
OG0017101	Thhalv10026645m.g	Caamp.0190s0277
OG0017102	Thhalv10026727m.g	Caamp.0094s1101, Caamp.0190s0288
OG0017103	Thhalv10026109m.g	Caamp.0094s1106, Caamp.0190s0291
OG0017104	Thhalv10024254m.g	Caamp.0190s0293
OG0017105	Thhalv10025946m.g	Caamp.0190s0297, Caamp.0094s1108
OG0017106	Thhalv10025260m.g	Caamp.0190s0306
OG0017107	Thhalv10025846m.g	Caamp.0190s0312, Caamp.0094s1121
OG0017108	Thhalv10014489m.g, Thhalv10026070m.g	Caamp.0190s0320
OG0017109	Thhalv10026846m.g, Thhalv10025611m.g	Caamp.0094s1135, Caamp.0190s0327
OG0017110	Thhalv10027345m.g	Caamp.0094s1145, Caamp.0190s0338
OG0017111	Thhalv10024581m.g	Caamp.0190s0352
OG0017112	Thhalv10025652m.g	Caamp.0190s0364, Caamp.0003s0003
OG0017113	Thhalv10026261m.g	Caamp.0190s0367, Caamp.0003s0005
OG0017114	Thhalv10024272m.g	Caamp.0190s0369
OG0017115	Thhalv10027010m.g	Caamp.0003s0019, Caamp.0190s0381
OG0017116	Thhalv10025245m.g	Caamp.0190s0398
OG0017117	Thhalv10024511m.g	Caamp.0003s0040, Caamp.0190s0402
OG0017118	Thhalv10025518m.g	Caamp.0190s0405, Caamp.0003s0043
OG0017119	Thhalv10024721m.g	Caamp.0190s0425, Caamp.0003s0062
OG0017120	Thhalv10026381m.g	Caamp.0190s0437
OG0017122	Thhalv10026336m.g	Caamp.0003s0080, Caamp.0190s0442
OG0017123	Thhalv10025829m.g	Caamp.0190s0465
OG0017124	Thhalv10024274m.g	Caamp.0190s0471
OG0017125	Thhalv10026333m.g	Caamp.0190s0472
OG0017126	Thhalv10027146m.g	Caamp.0190s0480
OG0017127	Thhalv10027278m.g	Caamp.0190s0481
OG0017128	Thhalv10026205m.g	Caamp.0190s0482
OG0017129	Thhalv10024578m.g	Caamp.0190s0497
OG0017130	Thhalv10027167m.g	Caamp.0190s0501, Caamp.0003s0127
OG0017131	Thhalv10026521m.g	Caamp.0190s0530, Caamp.0003s0136
OG0017132	Thhalv10027478m.g	Caamp.0003s0138, Caamp.0190s0532
OG0017133	Thhalv10024379m.g	Caamp.0190s0547
OG0017134	Thhalv10025263m.g	Caamp.0190s0579
OG0017135	Thhalv10024230m.g	Caamp.0190s0580
OG0017136	Thhalv10025575m.g, Thhalv10027599m.g	Caamp.0190s0587
OG0017137	Thhalv10025762m.g	Caamp.0190s0619, Caamp.0003s0234
OG0017138	Thhalv10027272m.g	Caamp.0003s0256, Caamp.0190s0640
OG0017139	Thhalv10025189m.g	Caamp.0190s0644, Caamp.0003s0260
OG0017140	Thhalv10025754m.g	Caamp.0003s0269, Caamp.0190s0654
OG0017141	Thhalv10026690m.g	Caamp.0190s0673, Caamp.0003s0292
OG0017142	Thhalv10025732m.g	Caamp.0003s0299, Caamp.0190s0679
OG0017143	Thhalv10024949m.g	Caamp.0190s0695, Caamp.0003s0326
OG0017144	Thhalv10027461m.g	Caamp.0190s0706, Caamp.0003s0341
OG0017145	Thhalv10025337m.g	Caamp.0190s0711, Caamp.0003s0346
OG0017146	Thhalv10026059m.g	Caamp.0003s0357, Caamp.0190s0720
OG0017147	Thhalv10024914m.g	Caamp.0190s0736, Caamp.0003s0365
OG0017148	Thhalv10017522m.g	Caamp.0190s0739, Caamp.0003s0368
OG0017149	Thhalv10026450m.g	Caamp.0003s0371, Caamp.0190s0742
OG0017150	Thhalv10026873m.g	Caamp.0003s0372, Caamp.0190s0744
OG0017151	Thhalv10025231m.g	Caamp.0190s0769, Caamp.0003s0399
OG0017152	Thhalv10026963m.g	Caamp.0190s0806, Caamp.0003s0426
OG0017153	Thhalv10027254m.g	Caamp.0003s0436, Caamp.0190s0817
OG0017154	Thhalv10027539m.g	Caamp.0190s0820, Caamp.0003s0440
OG0017155	Thhalv10024323m.g	Caamp.0190s0825, Caamp.0003s0446
OG0017156	Thhalv10024650m.g	Caamp.0190s0853, Caamp.0003s0467
OG0017157	Thhalv10026172m.g	Caamp.0190s0864
OG0017158	Thhalv10026295m.g	Caamp.0190s0868, Caamp.0003s0479
OG0017159	Thhalv10026658m.g	Caamp.0190s0871, Caamp.0003s0482
OG0017160	Thhalv10024622m.g	Caamp.0003s0484, Caamp.0190s0873
OG0017161	Thhalv10026664m.g	Caamp.0190s0887, Caamp.0003s0496
OG0017162	Thhalv10025304m.g	Caamp.0003s0509, Caamp.0190s0898
OG0017163	Thhalv10024886m.g	Caamp.0190s0905
OG0017164	Thhalv10024457m.g	Caamp.0190s0909
OG0017165	Thhalv10024515m.g	Caamp.0190s0911
OG0017166	Thhalv10026298m.g	Caamp.0190s0918
OG0017167	Thhalv10024728m.g	Caamp.0190s0925, Caamp.0003s0534
OG0017168	Thhalv10024260m.g	Caamp.0190s0941
OG0017169	Thhalv10026244m.g	Caamp.0190s0947, Caamp.0003s0557
OG0017170	Thhalv10026564m.g	Caamp.0190s0951
OG0017171	Thhalv10025981m.g	Caamp.0003s0579, Caamp.0190s0970
OG0017173	Thhalv10024711m.g	Caamp.0003s0610, Caamp.0190s1009
OG0017174	Thhalv10026806m.g	Caamp.0190s1027, Caamp.0003s0627
OG0017176	Thhalv10027536m.g	Caamp.0190s1088, Caamp.0003s0685
OG0017177	Thhalv10025465m.g	Caamp.0190s1096, Caamp.0003s0695
OG0017178	Thhalv10024458m.g	Caamp.0190s1101
OG0017179	Thhalv10025476m.g	Caamp.0190s1111
OG0017180	Thhalv10026131m.g	Caamp.0003s0731, Caamp.0190s1129
OG0017184	Thhalv10022589m.g	Caamp.0026s0735, Caamp.0190s1229
OG0017185	Thhalv10023054m.g, Thhalv10022780m.g	Caamp.0190s1244
OG0017186	Thhalv10022827m.g	Caamp.0190s1263
OG0017187	Thhalv10022517m.g	Caamp.0190s1267
OG0017188	Thhalv10022658m.g	Caamp.0190s1270
OG0017190	Thhalv10022646m.g	Caamp.0190s1291
OG0017191	Thhalv10022660m.g	Caamp.0190s1294
OG0017192	Thhalv10022578m.g	Caamp.0026s0671, Caamp.0190s1301
OG0017193	Thhalv10023002m.g	Caamp.0190s1309, Caamp.0026s0664
OG0017194	Thhalv10022574m.g	Caamp.0026s0626, Caamp.0190s1337
OG0017195	Thhalv10023104m.g	Caamp.0026s0614, Caamp.0190s1348
OG0017196	Thhalv10022716m.g	Caamp.0093s0156, Caamp.0190s1351
OG0017197	Thhalv10022675m.g	Caamp.0190s1352
OG0017198	Thhalv10023020m.g	Caamp.0190s1365, Caamp.0026s0600
OG0017199	Thhalv10022786m.g	Caamp.0190s1374, Caamp.0026s0591
OG0017201	Thhalv10018634m.g	Caamp.0002s0055
OG0017202	Thhalv10018274m.g	Caamp.0002s0080
OG0017203	Thhalv10019182m.g	Caamp.0002s0092
OG0017204	Thhalv10018436m.g	Caamp.0002s0118, Caamp.0006s0602
OG0017205	Thhalv10018911m.g	Caamp.0006s0589, Caamp.0002s0141
OG0017206	Thhalv10018010m.g	Caamp.0002s0147
OG0017207	Thhalv10019525m.g	Caamp.0002s0173, Caamp.0303s0697
OG0017208	Thhalv10017991m.g	Caamp.0002s0184
OG0017209	Thhalv10019499m.g	Caamp.0002s0198, Caamp.0303s0676
OG0017211	Thhalv10018120m.g	Caamp.0002s0235
OG0017212	Thhalv10018382m.g	Caamp.0002s0263, Caamp.0303s0625
OG0017213	Thhalv10019416m.g	Caamp.0002s0267, Caamp.0303s0621
OG0017214	Thhalv10019740m.g	Caamp.0002s0288, Caamp.0303s0609
OG0017215	Thhalv10018284m.g	Caamp.0002s0302
OG0017216	Thhalv10018742m.g	Caamp.0002s0307, Caamp.0303s0590
OG0017217	Thhalv10019127m.g	Caamp.0002s0316
OG0017218	Thhalv10018954m.g	Caamp.0002s0326
OG0017219	Thhalv10019825m.g	Caamp.0064s0519, Caamp.0002s0331
OG0017221	Thhalv10018918m.g	Caamp.0064s0528, Caamp.0002s0339
OG0017222	Thhalv10019299m.g	Caamp.0064s0529, Caamp.0002s0340
OG0017223	Thhalv10018517m.g	Caamp.0002s0342
OG0017224	Thhalv10019326m.g	Caamp.0002s0358, Caamp.0064s0545
OG0017225	Thhalv10018020m.g	Caamp.0002s0371
OG0017227	Thhalv10019239m.g	Caamp.0002s0373
OG0017229	Thhalv10022154m.g	Caamp.0303s0035, Caamp.0021s0003, Caamp.0214s0380
OG0017230	Thhalv10009847m.g	Caamp.0009s0085, Caamp.0021s0028
OG0017231	Thhalv10025813m.g	Caamp.0021s0042
OG0017236	Thhalv10021777m.g	Caamp.0214s0004, Caamp.0078s0980
OG0017238	Thhalv10021305m.g	Caamp.0214s0009, Caamp.0078s0985
OG0017239	Thhalv10020723m.g	Caamp.0214s0017, Caamp.0078s0963
OG0017240	Thhalv10022017m.g	Caamp.0214s0024, Caamp.0078s0955
OG0017241	Thhalv10022012m.g	Caamp.0214s0029
OG0017242	Thhalv10020993m.g	Caamp.0214s0031
OG0017243	Thhalv10022203m.g	Caamp.0214s0033, Caamp.0078s0947
OG0017244	Thhalv10021674m.g	Caamp.0214s0035, Caamp.0078s0945
OG0017245	Thhalv10021161m.g	Caamp.0214s0040, Caamp.0078s0941
OG0017246	Thhalv10022413m.g	Caamp.0214s0041
OG0017247	Thhalv10021258m.g	Caamp.0214s0047
OG0017248	Thhalv10020842m.g	Caamp.0078s0929, Caamp.0214s0053
OG0017249	Thhalv10021361m.g	Caamp.0214s0055
OG0017250	Thhalv10022342m.g	Caamp.0214s0079, Caamp.0078s0898
OG0017252	Thhalv10020904m.g	Caamp.0214s0092, Caamp.0078s0881
OG0017253	Thhalv10021137m.g	Caamp.0078s0862, Caamp.0214s0112
OG0017254	Thhalv10021451m.g	Caamp.0214s0125, Caamp.0078s0849
OG0017255	Thhalv10020795m.g	Caamp.0214s0127
OG0017256	Thhalv10021627m.g	Caamp.0214s0130, Caamp.0078s0845
OG0017257	Thhalv10022090m.g	Caamp.0214s0133
OG0017258	Thhalv10022225m.g	Caamp.0214s0136, Caamp.0078s0840
OG0017259	Thhalv10022256m.g	Caamp.0078s0834, Caamp.0214s0141
OG0017260	Thhalv10020117m.g	Caamp.0078s0826, Caamp.0214s0149
OG0017261	Thhalv10020885m.g	Caamp.0078s0820, Caamp.0214s0156
OG0017262	Thhalv10020721m.g	Caamp.0214s0157, Caamp.0078s0819
OG0017263	Thhalv10020500m.g	Caamp.0214s0183
OG0017264	Thhalv10022039m.g	Caamp.0214s0189, Caamp.0078s0783
OG0017265	Thhalv10020392m.g	Caamp.0214s0196
OG0017266	Thhalv10021991m.g	Caamp.0214s0202, Caamp.0078s0769
OG0017267	Thhalv10020833m.g	Caamp.0078s0775, Caamp.0214s0207
OG0017268	Thhalv10022307m.g	Caamp.0078s0763, Caamp.0214s0209
OG0017269	Thhalv10022431m.g	Caamp.0078s0761, Caamp.0214s0210
OG0017270	Thhalv10021504m.g	Caamp.0214s0222
OG0017271	Thhalv10022036m.g	Caamp.0214s0232, Caamp.0078s0741
OG0017272	Thhalv10021103m.g	Caamp.0214s0253, Caamp.0078s0717
OG0017273	Thhalv10021667m.g	Caamp.0214s0260, Caamp.0078s0710
OG0017274	Thhalv10021648m.g	Caamp.0078s0698, Caamp.0214s0271
OG0017275	Thhalv10021767m.g	Caamp.0078s0690, Caamp.0214s0279
OG0017276	Thhalv10020696m.g	Caamp.0214s0292
OG0017278	Thhalv10021677m.g	Caamp.0078s0661, Caamp.0214s0307
OG0017279	Thhalv10021494m.g	Caamp.0078s0654, Caamp.0214s0313
OG0017280	Thhalv10021367m.g	Caamp.0214s0314, Caamp.0078s0652
OG0017282	Thhalv10021452m.g	Caamp.0214s0349
OG0017283	Thhalv10022298m.g	Caamp.0214s0357, Caamp.0303s0010
OG0017284	Thhalv10019914m.g	Caamp.0214s0359, Caamp.0303s0015
OG0017285	Thhalv10021990m.g	Caamp.0214s0360, Caamp.0303s0016
OG0017286	Thhalv10021591m.g	Caamp.0214s0363
OG0017287	Thhalv10022432m.g	Caamp.0303s0021, Caamp.0214s0367
OG0017288	Thhalv10021435m.g	Caamp.0303s0036, Caamp.0214s0381
OG0017289	Thhalv10021468m.g	Caamp.0303s0042, Caamp.0214s0387
OG0017290	Thhalv10020583m.g	Caamp.0214s0388, Caamp.0303s0043
OG0017292	Thhalv10020969m.g	Caamp.0303s0051, Caamp.0214s0396
OG0017293	Thhalv10022415m.g	Caamp.0214s0406, Caamp.0303s0064
OG0017294	Thhalv10020330m.g	Caamp.0303s0066, Caamp.0214s0408
OG0017295	Thhalv10021285m.g	Caamp.0214s0420
OG0017296	Thhalv10021004m.g	Caamp.0303s0080, Caamp.0214s0424
OG0017297	Thhalv10021311m.g	Caamp.0214s0428
OG0017298	Thhalv10021691m.g	Caamp.0303s0084, Caamp.0214s0431
OG0017299	Thhalv10022430m.g	Caamp.0214s0437, Caamp.0303s0089
OG0017301	Thhalv10021379m.g	Caamp.0303s0093, Caamp.0214s0441
OG0017302	Thhalv10020796m.g	Caamp.0214s0446, Caamp.0303s0098
OG0017303	Thhalv10021934m.g	Caamp.0214s0460, Caamp.0303s0113
OG0017304	Thhalv10021773m.g	Caamp.0303s0121, Caamp.0214s0469
OG0017305	Thhalv10020485m.g	Caamp.0303s0122, Caamp.0214s0470
OG0017306	Thhalv10020968m.g	Caamp.0303s0131, Caamp.0214s0478
OG0017307	Thhalv10020688m.g	Caamp.0214s0500, Caamp.0303s0159
OG0017308	Thhalv10020681m.g	Caamp.0303s0160, Caamp.0214s0501
OG0017309	Thhalv10020752m.g	Caamp.0303s0167, Caamp.0214s0512
OG0017310	Thhalv10020868m.g	Caamp.0214s0522
OG0017311	Thhalv10020927m.g	Caamp.0214s0524, Caamp.0303s0182
OG0017312	Thhalv10002498m.g	Caamp.0303s0189, Caamp.0214s0529
OG0017313	Thhalv10021722m.g	Caamp.0303s0192, Caamp.0214s0532
OG0017314	Thhalv10022313m.g, Thhalv10000910m.g	Caamp.0214s0539
OG0017315	Thhalv10021255m.g	Caamp.0214s0552, Caamp.0303s0211
OG0017317	Thhalv10020244m.g	Caamp.0214s0561, Caamp.0303s0220
OG0017318	Thhalv10020727m.g	Caamp.0214s0579, Caamp.0303s0243
OG0017319	Thhalv10020890m.g	Caamp.0214s0588, Caamp.0303s0255
OG0017320	Thhalv10022237m.g	Caamp.0214s0603, Caamp.0303s0268
OG0017321	Thhalv10020242m.g	Caamp.0303s0270, Caamp.0214s0605
OG0017322	Thhalv10020548m.g	Caamp.0214s0606, Caamp.0303s0271
OG0017323	Thhalv10021011m.g	Caamp.0214s0611, Caamp.0303s0275
OG0017324	Thhalv10021141m.g	Caamp.0214s0625, Caamp.0303s0293
OG0017325	Thhalv10021238m.g	Caamp.0214s0628
OG0017326	Thhalv10022130m.g, Thhalv10022142m.g, Thhalv10022178m.g	Caamp.0214s0630
OG0017327	Thhalv10021155m.g	Caamp.0214s0645, Caamp.0303s0317
OG0017328	Thhalv10020580m.g	Caamp.0303s0319, Caamp.0214s0647
OG0017329	Thhalv10021487m.g	Caamp.0303s0323, Caamp.0214s0652
OG0017330	Thhalv10020936m.g	Caamp.0303s0334, Caamp.0214s0661
OG0017331	Thhalv10021391m.g	Caamp.0303s0342, Caamp.0214s0669
OG0017332	Thhalv10021327m.g	Caamp.0303s0353, Caamp.0214s0680
OG0017333	Thhalv10022236m.g	Caamp.0214s0688, Caamp.0303s0362
OG0017334	Thhalv10021803m.g	Caamp.0214s0691, Caamp.0303s0368
OG0017335	Thhalv10020284m.g	Caamp.0214s0692, Caamp.0303s0369
OG0017336	Thhalv10021622m.g	Caamp.0303s0373, Caamp.0214s0697
OG0017337	Thhalv10021666m.g	Caamp.0303s0374, Caamp.0214s0698
OG0017338	Thhalv10021296m.g	Caamp.0214s0706, Caamp.0303s0381
OG0017339	Thhalv10021743m.g	Caamp.0214s0708, Caamp.0303s0383
OG0017340	Thhalv10021977m.g	Caamp.0214s0713, Caamp.0303s0387
OG0017341	Thhalv10021317m.g	Caamp.0214s0714, Caamp.0303s0388
OG0017342	Thhalv10020072m.g	Caamp.0214s0716, Caamp.0303s0390
OG0017343	Thhalv10020937m.g	Caamp.0303s0391, Caamp.0214s0717
OG0017344	Thhalv10021242m.g	Caamp.0303s0393, Caamp.0214s0719
OG0017345	Thhalv10020274m.g	Caamp.0214s0720, Caamp.0303s0394
OG0017346	Thhalv10020578m.g	Caamp.0214s0733, Caamp.0303s0408
OG0017347	Thhalv10020352m.g	Caamp.0214s0734, Caamp.0303s0409
OG0017348	Thhalv10020998m.g	Caamp.0303s0414, Caamp.0214s0738
OG0017349	Thhalv10020776m.g	Caamp.0214s0741, Caamp.0303s0417
OG0017350	Thhalv10021481m.g	Caamp.0303s0433, Caamp.0214s0756
OG0017351	Thhalv10020728m.g	Caamp.0303s0436, Caamp.0214s0758
OG0017352	Thhalv10020821m.g	Caamp.0303s0441, Caamp.0214s0762
OG0017353	Thhalv10021265m.g	Caamp.0303s0450, Caamp.0214s0771
OG0017354	Thhalv10021021m.g	Caamp.0214s0776, Caamp.0303s0457
OG0017355	Thhalv10021165m.g	Caamp.0303s0458, Caamp.0214s0777
OG0017356	Thhalv10019938m.g	Caamp.0303s0459, Caamp.0214s0778
OG0017357	Thhalv10022338m.g	Caamp.0214s0779, Caamp.0303s0460
OG0017359	Thhalv10021787m.g	Caamp.0214s0788, Caamp.0303s0471
OG0017360	Thhalv10021623m.g	Caamp.0214s0790
OG0017361	Thhalv10020163m.g	Caamp.0214s0794, Caamp.0303s0476
OG0017362	Thhalv10020836m.g	Caamp.0214s0801, Caamp.0303s0483
OG0017363	Thhalv10021334m.g	Caamp.0303s0488, Caamp.0214s0804
OG0017364	Thhalv10021975m.g	Caamp.0214s0824, Caamp.0303s0506
OG0017365	Thhalv10022907m.g	Caamp.0303s0507, Caamp.0214s0826
OG0017366	Thhalv10020079m.g	Caamp.0303s0538, Caamp.0214s0851
OG0017367	Thhalv10021359m.g	Caamp.0214s0858
OG0017369	Thhalv10027308m.g	Caamp.0022s0003, Caamp.0097s0472
OG0017370	Thhalv10025982m.g	Caamp.0097s0481, Caamp.0022s0010
OG0017371	Thhalv10025056m.g	Caamp.0022s0012, Caamp.0097s0484
OG0017372	Thhalv10025050m.g	Caamp.0022s0019
OG0017373	Thhalv10025275m.g	Caamp.0097s0496, Caamp.0022s0025
OG0017374	Thhalv10025713m.g	Caamp.0022s0036
OG0017375	Thhalv10026342m.g	Caamp.0097s0519, Caamp.0022s0049
OG0017376	Thhalv10024215m.g	Caamp.0022s0067, Caamp.0097s0531
OG0017377	Thhalv10027111m.g	Caamp.0097s0548, Caamp.0022s0081
OG0017380	Thhalv10024976m.g	Caamp.0022s0094
OG0017381	Thhalv10026216m.g	Caamp.0097s0566, Caamp.0022s0095
OG0017382	Thhalv10026089m.g	Caamp.0022s0097
OG0017384	Thhalv10025929m.g	Caamp.0022s0124, Caamp.0097s0599
OG0017385	Thhalv10026334m.g	Caamp.0097s0648, Caamp.0022s0150
OG0017386	Thhalv10027233m.g	Caamp.0022s0163, Caamp.0097s0634
OG0017388	Thhalv10021180m.g	Caamp.0023s0004
OG0017389	Thhalv10022400m.g	Caamp.0078s0995, Caamp.0023s0010
OG0017390	Thhalv10021697m.g	Caamp.0023s0017, Caamp.0078s1002
OG0017391	Thhalv10020413m.g	Caamp.0078s1019, Caamp.0023s0033
OG0017392	Thhalv10005811m.g	Caamp.0095s0585, Caamp.0023s0083
OG0017393	Thhalv10006453m.g	Caamp.0095s0583, Caamp.0023s0087
OG0017394	Thhalv10005938m.g	Caamp.0095s0579, Caamp.0023s0091
OG0017395	Thhalv10006209m.g	Caamp.0023s0096, Caamp.0095s0568
OG0017396	Thhalv10006206m.g	Caamp.0095s0562, Caamp.0023s0103
OG0017397	Thhalv10005999m.g, Thhalv10007732m.g	Caamp.0095s0547, Caamp.0023s0115
OG0017398	Thhalv10005982m.g	Caamp.0023s0143, Caamp.0095s0525
OG0017399	Thhalv10006130m.g	Caamp.0095s0522, Caamp.0023s0145
OG0017400	Thhalv10006402m.g	Caamp.0095s0494, Caamp.0023s0177
OG0017402	Thhalv10006265m.g	Caamp.0023s0190, Caamp.0095s0481
OG0017403	Thhalv10006199m.g	Caamp.0095s0461, Caamp.0023s0207
OG0017404	Thhalv10006516m.g	Caamp.0023s0210, Caamp.0095s0458
OG0017405	Thhalv10006065m.g	Caamp.0095s0454, Caamp.0023s0214
OG0017406	Thhalv10006273m.g	Caamp.0023s0215, Caamp.0095s0453
OG0017407	Thhalv10006079m.g	Caamp.0095s0426, Caamp.0023s0243
OG0017408	Thhalv10006323m.g	Caamp.0095s0423, Caamp.0023s0246
OG0017409	Thhalv10005856m.g	Caamp.0095s0418, Caamp.0023s0251
OG0017410	Thhalv10006024m.g	Caamp.0023s0269, Caamp.0095s0399
OG0017411	Thhalv10006173m.g	Caamp.0023s0277, Caamp.0095s0388
OG0017412	Thhalv10006096m.g	Caamp.0023s0278
OG0017413	Thhalv10006500m.g	Caamp.0023s0281, Caamp.0095s0384
OG0017415	Thhalv10006255m.g	Caamp.0095s0368, Caamp.0023s0297
OG0017416	Thhalv10006308m.g	Caamp.0023s0315, Caamp.0095s0352
OG0017417	Thhalv10006395m.g	Caamp.0023s0318, Caamp.0095s0349
OG0017418	Thhalv10006478m.g	Caamp.0095s0347, Caamp.0023s0320
OG0017419	Thhalv10005935m.g	Caamp.0095s0342, Caamp.0023s0327
OG0017420	Thhalv10005742m.g	Caamp.0023s0337
OG0017421	Thhalv10006502m.g	Caamp.0023s0341, Caamp.0095s0333
OG0017422	Thhalv10005774m.g	Caamp.0023s0352, Caamp.0095s0322
OG0017423	Thhalv10006085m.g	Caamp.0023s0353, Caamp.0095s0321
OG0017424	Thhalv10005806m.g	Caamp.0095s0317, Caamp.0023s0357
OG0017425	Thhalv10005866m.g	Caamp.0023s0359, Caamp.0095s0309
OG0017426	Thhalv10006081m.g	Caamp.0023s0360, Caamp.0095s0308
OG0017427	Thhalv10006020m.g	Caamp.0095s0301, Caamp.0023s0369
OG0017428	Thhalv10006508m.g	Caamp.0065s0005, Caamp.0023s0375
OG0017429	Thhalv10006234m.g	Caamp.0065s0020, Caamp.0023s0397
OG0017430	Thhalv10006052m.g	Caamp.0023s0399, Caamp.0065s0022
OG0017431	Thhalv10006309m.g	Caamp.0023s0405, Caamp.0065s0027
OG0017432	Thhalv10006098m.g	Caamp.0065s0036, Caamp.0023s0414
OG0017433	Thhalv10005969m.g	Caamp.0065s0042, Caamp.0023s0420
OG0017435	Thhalv10006428m.g	Caamp.0023s0443
OG0017436	Thhalv10006474m.g	Caamp.0023s0445, Caamp.0065s0059
OG0017437	Thhalv10006400m.g	Caamp.0023s0448, Caamp.0065s0062
OG0017438	Thhalv10006399m.g	Caamp.0023s0449, Caamp.0065s0063
OG0017439	Thhalv10006044m.g	Caamp.0023s0452, Caamp.0065s0066
OG0017440	Thhalv10006165m.g	Caamp.0023s0455, Caamp.0065s0069
OG0017441	Thhalv10005890m.g	Caamp.0023s0460, Caamp.0065s0075
OG0017442	Thhalv10006104m.g	Caamp.0023s0470, Caamp.0065s0082
OG0017443	Thhalv10005828m.g	Caamp.0065s0091, Caamp.0023s0477
OG0017444	Thhalv10006023m.g	Caamp.0023s0483, Caamp.0065s0100
OG0017445	Thhalv10006482m.g	Caamp.0023s0488
OG0017446	Thhalv10006487m.g	Caamp.0065s0107, Caamp.0023s0491
OG0017447	Thhalv10006210m.g	Caamp.0065s0112, Caamp.0023s0496
OG0017449	Thhalv10006151m.g	Caamp.0065s0123, Caamp.0023s0508
OG0017450	Thhalv10006227m.g	Caamp.0023s0510, Caamp.0065s0124
OG0017451	Thhalv10022152m.g	Caamp.0095s0447, Caamp.0095s0310, Caamp.0023s0511
OG0017452	Thhalv10006185m.g	Caamp.0065s0125, Caamp.0023s0512
OG0017453	Thhalv10006193m.g	Caamp.0023s0514, Caamp.0008s0033
OG0017454	Thhalv10005996m.g	Caamp.0023s0515, Caamp.0008s0032
OG0017455	Thhalv10005945m.g	Caamp.0065s0130, Caamp.0023s0518
OG0017456	Thhalv10005855m.g	Caamp.0065s0137, Caamp.0023s0524
OG0017457	Thhalv10005803m.g	Caamp.0023s0527
OG0017458	Thhalv10001867m.g, Thhalv10006447m.g	Caamp.0023s0538
OG0017459	Thhalv10006414m.g	Caamp.0065s0154, Caamp.0023s0544
OG0017460	Thhalv10006418m.g	Caamp.0065s0155, Caamp.0023s0545
OG0017462	Thhalv10005842m.g	Caamp.0065s0158, Caamp.0023s0548
OG0017463	Thhalv10006278m.g	Caamp.0023s0549, Caamp.0065s0159
OG0017464	Thhalv10006236m.g	Caamp.0023s0552, Caamp.0065s0162
OG0017465	Thhalv10006051m.g	Caamp.0065s0166, Caamp.0023s0554
OG0017466	Thhalv10006426m.g	Caamp.0065s0179, Caamp.0023s0565
OG0017467	Thhalv10006495m.g	Caamp.0065s0191, Caamp.0023s0577
OG0017468	Thhalv10006446m.g	Caamp.0023s0586
OG0017469	Thhalv10006072m.g	Caamp.0023s0588, Caamp.0065s0205
OG0017471	Thhalv10006356m.g	Caamp.0023s0605, Caamp.0065s0217
OG0017472	Thhalv10006162m.g	Caamp.0023s0607, Caamp.0065s0220
OG0017473	Thhalv10005867m.g	Caamp.0023s0612, Caamp.0065s0224
OG0017474	Thhalv10007444m.g	Caamp.0024s0001
OG0017475	Thhalv10007259m.g	Caamp.0024s0002
OG0017476	Thhalv10009918m.g	Caamp.0046s0470, Caamp.0024s0006
OG0017478	Thhalv10007470m.g	Caamp.0024s0031
OG0017480	Thhalv10008059m.g	Caamp.0046s0414, Caamp.0024s0062
OG0017481	Thhalv10009812m.g	Caamp.0046s0406, Caamp.0024s0070
OG0017482	Thhalv10008681m.g	Caamp.0024s0071, Caamp.0046s0405
OG0017483	Thhalv10009213m.g	Caamp.0046s0393, Caamp.0024s0084
OG0017484	Thhalv10008728m.g	Caamp.0046s0389, Caamp.0024s0088
OG0017485	Thhalv10008839m.g	Caamp.0046s0362, Caamp.0024s0114
OG0017486	Thhalv10008984m.g	Caamp.0046s0349, Caamp.0024s0126
OG0017487	Thhalv10008550m.g	Caamp.0046s0324, Caamp.0024s0149
OG0017488	Thhalv10007176m.g	Caamp.0024s0158
OG0017489	Thhalv10008183m.g	Caamp.0046s0311, Caamp.0024s0161
OG0017490	Thhalv10007206m.g	Caamp.0024s0175
OG0017491	Thhalv10009485m.g	Caamp.0024s0191
OG0017492	Thhalv10006928m.g	Caamp.0024s0231
OG0017493	Thhalv10008080m.g	Caamp.0024s0241
OG0017494	Thhalv10007403m.g	Caamp.0024s0252, Caamp.0046s0229
OG0017495	Thhalv10009149m.g	Caamp.0024s0256, Caamp.0046s0224
OG0017496	Thhalv10009335m.g	Caamp.0046s0223, Caamp.0024s0257
OG0017497	Thhalv10007749m.g	Caamp.0056s0157, Caamp.0024s0277
OG0017498	Thhalv10009912m.g	Caamp.0056s0160, Caamp.0024s0280
OG0017499	Thhalv10002568m.g	Caamp.0056s0163, Caamp.0024s0282
OG0017500	Thhalv10008963m.g	Caamp.0056s0165, Caamp.0024s0283
OG0017501	Thhalv10007110m.g	Caamp.0024s0284, Caamp.0056s0167
OG0017502	Thhalv10006857m.g	Caamp.0056s0171, Caamp.0024s0287
OG0017503	Thhalv10009542m.g	Caamp.0024s0295, Caamp.0056s0178
OG0017504	Thhalv10008926m.g	Caamp.0056s0189, Caamp.0024s0306
OG0017505	Thhalv10009478m.g	Caamp.0056s0193, Caamp.0024s0310
OG0017506	Thhalv10009329m.g	Caamp.0024s0320, Caamp.0056s0205
OG0017507	Thhalv10022269m.g, Thhalv10009348m.g	Caamp.0056s0207, Caamp.0024s0323
OG0017508	Thhalv10007692m.g	Caamp.0056s0218, Caamp.0024s0332
OG0017509	Thhalv10007687m.g	Caamp.0056s0221, Caamp.0024s0335
OG0017511	Thhalv10006830m.g	Caamp.0024s0349
OG0017512	Thhalv10008796m.g	Caamp.0024s0354, Caamp.0056s0238
OG0017513	Thhalv10009758m.g	Caamp.0024s0357, Caamp.0056s0240
OG0017514	Thhalv10009000m.g	Caamp.0056s0241, Caamp.0024s0358
OG0017515	Thhalv10009453m.g	Caamp.0056s0242, Caamp.0024s0361, Caamp.0024s0359
OG0017516	Thhalv10009532m.g	Caamp.0024s0373
OG0017517	Thhalv10006683m.g	Caamp.0024s0387, Caamp.0056s0272
OG0017518	Thhalv10007754m.g	Caamp.0056s0277, Caamp.0024s0392
OG0017519	Thhalv10007109m.g	Caamp.0056s0278, Caamp.0024s0394
OG0017520	Thhalv10008025m.g	Caamp.0056s0286, Caamp.0024s0401
OG0017521	Thhalv10008904m.g	Caamp.0024s0405, Caamp.0056s0293
OG0017522	Thhalv10010023m.g	Caamp.0024s0408
OG0017523	Thhalv10007127m.g	Caamp.0024s0412, Caamp.0056s0297
OG0017524	Thhalv10008381m.g	Caamp.0024s0416, Caamp.0056s0300
OG0017525	Thhalv10007958m.g	Caamp.0024s0417, Caamp.0056s0301
OG0017526	Thhalv10009490m.g	Caamp.0024s0419, Caamp.0056s0303
OG0017527	Thhalv10008497m.g	Caamp.0024s0421, Caamp.0056s0305
OG0017528	Thhalv10009726m.g	Caamp.0024s0422, Caamp.0056s0306
OG0017529	Thhalv10008979m.g	Caamp.0024s0425, Caamp.0056s0308
OG0017530	Thhalv10007449m.g	Caamp.0056s0327, Caamp.0024s0447
OG0017531	Thhalv10006786m.g	Caamp.0056s0351, Caamp.0024s0466
OG0017532	Thhalv10007326m.g	Caamp.0024s0469, Caamp.0056s0354
OG0017533	Thhalv10009425m.g	Caamp.0024s0488
OG0017535	Thhalv10008781m.g	Caamp.0052s0018, Caamp.0024s0500
OG0017536	Thhalv10009338m.g	Caamp.0052s0030, Caamp.0024s0510
OG0017538	Thhalv10029489m.g, Thhalv10012095m.g	Caamp.0026s0005, Caamp.0028s0112
OG0017539	Thhalv10002966m.g	Caamp.0026s0046
OG0017540	Thhalv10002431m.g	Caamp.0026s0052
OG0017541	Thhalv10002922m.g	Caamp.0026s0105
OG0017542	Thhalv10002560m.g	Caamp.0026s0119
OG0017543	Thhalv10002617m.g	Caamp.0026s0128
OG0017544	Thhalv10002523m.g	Caamp.0026s0160
OG0017545	Thhalv10002661m.g	Caamp.0026s0172
OG0017547	Thhalv10003371m.g	Caamp.0026s0193
OG0017548	Thhalv10010268m.g	Caamp.0005s0218, Caamp.0026s0247
OG0017549	Thhalv10010717m.g	Caamp.0005s0232, Caamp.0026s0254
OG0017550	Thhalv10010883m.g	Caamp.0026s0256, Caamp.0005s0235
OG0017551	Thhalv10011032m.g	Caamp.0005s0247, Caamp.0026s0266
OG0017552	Thhalv10011054m.g	Caamp.0026s0283
OG0017553	Thhalv10010870m.g	Caamp.0026s0316, Caamp.0005s0305
OG0017555	Thhalv10010486m.g	Caamp.0026s0349
OG0017556	Thhalv10010688m.g	Caamp.0026s0394
OG0017557	Thhalv10010144m.g	Caamp.0026s0418
OG0017558	Thhalv10010586m.g	Caamp.0078s0034, Caamp.0026s0440
OG0017559	Thhalv10010701m.g	Caamp.0026s0444
OG0017560	Thhalv10010792m.g	Caamp.0026s0448, Caamp.0078s0045
OG0017562	Thhalv10010551m.g	Caamp.0026s0460
OG0017563	Thhalv10010576m.g	Caamp.0026s0463
OG0017564	Thhalv10010157m.g	Caamp.0078s0059, Caamp.0026s0465
OG0017565	Thhalv10010236m.g	Caamp.0026s0467
OG0017566	Thhalv10010997m.g	Caamp.0078s0064, Caamp.0026s0471
OG0017567	Thhalv10011022m.g	Caamp.0026s0476
OG0017568	Thhalv10010776m.g	Caamp.0078s0069, Caamp.0026s0478
OG0017569	Thhalv10010909m.g	Caamp.0026s0487, Caamp.0078s0077
OG0017570	Thhalv10010908m.g	Caamp.0078s0085, Caamp.0026s0494
OG0017571	Thhalv10010581m.g	Caamp.0078s0088, Caamp.0026s0496
OG0017572	Thhalv10011152m.g	Caamp.0026s0498
OG0017573	Thhalv10010533m.g	Caamp.0026s0503
OG0017574	Thhalv10010350m.g	Caamp.0026s0515, Caamp.0078s0112
OG0017575	Thhalv10010714m.g	Caamp.0026s0521
OG0017576	Thhalv10011122m.g	Caamp.0078s0132, Caamp.0026s0533
OG0017577	Thhalv10011020m.g	Caamp.0026s0544, Caamp.0078s0148
OG0017578	Thhalv10022649m.g	Caamp.0026s0570
OG0017579	Thhalv10022902m.g	Caamp.0026s0580, Caamp.0093s0213
OG0017580	Thhalv10022752m.g	Caamp.0026s0605
OG0017583	Thhalv10022868m.g	Caamp.0026s0822
OG0017584	Thhalv10022938m.g	Caamp.0095s0262, Caamp.0026s0824
OG0017585	Thhalv10028685m.g	Caamp.0026s0846
OG0017586	Thhalv10023618m.g	Caamp.0266s0005, Caamp.0303s1105
OG0017587	Thhalv10023706m.g	Caamp.0266s0012
OG0017588	Thhalv10023488m.g	Caamp.0303s1096, Caamp.0266s0016
OG0017589	Thhalv10023386m.g	Caamp.0266s0046, Caamp.0303s1065
OG0017590	Thhalv10024082m.g	Caamp.0303s1064, Caamp.0266s0047
OG0017592	Thhalv10023703m.g	Caamp.0266s0053, Caamp.0303s1061
OG0017593	Thhalv10023389m.g	Caamp.0303s1052, Caamp.0266s0059
OG0017594	Thhalv10023564m.g	Caamp.0266s0060, Caamp.0303s1051
OG0017596	Thhalv10023539m.g	Caamp.0303s1046, Caamp.0266s0066
OG0017598	Thhalv10012331m.g	Caamp.0027s0027, Caamp.0004s0130
OG0017599	Thhalv10011442m.g	Caamp.0027s0042
OG0017600	Thhalv10012348m.g	Caamp.0004s0092, Caamp.0027s0052
OG0017601	Thhalv10011751m.g	Caamp.0027s0080, Caamp.0004s0062
OG0017602	Thhalv10011725m.g	Caamp.0004s0024, Caamp.0027s0108
OG0017603	Thhalv10008117m.g	Caamp.0275s0018
OG0017604	Thhalv10008970m.g	Caamp.0275s0033
OG0017605	Thhalv10007294m.g	Caamp.0275s0035
OG0017606	Thhalv10009990m.g	Caamp.0275s0040
OG0017607	Thhalv10008535m.g	Caamp.0275s0062
OG0017608	Thhalv10009834m.g	Caamp.0275s0078
OG0017609	Thhalv10023075m.g	Caamp.0029s0040, Caamp.0028s0001
OG0017610	Thhalv10028628m.g	Caamp.0028s0006
OG0017611	Thhalv10029503m.g	Caamp.0028s0038
OG0017612	Thhalv10028465m.g	Caamp.0028s0039
OG0017613	Thhalv10028527m.g	Caamp.0028s0054
OG0017614	Thhalv10028444m.g	Caamp.0028s0059
OG0017615	Thhalv10028538m.g	Caamp.0028s0068
OG0017616	Thhalv10028772m.g	Caamp.0028s0077
OG0017617	Thhalv10028826m.g	Caamp.0028s0095
OG0017618	Thhalv10028370m.g	Caamp.0028s0176
OG0017619	Thhalv10028740m.g	Caamp.0028s0193
OG0017620	Thhalv10028537m.g	Caamp.0028s0221
OG0017621	Thhalv10029495m.g	Caamp.0028s0222
OG0017622	Thhalv10028515m.g	Caamp.0028s0223
OG0017623	Thhalv10029460m.g	Caamp.0028s0235
OG0017624	Thhalv10028864m.g	Caamp.0028s0272
OG0017625	Thhalv10029151m.g, Thhalv10029362m.g	Caamp.0028s0275
OG0017626	Thhalv10027087m.g	Caamp.0003s0051
OG0017627	Thhalv10025788m.g	Caamp.0003s0164
OG0017628	Thhalv10024647m.g	Caamp.0003s0202
OG0017629	Thhalv10027371m.g	Caamp.0003s0289
OG0017631	Thhalv10024532m.g	Caamp.0003s0325
OG0017632	Thhalv10027519m.g	Caamp.0003s0333
OG0017633	Thhalv10025487m.g	Caamp.0003s0388
OG0017634	Thhalv10027464m.g, Thhalv10017553m.g, Thhalv10017617m.g	Caamp.0003s0397
OG0017635	Thhalv10024896m.g	Caamp.0003s0438
OG0017636	Thhalv10025712m.g	Caamp.0003s0456
OG0017637	Thhalv10024760m.g	Caamp.0003s0485
OG0017638	Thhalv10024787m.g	Caamp.0003s0622
OG0017639	Thhalv10027005m.g	Caamp.0003s0659
OG0017640	Thhalv10027182m.g	Caamp.0003s0699
OG0017641	Thhalv10026417m.g	Caamp.0003s0767, Caamp.0095s0225
OG0017642	Thhalv10024595m.g	Caamp.0003s0772
OG0017643	Thhalv10027401m.g	Caamp.0003s0784, Caamp.0095s0207
OG0017645	Thhalv10020620m.g	Caamp.0303s0009
OG0017646	Thhalv10020486m.g	Caamp.0303s0011
OG0017647	Thhalv10020026m.g	Caamp.0303s0012
OG0017648	Thhalv10020659m.g	Caamp.0303s0013
OG0017649	Thhalv10020147m.g	Caamp.0303s0055
OG0017650	Thhalv10020626m.g	Caamp.0303s0058
OG0017651	Thhalv10020850m.g	Caamp.0303s0076
OG0017652	Thhalv10021490m.g	Caamp.0303s0101
OG0017653	Thhalv10020747m.g	Caamp.0303s0129
OG0017654	Thhalv10021364m.g	Caamp.0303s0133
OG0017655	Thhalv10020457m.g	Caamp.0303s0134
OG0017656	Thhalv10022427m.g	Caamp.0303s0140
OG0017657	Thhalv10021069m.g	Caamp.0303s0150
OG0017658	Thhalv10022221m.g	Caamp.0303s0156
OG0017659	Thhalv10021511m.g	Caamp.0303s0157
OG0017660	Thhalv10021509m.g	Caamp.0303s0169, Caamp.0303s0166
OG0017661	Thhalv10020698m.g	Caamp.0303s0225
OG0017662	Thhalv10021036m.g	Caamp.0303s0245
OG0017663	Thhalv10020390m.g	Caamp.0303s0256
OG0017664	Thhalv10020088m.g	Caamp.0303s0307
OG0017665	Thhalv10021562m.g	Caamp.0303s0338
OG0017666	Thhalv10021380m.g	Caamp.0303s0405
OG0017667	Thhalv10021286m.g	Caamp.0303s0532
OG0017668	Thhalv10010031m.g	Caamp.0303s0553, Caamp.0052s0057
OG0017669	Thhalv10009156m.g	Caamp.0303s0562, Caamp.0052s0045
OG0017670	Thhalv10017996m.g	Caamp.0303s0651
OG0017671	Thhalv10018524m.g	Caamp.0303s0682
OG0017672	Thhalv10002354m.g	Caamp.0303s0699
OG0017673	Thhalv10029488m.g	Caamp.0076s0140, Caamp.0303s0723
OG0017674	Thhalv10019318m.g	Caamp.0076s0124, Caamp.0303s0742
OG0017675	Thhalv10019217m.g	Caamp.0076s0120, Caamp.0303s0746
OG0017676	Thhalv10019028m.g	Caamp.0303s0762
OG0017677	Thhalv10018960m.g	Caamp.0303s0777, Caamp.0076s0088
OG0017678	Thhalv10019500m.g	Caamp.0303s0778, Caamp.0076s0087
OG0017679	Thhalv10019712m.g	Caamp.0303s0780, Caamp.0076s0085
OG0017680	Thhalv10018312m.g	Caamp.0303s0787, Caamp.0076s0077
OG0017682	Thhalv10019063m.g	Caamp.0076s0061, Caamp.0303s0803
OG0017683	Thhalv10019291m.g	Caamp.0303s0834
OG0017684	Thhalv10018240m.g, Thhalv10029082m.g	Caamp.0303s0864
OG0017685	Thhalv10018876m.g	Caamp.0303s0868
OG0017686	Thhalv10019272m.g	Caamp.0303s0873
OG0017687	Thhalv10019609m.g	Caamp.0303s0920
OG0017688	Thhalv10023558m.g	Caamp.0303s1077
OG0017689	Thhalv10023743m.g	Caamp.0303s1151
OG0017690	Thhalv10023252m.g	Caamp.0303s1164
OG0017691	Thhalv10023739m.g	Caamp.0303s1190
OG0017692	Thhalv10023357m.g	Caamp.0303s1237
OG0017693	Thhalv10023284m.g	Caamp.0303s1292
OG0017694	Thhalv10023338m.g	Caamp.0303s1325
OG0017695	Thhalv10023334m.g	Caamp.0303s1379
OG0017696	Thhalv10023738m.g	Caamp.0306s0010
OG0017697	Thhalv10011029m.g	Caamp.0306s0019
OG0017698	Thhalv10003646m.g	Caamp.0009s0037, Caamp.0031s0018
OG0017700	Thhalv10028466m.g	Caamp.0032s0015
OG0017701	Thhalv10028622m.g	Caamp.0032s0027, Caamp.0083s0015
OG0017702	Thhalv10028726m.g	Caamp.0032s0029
OG0017703	Thhalv10003918m.g	Caamp.0033s0054
OG0017704	Thhalv10005490m.g	Caamp.0033s0066
OG0017705	Thhalv10003516m.g	Caamp.0033s0068
OG0017706	Thhalv10005100m.g, Thhalv10000370m.g	Caamp.0033s0075
OG0017707	Thhalv10004447m.g	Caamp.0033s0090
OG0017708	Thhalv10017423m.g, Thhalv10003835m.g	Caamp.0033s0209
OG0017709	Thhalv10005313m.g	Caamp.0033s0284
OG0017710	Thhalv10004129m.g	Caamp.0033s0331
OG0017711	Thhalv10005560m.g	Caamp.0033s0393
OG0017712	Thhalv10005488m.g	Caamp.0033s0409
OG0017713	Thhalv10004287m.g	Caamp.0033s0421
OG0017714	Thhalv10005334m.g	Caamp.0033s0443
OG0017715	Thhalv10005112m.g	Caamp.0033s0453
OG0017716	Thhalv10005393m.g	Caamp.0033s0459, Caamp.0436s0012
OG0017717	Thhalv10004494m.g	Caamp.0033s0460, Caamp.0436s0013
OG0017718	Thhalv10003575m.g	Caamp.0033s0470
OG0017720	Thhalv10004913m.g	Caamp.0033s0477, Caamp.0436s0028
OG0017723	Thhalv10001243m.g	Caamp.0034s0010
OG0017724	Thhalv10028786m.g	Caamp.0034s0013
OG0017726	Thhalv10028101m.g, Thhalv10024031m.g	Caamp.0034s0044, Caamp.0004s0032
OG0017727	Thhalv10002171m.g	Caamp.0034s0053
OG0017728	Thhalv10002108m.g	Caamp.0034s0072, Caamp.0060s0030
OG0017729	Thhalv10017649m.g	Caamp.0034s0097, Caamp.0097s0751
OG0017731	Thhalv10002148m.g	Caamp.0080s0019, Caamp.0034s0136
OG0017732	Thhalv10003282m.g	Caamp.0436s0045, Caamp.0035s0002
OG0017733	Thhalv10008001m.g	Caamp.0035s0026, Caamp.0052s0016
OG0017735	Thhalv10006761m.g	Caamp.0354s0004
OG0017736	Thhalv10009553m.g	Caamp.0036s0011
OG0017737	Thhalv10022335m.g, Thhalv10005659m.g, Thhalv10005640m.g, Thhalv10005596m.g	Caamp.0036s0012
OG0017738	Thhalv10003333m.g	Caamp.0058s0093, Caamp.0036s0046
OG0017740	Thhalv10003213m.g	Caamp.0036s0057
OG0017741	Thhalv10027134m.g	Caamp.0036s0058
OG0017741	Thhalv10026792m.g	Caamp.0097s0685
OG0017742	Thhalv10009416m.g	Caamp.0058s0116, Caamp.0036s0065
OG0017743	Thhalv10003407m.g	Caamp.0058s0117, Caamp.0036s0067
OG0017745	Thhalv10011943m.g	Caamp.0037s0017, Caamp.0046s0019
OG0017746	Thhalv10011519m.g	Caamp.0037s0023
OG0017747	Thhalv10011655m.g	Caamp.0037s0030
OG0017748	Thhalv10012280m.g	Caamp.0046s0050, Caamp.0037s0046
OG0017749	Thhalv10011642m.g	Caamp.0046s0051, Caamp.0037s0047
OG0017750	Thhalv10011487m.g	Caamp.0037s0050, Caamp.0046s0053
OG0017751	Thhalv10011735m.g	Caamp.0046s0070, Caamp.0037s0070
OG0017752	Thhalv10011629m.g	Caamp.0046s0075, Caamp.0037s0075
OG0017753	Thhalv10011597m.g	Caamp.0037s0077, Caamp.0046s0081
OG0017754	Thhalv10011547m.g	Caamp.0046s0090, Caamp.0037s0088
OG0017755	Thhalv10011339m.g	Caamp.0037s0102, Caamp.0046s0108
OG0017756	Thhalv10011886m.g	Caamp.0046s0120, Caamp.0037s0114
OG0017757	Thhalv10011240m.g	Caamp.0037s0119, Caamp.0046s0125
OG0017758	Thhalv10011564m.g	Caamp.0037s0123, Caamp.0046s0129
OG0017759	Thhalv10011561m.g	Caamp.0037s0143
OG0017760	Thhalv10011329m.g	Caamp.0037s0181
OG0017761	Thhalv10002685m.g	Caamp.0048s0022, Caamp.0037s0185
OG0017762	Thhalv10011416m.g	Caamp.0040s0231, Caamp.0037s0205
OG0017763	Thhalv10011796m.g	Caamp.0040s0233, Caamp.0037s0208
OG0017764	Thhalv10012165m.g	Caamp.0037s0210, Caamp.0040s0235
OG0017765	Thhalv10012278m.g	Caamp.0037s0231, Caamp.0040s0262
OG0017766	Thhalv10012262m.g	Caamp.0040s0268, Caamp.0037s0237
OG0017767	Thhalv10011980m.g	Caamp.0040s0271, Caamp.0037s0240
OG0017768	Thhalv10011715m.g	Caamp.0040s0286, Caamp.0037s0258
OG0017769	Thhalv10011244m.g	Caamp.0037s0262, Caamp.0040s0291
OG0017770	Thhalv10011665m.g	Caamp.0040s0301, Caamp.0037s0269
OG0017771	Thhalv10008909m.g, Thhalv10011984m.g, Thhalv10011950m.g	Caamp.0037s0312
OG0017772	Thhalv10008087m.g	Caamp.0037s0342
OG0017773	Thhalv10008258m.g	Caamp.0037s0343
OG0017774	Thhalv10009182m.g	Caamp.0037s0350, Caamp.0037s0349
OG0017775	Thhalv10009874m.g	Caamp.0037s0397
OG0017776	Thhalv10007182m.g	Caamp.0037s0414
OG0017777	Thhalv10007835m.g	Caamp.0037s0451
OG0017778	Thhalv10007901m.g	Caamp.0037s0468
OG0017779	Thhalv10007269m.g	Caamp.0037s0491
OG0017780	Thhalv10008695m.g	Caamp.0037s0527
OG0017781	Thhalv10007936m.g	Caamp.0037s0545
OG0017782	Thhalv10007288m.g	Caamp.0037s0550
OG0017783	Thhalv10008135m.g	Caamp.0037s0636
OG0017784	Thhalv10008145m.g	Caamp.0037s0645
OG0017785	Thhalv10008647m.g	Caamp.0037s0649
OG0017787	Thhalv10011662m.g	Caamp.0004s0021
OG0017788	Thhalv10011479m.g	Caamp.0004s0031
OG0017789	Thhalv10011958m.g	Caamp.0004s0077
OG0017790	Thhalv10017555m.g, Thhalv10017942m.g	Caamp.0004s0081, Caamp.0004s0082
OG0017791	Thhalv10011803m.g	Caamp.0004s0084
OG0017792	Thhalv10011453m.g	Caamp.0004s0085
OG0017793	Thhalv10012213m.g	Caamp.0004s0094
OG0017794	Thhalv10012190m.g	Caamp.0004s0115
OG0017795	Thhalv10004335m.g	Caamp.0004s0176
OG0017797	Thhalv10002045m.g	Caamp.0008s0140, Caamp.0004s0242
OG0017798	Thhalv10002167m.g	Caamp.0004s0262, Caamp.0008s0153
OG0017799	Thhalv10001960m.g	Caamp.0004s0295
OG0017800	Thhalv10001942m.g	Caamp.0004s0299
OG0017802	Thhalv10006629m.g	Caamp.0040s0061
OG0017803	Thhalv10007529m.g	Caamp.0040s0094
OG0017804	Thhalv10011359m.g	Caamp.0040s0185
OG0017805	Thhalv10028227m.g, Thhalv10011326m.g	Caamp.0040s0230
OG0017806	Thhalv10011482m.g	Caamp.0040s0277
OG0017807	Thhalv10012289m.g	Caamp.0040s0298
OG0017808	Thhalv10011288m.g	Caamp.0040s0307
OG0017809	Thhalv10004724m.g	Caamp.0436s0023
OG0017811	Thhalv10000588m.g	Caamp.0044s0002
OG0017812	Thhalv10028203m.g	Caamp.0059s0127, Caamp.0044s0009
OG0017813	Thhalv10027658m.g	Caamp.0044s0024
OG0017814	Thhalv10027745m.g, Thhalv10027743m.g	Caamp.0044s0085
OG0017815	Thhalv10028295m.g	Caamp.0044s0168
OG0017817	Thhalv10028331m.g	Caamp.0044s0193
OG0017818	Thhalv10027834m.g	Caamp.0044s0246
OG0017819	Thhalv10028140m.g	Caamp.0044s0296
OG0017820	Thhalv10026423m.g	Caamp.0044s0300, Caamp.0095s0152
OG0017821	Thhalv10026076m.g	Caamp.0095s0158, Caamp.0044s0304
OG0017822	Thhalv10026742m.g	Caamp.0044s0314, Caamp.0095s0166
OG0017823	Thhalv10027322m.g	Caamp.0044s0327, Caamp.0095s0179
OG0017824	Thhalv10016453m.g	Caamp.0045s0027
OG0017825	Thhalv10012251m.g	Caamp.0046s0002
OG0017826	Thhalv10011478m.g	Caamp.0046s0009
OG0017827	Thhalv10011583m.g	Caamp.0046s0029
OG0017828	Thhalv10011527m.g	Caamp.0046s0077
OG0017829	Thhalv10011259m.g	Caamp.0046s0101
OG0017830	Thhalv10011744m.g	Caamp.0046s0106
OG0017831	Thhalv10011285m.g	Caamp.0046s0147
OG0017832	Thhalv10007301m.g	Caamp.0046s0171
OG0017833	Thhalv10007415m.g	Caamp.0046s0173
OG0017834	Thhalv10007372m.g	Caamp.0046s0191
OG0017835	Thhalv10006526m.g	Caamp.0046s0205
OG0017837	Thhalv10007199m.g	Caamp.0046s0267
OG0017838	Thhalv10009138m.g	Caamp.0046s0271
OG0017839	Thhalv10008517m.g	Caamp.0046s0336
OG0017840	Thhalv10006920m.g	Caamp.0046s0351
OG0017841	Thhalv10007154m.g	Caamp.0046s0383
OG0017842	Thhalv10007331m.g	Caamp.0046s0463
OG0017843	Thhalv10006798m.g	Caamp.0046s0477
OG0017844	Thhalv10009337m.g	Caamp.0046s0497
OG0017845	Thhalv10007295m.g	Caamp.0046s0500
OG0017846	Thhalv10007083m.g	Caamp.0046s0510
OG0017848	Thhalv10029043m.g	Caamp.0049s0034
OG0017851	Thhalv10002499m.g	Caamp.0005s0048
OG0017852	Thhalv10002732m.g	Caamp.0005s0053
OG0017855	Thhalv10002852m.g	Caamp.0005s0078
OG0017856	Thhalv10002598m.g	Caamp.0005s0079
OG0017857	Thhalv10002745m.g	Caamp.0005s0097, Caamp.0097s0159
OG0017858	Thhalv10002799m.g	Caamp.0005s0099
OG0017859	Thhalv10002530m.g	Caamp.0005s0107, Caamp.0097s0173
OG0017860	Thhalv10002508m.g	Caamp.0005s0119
OG0017861	Thhalv10011169m.g	Caamp.0005s0133
OG0017862	Thhalv10002542m.g	Caamp.0005s0142
OG0017863	Thhalv10010149m.g	Caamp.0005s0202
OG0017864	Thhalv10010272m.g	Caamp.0005s0217
OG0017865	Thhalv10001913m.g	Caamp.0005s0234
OG0017866	Thhalv10011076m.g, Thhalv10010570m.g	Caamp.0095s0037, Caamp.0005s0239
OG0017867	Thhalv10010474m.g	Caamp.0097s0458, Caamp.0005s0335
OG0017868	Thhalv10010448m.g	Caamp.0005s0345
OG0017869	Thhalv10027320m.g	Caamp.0005s0350
OG0017870	Thhalv10011126m.g, Thhalv10010922m.g	Caamp.0005s0352
OG0017871	Thhalv10011125m.g	Caamp.0005s0356
OG0017872	Thhalv10010696m.g	Caamp.0005s0358
OG0017873	Thhalv10010885m.g	Caamp.0005s0365
OG0017874	Thhalv10010131m.g	Caamp.0005s0370
OG0017875	Thhalv10000573m.g	Caamp.0005s0396
OG0017876	Thhalv10016944m.g	Caamp.0051s0017
OG0017877	Thhalv10016377m.g	Caamp.0051s0049
OG0017878	Thhalv10016305m.g	Caamp.0066s0046, Caamp.0051s0052
OG0017879	Thhalv10017505m.g	Caamp.0051s0057
OG0017880	Thhalv10017964m.g	Caamp.0051s0082, Caamp.0066s0101
OG0017881	Thhalv10022334m.g	Caamp.0051s0097
OG0017882	Thhalv10021369m.g	Caamp.0051s0135
OG0017883	Thhalv10021613m.g	Caamp.0051s0141
OG0017884	Thhalv10022393m.g, Thhalv10022064m.g, Thhalv10022401m.g	Caamp.0051s0162
OG0017885	Thhalv10020271m.g	Caamp.0051s0172
OG0017886	Thhalv10003730m.g, Thhalv10020051m.g	Caamp.0051s0286
OG0017887	Thhalv10021116m.g	Caamp.0051s0311
OG0017888	Thhalv10022350m.g	Caamp.0051s0341
OG0017889	Thhalv10007118m.g	Caamp.0052s0001
OG0017890	Thhalv10008243m.g	Caamp.0052s0004
OG0017891	Thhalv10006999m.g	Caamp.0052s0117
OG0017892	Thhalv10006730m.g	Caamp.0052s0118
OG0017893	Thhalv10006793m.g	Caamp.0052s0125
OG0017894	Thhalv10007209m.g	Caamp.0052s0135
OG0017895	Thhalv10007053m.g	Caamp.0052s0162
OG0017896	Thhalv10008261m.g	Caamp.0052s0166
OG0017897	Thhalv10008143m.g	Caamp.0052s0167
OG0017898	Thhalv10007805m.g	Caamp.0052s0225
OG0017899	Thhalv10009465m.g	Caamp.0052s0250
OG0017900	Thhalv10007639m.g	Caamp.0052s0284
OG0017901	Thhalv10009458m.g	Caamp.0052s0302
OG0017902	Thhalv10007471m.g	Caamp.0052s0326
OG0017903	Thhalv10029393m.g	Caamp.0052s0375
OG0017904	Thhalv10028543m.g	Caamp.0052s0377
OG0017905	Thhalv10029002m.g	Caamp.0052s0386
OG0017906	Thhalv10029419m.g	Caamp.0052s0411
OG0017907	Thhalv10028765m.g	Caamp.0052s0427
OG0017908	Thhalv10029222m.g	Caamp.0052s0438
OG0017910	Thhalv10013841m.g	Caamp.0052s0545
OG0017911	Thhalv10012460m.g	Caamp.0052s0595
OG0017912	Thhalv10013775m.g	Caamp.0052s0653
OG0017913	Thhalv10021444m.g	Caamp.0053s0021
OG0017914	Thhalv10020793m.g	Caamp.0053s0040
OG0017915	Thhalv10020642m.g	Caamp.0053s0053
OG0017916	Thhalv10022259m.g	Caamp.0053s0082
OG0017917	Thhalv10020151m.g	Caamp.0053s0084
OG0017918	Thhalv10029118m.g, Thhalv10019969m.g	Caamp.0053s0086
OG0017919	Thhalv10021080m.g	Caamp.0053s0099
OG0017920	Thhalv10024047m.g	Caamp.0054s0004
OG0017921	Thhalv10023496m.g	Caamp.0054s0037
OG0017922	Thhalv10023823m.g	Caamp.0054s0038
OG0017923	Thhalv10023244m.g	Caamp.0054s0044
OG0017924	Thhalv10022963m.g	Caamp.0093s0060, Caamp.0054s0080
OG0017925	Thhalv10007549m.g	Caamp.0056s0021
OG0017926	Thhalv10007544m.g	Caamp.0056s0161
OG0017927	Thhalv10006684m.g	Caamp.0056s0166
OG0017928	Thhalv10010079m.g	Caamp.0056s0168
OG0017929	Thhalv10006566m.g	Caamp.0056s0268
OG0017930	Thhalv10006712m.g	Caamp.0056s0284
OG0017931	Thhalv10009289m.g	Caamp.0056s0321
OG0017932	Thhalv10006859m.g	Caamp.0056s0332
OG0017933	Thhalv10000966m.g	Caamp.0057s0016
OG0017934	Thhalv10028276m.g	Caamp.0058s0043
OG0017935	Thhalv10003430m.g	Caamp.0058s0067
OG0017937	Thhalv10003272m.g	Caamp.0058s0115
OG0017939	Thhalv10003238m.g	Caamp.0058s0152, Caamp.0064s0405
OG0017941	Thhalv10003248m.g	Caamp.0058s0215
OG0017942	Thhalv10003220m.g	Caamp.0058s0228
OG0017943	Thhalv10000630m.g	Caamp.0059s0029
OG0017944	Thhalv10000221m.g	Caamp.0059s0088
OG0017945	Thhalv10024269m.g	Caamp.0059s0148
OG0017946	Thhalv10018481m.g	Caamp.0064s0114, Caamp.0006s0003
OG0017947	Thhalv10019070m.g	Caamp.0006s0006, Caamp.0064s0117
OG0017948	Thhalv10018370m.g	Caamp.0006s0007, Caamp.0064s0118
OG0017949	Thhalv10019066m.g	Caamp.0006s0016, Caamp.0064s0125
OG0017950	Thhalv10018838m.g	Caamp.0006s0017, Caamp.0064s0126
OG0017951	Thhalv10019485m.g	Caamp.0006s0026, Caamp.0064s0133
OG0017952	Thhalv10018916m.g	Caamp.0064s0148, Caamp.0006s0039
OG0017953	Thhalv10018818m.g	Caamp.0006s0041, Caamp.0064s0150
OG0017954	Thhalv10018959m.g	Caamp.0006s0046, Caamp.0064s0153
OG0017955	Thhalv10018907m.g	Caamp.0006s0049, Caamp.0064s0157
OG0017956	Thhalv10018975m.g	Caamp.0064s0158, Caamp.0006s0050
OG0017957	Thhalv10018982m.g	Caamp.0006s0052, Caamp.0064s0165
OG0017958	Thhalv10018789m.g	Caamp.0064s0166, Caamp.0006s0053
OG0017959	Thhalv10018720m.g	Caamp.0064s0171, Caamp.0006s0058
OG0017960	Thhalv10018160m.g	Caamp.0006s0062, Caamp.0064s0175
OG0017961	Thhalv10018866m.g	Caamp.0064s0176, Caamp.0006s0063
OG0017962	Thhalv10019245m.g	Caamp.0006s0065
OG0017963	Thhalv10018230m.g	Caamp.0006s0067
OG0017964	Thhalv10019795m.g	Caamp.0006s0070, Caamp.0064s0183
OG0017965	Thhalv10018996m.g	Caamp.0006s0072, Caamp.0064s0185
OG0017966	Thhalv10018715m.g	Caamp.0006s0073, Caamp.0064s0186
OG0017967	Thhalv10018451m.g	Caamp.0006s0074, Caamp.0064s0187
OG0017968	Thhalv10019402m.g	Caamp.0006s0075
OG0017969	Thhalv10018698m.g	Caamp.0006s0077, Caamp.0064s0190
OG0017970	Thhalv10018693m.g	Caamp.0006s0081, Caamp.0064s0202
OG0017971	Thhalv10019370m.g	Caamp.0006s0091, Caamp.0064s0205
OG0017972	Thhalv10019646m.g	Caamp.0064s0206, Caamp.0006s0092
OG0017973	Thhalv10018009m.g	Caamp.0006s0101
OG0017974	Thhalv10018581m.g	Caamp.0006s0108, Caamp.0064s0222
OG0017975	Thhalv10018484m.g	Caamp.0064s0230, Caamp.0006s0118
OG0017976	Thhalv10019064m.g	Caamp.0064s0242, Caamp.0006s0134
OG0017977	Thhalv10018746m.g	Caamp.0064s0259, Caamp.0006s0146
OG0017978	Thhalv10019082m.g	Caamp.0064s0261, Caamp.0006s0149
OG0017979	Thhalv10018991m.g, Thhalv10027247m.g, Thhalv10027488m.g	Caamp.0006s0151
OG0017980	Thhalv10018297m.g	Caamp.0064s0271, Caamp.0006s0159
OG0017981	Thhalv10018739m.g	Caamp.0006s0164, Caamp.0064s0276
OG0017982	Thhalv10018017m.g	Caamp.0006s0168
OG0017983	Thhalv10019067m.g	Caamp.0064s0292, Caamp.0006s0181
OG0017984	Thhalv10019316m.g	Caamp.0006s0186
OG0017985	Thhalv10019042m.g	Caamp.0064s0312, Caamp.0006s0195
OG0017986	Thhalv10018454m.g	Caamp.0064s0313, Caamp.0006s0196
OG0017987	Thhalv10018318m.g	Caamp.0064s0322, Caamp.0006s0205
OG0017988	Thhalv10018138m.g	Caamp.0006s0214
OG0017989	Thhalv10018564m.g	Caamp.0006s0217, Caamp.0076s0495
OG0017990	Thhalv10019774m.g	Caamp.0076s0493, Caamp.0006s0219
OG0017991	Thhalv10018135m.g	Caamp.0076s0484, Caamp.0006s0229
OG0017992	Thhalv10018390m.g	Caamp.0006s0245
OG0017993	Thhalv10018754m.g	Caamp.0006s0248
OG0017994	Thhalv10018141m.g	Caamp.0006s0252, Caamp.0076s0465
OG0017995	Thhalv10018381m.g	Caamp.0006s0298, Caamp.0076s0424
OG0017996	Thhalv10018711m.g	Caamp.0006s0306, Caamp.0076s0415
OG0017997	Thhalv10018268m.g	Caamp.0006s0325, Caamp.0076s0395
OG0017998	Thhalv10019349m.g	Caamp.0006s0327, Caamp.0076s0393
OG0017999	Thhalv10018600m.g	Caamp.0006s0328, Caamp.0076s0392
OG0018000	Thhalv10018706m.g	Caamp.0076s0385, Caamp.0006s0336
OG0018001	Thhalv10019039m.g	Caamp.0076s0379, Caamp.0006s0341
OG0018002	Thhalv10018437m.g	Caamp.0006s0344, Caamp.0076s0377
OG0018003	Thhalv10018622m.g	Caamp.0006s0345, Caamp.0076s0376
OG0018004	Thhalv10018346m.g	Caamp.0006s0361, Caamp.0076s0358
OG0018005	Thhalv10018515m.g	Caamp.0006s0364
OG0018006	Thhalv10019380m.g	Caamp.0006s0380, Caamp.0076s0341
OG0018008	Thhalv10019464m.g	Caamp.0006s0405, Caamp.0076s0316
OG0018009	Thhalv10018549m.g	Caamp.0076s0314, Caamp.0006s0407
OG0018010	Thhalv10018499m.g	Caamp.0006s0429, Caamp.0076s0294
OG0018011	Thhalv10019277m.g	Caamp.0076s0293, Caamp.0006s0430
OG0018012	Thhalv10018506m.g	Caamp.0076s0287, Caamp.0006s0436
OG0018013	Thhalv10018603m.g	Caamp.0006s0443, Caamp.0076s0280
OG0018014	Thhalv10018766m.g	Caamp.0006s0472, Caamp.0076s0250
OG0018015	Thhalv10019669m.g	Caamp.0006s0475, Caamp.0076s0247
OG0018016	Thhalv10018347m.g	Caamp.0006s0476, Caamp.0076s0246
OG0018017	Thhalv10019571m.g	Caamp.0076s0224, Caamp.0006s0495
OG0018018	Thhalv10019346m.g	Caamp.0006s0499, Caamp.0076s0220
OG0018019	Thhalv10019704m.g	Caamp.0006s0512, Caamp.0076s0209
OG0018020	Thhalv10018617m.g	Caamp.0076s0205, Caamp.0006s0518
OG0018021	Thhalv10018692m.g	Caamp.0076s0202, Caamp.0006s0520
OG0018022	Thhalv10019138m.g	Caamp.0006s0541, Caamp.0076s0182
OG0018023	Thhalv10019311m.g	Caamp.0076s0181, Caamp.0006s0542
OG0018024	Thhalv10019625m.g	Caamp.0076s0180, Caamp.0006s0543
OG0018025	Thhalv10019854m.g	Caamp.0006s0554, Caamp.0076s0171
OG0018026	Thhalv10018044m.g	Caamp.0006s0571, Caamp.0076s0155
OG0018027	Thhalv10018557m.g	Caamp.0064s0111, Caamp.0006s0608
OG0018028	Thhalv10019101m.g	Caamp.0064s0106, Caamp.0006s0611
OG0018029	Thhalv10018356m.g	Caamp.0006s0627, Caamp.0064s0090
OG0018030	Thhalv10019302m.g	Caamp.0006s0628, Caamp.0064s0088
OG0018031	Thhalv10018334m.g	Caamp.0064s0085, Caamp.0006s0633
OG0018032	Thhalv10018797m.g	Caamp.0006s0636
OG0018033	Thhalv10018933m.g	Caamp.0006s0641, Caamp.0064s0078
OG0018034	Thhalv10019230m.g	Caamp.0006s0650
OG0018035	Thhalv10018147m.g	Caamp.0064s0060, Caamp.0006s0662
OG0018036	Thhalv10018760m.g	Caamp.0006s0665, Caamp.0064s0058
OG0018037	Thhalv10018144m.g	Caamp.0064s0055, Caamp.0006s0668
OG0018038	Thhalv10018176m.g	Caamp.0084s0008, Caamp.0006s0684
OG0018039	Thhalv10018131m.g	Caamp.0006s0689, Caamp.0084s0002
OG0018040	Thhalv10018877m.g	Caamp.0084s0001, Caamp.0006s0690
OG0018041	Thhalv10019121m.g	Caamp.0006s0694, Caamp.0064s0004
OG0018042	Thhalv10019250m.g	Caamp.0006s0696, Caamp.0064s0006
OG0018043	Thhalv10018204m.g	Caamp.0006s0701, Caamp.0064s0011
OG0018044	Thhalv10019105m.g	Caamp.0006s0717, Caamp.0064s0030
OG0018045	Thhalv10018796m.g	Caamp.0006s0720, Caamp.0064s0034
OG0018046	Thhalv10018582m.g	Caamp.0064s0037, Caamp.0006s0721
OG0018047	Thhalv10018507m.g	Caamp.0006s0725, Caamp.0084s0012
OG0018048	Thhalv10018376m.g	Caamp.0084s0018, Caamp.0006s0731
OG0018049	Thhalv10019401m.g	Caamp.0006s0738
OG0018050	Thhalv10019207m.g	Caamp.0084s0028, Caamp.0006s0741
OG0018051	Thhalv10018735m.g	Caamp.0006s0743, Caamp.0084s0030
OG0018052	Thhalv10018540m.g	Caamp.0006s0747, Caamp.0084s0033
OG0018053	Thhalv10019663m.g	Caamp.0006s0752
OG0018054	Thhalv10019779m.g	Caamp.0084s0038, Caamp.0006s0754
OG0018055	Thhalv10018611m.g	Caamp.0006s0757, Caamp.0084s0042
OG0018056	Thhalv10019155m.g	Caamp.0006s0764, Caamp.0084s0049
OG0018057	Thhalv10019690m.g	Caamp.0084s0050, Caamp.0006s0765
OG0018058	Thhalv10019227m.g	Caamp.0084s0052, Caamp.0006s0767
OG0018059	Thhalv10019654m.g	Caamp.0084s0059, Caamp.0006s0775
OG0018060	Thhalv10019282m.g	Caamp.0006s0783, Caamp.0084s0069
OG0018061	Thhalv10019547m.g	Caamp.0006s0791
OG0018062	Thhalv10018639m.g	Caamp.0006s0792
OG0018063	Thhalv10019037m.g	Caamp.0006s0800, Caamp.0084s0087
OG0018064	Thhalv10019197m.g	Caamp.0006s0804
OG0018065	Thhalv10016243m.g	Caamp.0061s0010
OG0018066	Thhalv10025497m.g	Caamp.0061s0011
OG0018067	Thhalv10026053m.g	Caamp.0061s0012
OG0018069	Thhalv10027300m.g	Caamp.0061s0048
OG0018070	Thhalv10018741m.g	Caamp.0064s0001
OG0018071	Thhalv10018150m.g	Caamp.0064s0047
OG0018072	Thhalv10019859m.g	Caamp.0064s0081
OG0018073	Thhalv10019114m.g	Caamp.0064s0144
OG0018075	Thhalv10018129m.g	Caamp.0064s0227, Caamp.0064s0304
OG0018076	Thhalv10018476m.g	Caamp.0064s0237
OG0018077	Thhalv10019218m.g	Caamp.0064s0278
OG0018078	Thhalv10003237m.g	Caamp.0064s0381
OG0018079	Thhalv10003317m.g	Caamp.0064s0401
OG0018080	Thhalv10019722m.g	Caamp.0064s0539
OG0018081	Thhalv10019529m.g	Caamp.0064s0548
OG0018082	Thhalv10019748m.g	Caamp.0064s0560
OG0018083	Thhalv10011903m.g	Caamp.0064s0572
OG0018084	Thhalv10012057m.g	Caamp.0064s0581, Caamp.0097s0356
OG0018085	Thhalv10011601m.g	Caamp.0064s0591, Caamp.0097s0347
OG0018086	Thhalv10012008m.g	Caamp.0097s0346
OG0018086	Thhalv10011973m.g	Caamp.0064s0592
OG0018087	Thhalv10012064m.g	Caamp.0064s0657, Caamp.0097s0288
OG0018088	Thhalv10011472m.g	Caamp.0064s0675
OG0018089	Thhalv10011568m.g	Caamp.0064s0768
OG0018090	Thhalv10011862m.g	Caamp.0064s0808
OG0018091	Thhalv10011253m.g	Caamp.0064s0833
OG0018092	Thhalv10011599m.g	Caamp.0064s0876
OG0018093	Thhalv10012117m.g	Caamp.0064s0882
OG0018095	Thhalv10005925m.g	Caamp.0065s0152
OG0018096	Thhalv10005832m.g	Caamp.0065s0175
OG0018097	Thhalv10006463m.g	Caamp.0065s0230
OG0018098	Thhalv10016182m.g	Caamp.0066s0059
OG0018099	Thhalv10016537m.g	Caamp.0066s0061
OG0018100	Thhalv10016997m.g	Caamp.0066s0080
OG0018101	Thhalv10016822m.g	Caamp.0066s0111
OG0018102	Thhalv10003465m.g	Caamp.0068s0001
OG0018103	Thhalv10004066m.g	Caamp.0068s0017
OG0018104	Thhalv10027952m.g	Caamp.0068s0033, Caamp.0097s0887
OG0018106	Thhalv10027701m.g	Caamp.0068s0040
OG0018108	Thhalv10009988m.g	Caamp.0007s0013
OG0018109	Thhalv10008708m.g	Caamp.0007s0081
OG0018110	Thhalv10009998m.g	Caamp.0007s0132
OG0018111	Thhalv10006954m.g	Caamp.0007s0155
OG0018112	Thhalv10009664m.g, Thhalv10009878m.g	Caamp.0007s0169
OG0018113	Thhalv10009680m.g, Thhalv10009448m.g, Thhalv10028258m.g	Caamp.0007s0185
OG0018114	Thhalv10007844m.g	Caamp.0007s0212
OG0018115	Thhalv10007838m.g	Caamp.0007s0257
OG0018116	Thhalv10006750m.g	Caamp.0007s0262
OG0018117	Thhalv10007991m.g	Caamp.0007s0290
OG0018118	Thhalv10006832m.g	Caamp.0007s0299
OG0018119	Thhalv10010025m.g	Caamp.0007s0356
OG0018120	Thhalv10008044m.g	Caamp.0007s0359
OG0018121	Thhalv10001815m.g	Caamp.0007s0377
OG0018122	Thhalv10024160m.g	Caamp.0007s0433
OG0018123	Thhalv10024020m.g	Caamp.0007s0446, Caamp.0007s0493
OG0018124	Thhalv10024056m.g	Caamp.0076s0650, Caamp.0007s0456
OG0018125	Thhalv10023373m.g	Caamp.0007s0497
OG0018126	Thhalv10023907m.g, Thhalv10023918m.g	Caamp.0007s0503
OG0018127	Thhalv10007673m.g	Caamp.0070s0063
OG0018128	Thhalv10007379m.g	Caamp.0070s0090
OG0018129	Thhalv10009236m.g	Caamp.0070s0107
OG0018130	Thhalv10007408m.g	Caamp.0071s0003
OG0018131	Thhalv10007655m.g	Caamp.0071s0042
OG0018132	Thhalv10009406m.g	Caamp.0071s0076
OG0018133	Thhalv10006601m.g	Caamp.0071s0092
OG0018134	Thhalv10008579m.g	Caamp.0071s0131
OG0018135	Thhalv10008063m.g	Caamp.0071s0147
OG0018136	Thhalv10008209m.g	Caamp.0071s0154
OG0018137	Thhalv10007458m.g	Caamp.0071s0168
OG0018138	Thhalv10007517m.g	Caamp.0071s0215
OG0018139	Thhalv10008377m.g	Caamp.0071s0219
OG0018141	Thhalv10010016m.g	Caamp.0071s0244
OG0018142	Thhalv10007713m.g	Caamp.0071s0269
OG0018143	Thhalv10013324m.g	Caamp.0076s0030
OG0018144	Thhalv10018602m.g	Caamp.0076s0091
OG0018145	Thhalv10018938m.g	Caamp.0076s0092
OG0018146	Thhalv10018753m.g	Caamp.0076s0096
OG0018147	Thhalv10019840m.g	Caamp.0076s0104
OG0018149	Thhalv10018573m.g	Caamp.0076s0219
OG0018150	Thhalv10019129m.g	Caamp.0076s0238
OG0018151	Thhalv10018586m.g	Caamp.0076s0244
OG0018152	Thhalv10019432m.g	Caamp.0076s0308
OG0018153	Thhalv10018882m.g	Caamp.0076s0310
OG0018155	Thhalv10018752m.g	Caamp.0076s0321
OG0018156	Thhalv10018430m.g	Caamp.0076s0333
OG0018157	Thhalv10018212m.g	Caamp.0076s0365
OG0018158	Thhalv10018985m.g	Caamp.0076s0383
OG0018159	Thhalv10003370m.g	Caamp.0076s0510
OG0018160	Thhalv10003283m.g	Caamp.0076s0526
OG0018161	Thhalv10003246m.g	Caamp.0076s0528
OG0018162	Thhalv10003223m.g	Caamp.0076s0541
OG0018163	Thhalv10020871m.g	Caamp.0076s0552
OG0018164	Thhalv10003385m.g	Caamp.0076s0554
OG0018165	Thhalv10003212m.g	Caamp.0076s0556
OG0018166	Thhalv10000774m.g	Caamp.0076s0574
OG0018167	Thhalv10000983m.g	Caamp.0076s0588
OG0018168	Thhalv10001122m.g	Caamp.0076s0619
OG0018169	Thhalv10026104m.g	Caamp.0076s0629
OG0018170	Thhalv10017397m.g	Caamp.0076s0630
OG0018171	Thhalv10000748m.g	Caamp.0076s0645
OG0018172	Thhalv10000922m.g	Caamp.0076s0665
OG0018173	Thhalv10000749m.g	Caamp.0076s0679
OG0018174	Thhalv10001216m.g	Caamp.0076s0680
OG0018175	Thhalv10001220m.g	Caamp.0076s0714
OG0018176	Thhalv10000804m.g	Caamp.0076s0717
OG0018177	Thhalv10000866m.g	Caamp.0076s0779
OG0018178	Thhalv10000913m.g	Caamp.0076s0783
OG0018179	Thhalv10000996m.g	Caamp.0076s0800
OG0018180	Thhalv10000905m.g	Caamp.0085s0015, Caamp.0076s0845
OG0018181	Thhalv10000835m.g	Caamp.0076s0848, Caamp.0085s0018
OG0018182	Thhalv10001176m.g	Caamp.0076s0853
OG0018183	Thhalv10001049m.g	Caamp.0076s0861, Caamp.0085s0034
OG0018184	Thhalv10000886m.g	Caamp.0076s0879
OG0018185	Thhalv10000890m.g	Caamp.0085s0054, Caamp.0076s0880
OG0018187	Thhalv10000908m.g	Caamp.0076s0914
OG0018189	Thhalv10004486m.g	Caamp.0076s0953
OG0018190	Thhalv10003932m.g	Caamp.0076s0954
OG0018191	Thhalv10005233m.g	Caamp.0077s0025, Caamp.0076s0988
OG0018193	Thhalv10003832m.g	Caamp.0076s1020
OG0018194	Thhalv10004185m.g	Caamp.0076s1030, Caamp.0077s0062
OG0018195	Thhalv10004196m.g	Caamp.0077s0064, Caamp.0076s1031
OG0018196	Thhalv10003852m.g	Caamp.0076s1035
OG0018197	Thhalv10004863m.g	Caamp.0076s1036, Caamp.0077s0068
OG0018198	Thhalv10004003m.g	Caamp.0076s1039
OG0018199	Thhalv10004149m.g	Caamp.0077s0077, Caamp.0076s1045
OG0018200	Thhalv10004114m.g	Caamp.0076s1052
OG0018201	Thhalv10004015m.g	Caamp.0076s1060, Caamp.0077s0095
OG0018202	Thhalv10005001m.g	Caamp.0076s1061
OG0018203	Thhalv10004832m.g	Caamp.0077s0090, Caamp.0076s1067
OG0018204	Thhalv10003859m.g	Caamp.0076s1085
OG0018205	Thhalv10004937m.g	Caamp.0076s1093
OG0018206	Thhalv10004726m.g	Caamp.0076s1096
OG0018207	Thhalv10005541m.g	Caamp.0076s1102
OG0018208	Thhalv10020762m.g	Caamp.0076s1172
OG0018209	Thhalv10021992m.g	Caamp.0076s1204
OG0018210	Thhalv10021467m.g	Caamp.0076s1223
OG0018211	Thhalv10022135m.g	Caamp.0076s1230
OG0018212	Thhalv10021342m.g	Caamp.0076s1231
OG0018213	Thhalv10020963m.g	Caamp.0076s1300
OG0018215	Thhalv10019876m.g	Caamp.0076s1328
OG0018217	Thhalv10021514m.g	Caamp.0076s1380
OG0018218	Thhalv10021394m.g	Caamp.0076s1381
OG0018219	Thhalv10001648m.g	Caamp.0076s1441
OG0018220	Thhalv10001370m.g	Caamp.0076s1449
OG0018221	Thhalv10017572m.g	Caamp.0076s1475
OG0018222	Thhalv10017903m.g	Caamp.0076s1521
OG0018223	Thhalv10017307m.g	Caamp.0076s1525
OG0018224	Thhalv10017217m.g	Caamp.0076s1573
OG0018225	Thhalv10016262m.g	Caamp.0076s1577
OG0018226	Thhalv10003709m.g	Caamp.0077s0082
OG0018227	Thhalv10010338m.g	Caamp.0078s0017
OG0018228	Thhalv10010648m.g	Caamp.0078s0025
OG0018229	Thhalv10010107m.g	Caamp.0078s0043
OG0018230	Thhalv10011124m.g	Caamp.0078s0105
OG0018231	Thhalv10010687m.g	Caamp.0078s0121
OG0018232	Thhalv10010419m.g	Caamp.0078s0146
OG0018233	Thhalv10010630m.g	Caamp.0095s1120, Caamp.0078s0156
OG0018234	Thhalv10010117m.g	Caamp.0078s0169
OG0018236	Thhalv10010613m.g	Caamp.0078s0190, Caamp.0095s1093
OG0018238	Thhalv10010355m.g	Caamp.0078s0201, Caamp.0095s1083
OG0018239	Thhalv10011017m.g	Caamp.0095s1080, Caamp.0078s0204
OG0018240	Thhalv10010308m.g	Caamp.0095s1073, Caamp.0078s0210
OG0018241	Thhalv10010826m.g	Caamp.0078s0228, Caamp.0095s1057
OG0018242	Thhalv10010348m.g	Caamp.0078s0239
OG0018243	Thhalv10010245m.g	Caamp.0078s0252
OG0018244	Thhalv10010764m.g	Caamp.0078s0266
OG0018245	Thhalv10010861m.g	Caamp.0095s1011, Caamp.0078s0271
OG0018246	Thhalv10010836m.g	Caamp.0095s1014, Caamp.0078s0274
OG0018247	Thhalv10010381m.g	Caamp.0078s0307, Caamp.0095s0987
OG0018248	Thhalv10010919m.g	Caamp.0095s0981, Caamp.0078s0313
OG0018249	Thhalv10011026m.g	Caamp.0078s0320, Caamp.0095s0974
OG0018250	Thhalv10011040m.g	Caamp.0078s0322
OG0018251	Thhalv10011097m.g	Caamp.0095s0969, Caamp.0078s0324
OG0018252	Thhalv10010201m.g	Caamp.0078s0330
OG0018253	Thhalv10010318m.g	Caamp.0078s0363
OG0018254	Thhalv10010582m.g	Caamp.0095s0926, Caamp.0078s0366
OG0018255	Thhalv10010161m.g	Caamp.0078s0380
OG0018257	Thhalv10010925m.g	Caamp.0078s0401
OG0018258	Thhalv10010750m.g	Caamp.0078s0409
OG0018259	Thhalv10010422m.g	Caamp.0078s0413
OG0018260	Thhalv10010949m.g	Caamp.0078s0418, Caamp.0095s0809
OG0018261	Thhalv10010778m.g	Caamp.0095s0843, Caamp.0078s0450
OG0018262	Thhalv10010174m.g	Caamp.0095s0856, Caamp.0078s0462
OG0018263	Thhalv10010814m.g	Caamp.0078s0490, Caamp.0095s0886
OG0018264	Thhalv10011019m.g	Caamp.0095s0906, Caamp.0078s0509
OG0018265	Thhalv10010874m.g	Caamp.0078s0511, Caamp.0095s0908
OG0018266	Thhalv10010120m.g	Caamp.0078s0516
OG0018267	Thhalv10010346m.g	Caamp.0078s0553
OG0018268	Thhalv10008084m.g	Caamp.0078s0588
OG0018269	Thhalv10009052m.g	Caamp.0078s0601
OG0018270	Thhalv10020077m.g	Caamp.0078s0667
OG0018271	Thhalv10020882m.g	Caamp.0078s0668
OG0018272	Thhalv10020080m.g	Caamp.0078s0677
OG0018273	Thhalv10020689m.g	Caamp.0078s0762
OG0018274	Thhalv10021409m.g	Caamp.0078s0780
OG0018275	Thhalv10020902m.g	Caamp.0078s0854
OG0018276	Thhalv10020827m.g	Caamp.0078s0968
OG0018277	Thhalv10020559m.g	Caamp.0078s0969
OG0018278	Thhalv10020574m.g	Caamp.0078s0970
OG0018279	Thhalv10018973m.g	Caamp.0078s0974
OG0018280	Thhalv10020668m.g	Caamp.0078s1010
OG0018281	Thhalv10020451m.g	Caamp.0078s1033
OG0018282	Thhalv10022049m.g	Caamp.0078s1055
OG0018283	Thhalv10021602m.g	Caamp.0078s1180
OG0018284	Thhalv10002159m.g	Caamp.0095s1311, Caamp.0079s0024
OG0018285	Thhalv10002020m.g	Caamp.0079s0033, Caamp.0095s1319
OG0018286	Thhalv10002142m.g	Caamp.0079s0061
OG0018287	Thhalv10001957m.g	Caamp.0079s0080
OG0018288	Thhalv10002078m.g	Caamp.0095s1368, Caamp.0079s0084
OG0018289	Thhalv10002053m.g	Caamp.0079s0089, Caamp.0095s1372
OG0018290	Thhalv10002095m.g	Caamp.0095s1373, Caamp.0079s0090
OG0018291	Thhalv10003892m.g	Caamp.0008s0077
OG0018292	Thhalv10005573m.g	Caamp.0008s0086
OG0018293	Thhalv10002038m.g	Caamp.0008s0130
OG0018294	Thhalv10001947m.g	Caamp.0008s0190
OG0018295	Thhalv10001955m.g	Caamp.0080s0013
OG0018296	Thhalv10022573m.g	Caamp.0080s0048
OG0018296	Thhalv10002199m.g, Thhalv10001923m.g	Caamp.0095s1285
OG0018298	Thhalv10018210m.g	Caamp.0084s0066
OG0018299	Thhalv10018951m.g	Caamp.0084s0078
OG0018300	Thhalv10000951m.g	Caamp.0085s0019
OG0018301	Thhalv10000974m.g	Caamp.0085s0049
OG0018302	Thhalv10003728m.g	Caamp.0085s0136
OG0018303	Thhalv10005480m.g	Caamp.0085s0137
OG0018304	Thhalv10026420m.g	Caamp.0094s0179, Caamp.0089s0028
OG0018305	Thhalv10003905m.g	Caamp.0009s0009
OG0018308	Thhalv10024634m.g	Caamp.0090s0007
OG0018309	Thhalv10024228m.g	Caamp.0090s0023
OG0018310	Thhalv10024792m.g	Caamp.0090s0030
OG0018311	Thhalv10027491m.g	Caamp.0090s0031
OG0018312	Thhalv10026485m.g	Caamp.0090s0036, Caamp.0095s0028
OG0018314	Thhalv10022851m.g	Caamp.0093s0016, Caamp.0095s1273
OG0018315	Thhalv10022701m.g	Caamp.0095s1269, Caamp.0093s0020
OG0018316	Thhalv10022727m.g	Caamp.0095s1268, Caamp.0093s0022
OG0018317	Thhalv10022917m.g	Caamp.0095s1266, Caamp.0093s0025
OG0018318	Thhalv10023028m.g	Caamp.0093s0041, Caamp.0095s1252
OG0018319	Thhalv10022766m.g	Caamp.0095s1235, Caamp.0093s0059
OG0018321	Thhalv10022885m.g	Caamp.0095s1234, Caamp.0093s0076
OG0018322	Thhalv10022544m.g	Caamp.0093s0084
OG0018323	Thhalv10022714m.g	Caamp.0095s1213, Caamp.0093s0088
OG0018324	Thhalv10022671m.g	Caamp.0093s0092
OG0018325	Thhalv10022618m.g	Caamp.0093s0095, Caamp.0095s1202
OG0018326	Thhalv10022783m.g	Caamp.0093s0098, Caamp.0095s1199
OG0018327	Thhalv10023187m.g	Caamp.0093s0119, Caamp.0095s1179
OG0018328	Thhalv10023189m.g, Thhalv10023144m.g	Caamp.0093s0120
OG0018329	Thhalv10022772m.g	Caamp.0095s1177, Caamp.0093s0121
OG0018330	Thhalv10022866m.g	Caamp.0093s0122, Caamp.0095s1176
OG0018331	Thhalv10022844m.g	Caamp.0095s1169, Caamp.0093s0128
OG0018332	Thhalv10022913m.g	Caamp.0093s0147, Caamp.0095s1149
OG0018333	Thhalv10023080m.g	Caamp.0095s1146, Caamp.0093s0154
OG0018334	Thhalv10022615m.g	Caamp.0094s0296, Caamp.0093s0165
OG0018335	Thhalv10023167m.g	Caamp.0093s0175
OG0018336	Thhalv10022897m.g	Caamp.0093s0181, Caamp.0095s1123
OG0018337	Thhalv10029264m.g, Thhalv10012281m.g, Thhalv10012002m.g	Caamp.0093s0185
OG0018338	Thhalv10008205m.g	Caamp.0093s0212
OG0018339	Thhalv10027228m.g, Thhalv10027421m.g, Thhalv10003300m.g, Thhalv10029099m.g	Caamp.0094s0019
OG0018340	Thhalv10024859m.g	Caamp.0094s0028
OG0018341	Thhalv10009203m.g	Caamp.0094s0069
OG0018342	Thhalv10000054m.g, Thhalv10018157m.g	Caamp.0094s0106
OG0018343	Thhalv10025687m.g	Caamp.0094s0119
OG0018344	Thhalv10025567m.g	Caamp.0094s0129
OG0018345	Thhalv10025561m.g	Caamp.0094s0131
OG0018346	Thhalv10027081m.g	Caamp.0094s0132
OG0018347	Thhalv10026340m.g	Caamp.0094s0163
OG0018348	Thhalv10024697m.g	Caamp.0094s0247
OG0018349	Thhalv10026039m.g	Caamp.0094s0297
OG0018350	Thhalv10024434m.g	Caamp.0094s0446
OG0018351	Thhalv10026018m.g	Caamp.0094s0470
OG0018352	Thhalv10026077m.g	Caamp.0094s0497
OG0018353	Thhalv10025572m.g	Caamp.0094s0573
OG0018354	Thhalv10025704m.g	Caamp.0094s0584
OG0018356	Thhalv10026176m.g	Caamp.0094s0622
OG0018357	Thhalv10027525m.g, Thhalv10027554m.g	Caamp.0094s0666
OG0018359	Thhalv10025784m.g	Caamp.0094s0698
OG0018360	Thhalv10024893m.g	Caamp.0094s0708
OG0018363	Thhalv10024769m.g	Caamp.0094s0826
OG0018365	Thhalv10027131m.g	Caamp.0094s0902
OG0018366	Thhalv10026105m.g	Caamp.0094s0904
OG0018367	Thhalv10024961m.g	Caamp.0094s0980
OG0018368	Thhalv10024987m.g	Caamp.0094s1015
OG0018369	Thhalv10024941m.g	Caamp.0094s1047
OG0018370	Thhalv10026761m.g	Caamp.0094s1086
OG0018372	Thhalv10025576m.g	Caamp.0094s1116
OG0018373	Thhalv10026100m.g	Caamp.0094s1142
OG0018374	Thhalv10027327m.g, Thhalv10026975m.g, Thhalv10026979m.g	Caamp.0095s0017
OG0018375	Thhalv10025403m.g	Caamp.0095s0020
OG0018376	Thhalv10025376m.g	Caamp.0095s0021
OG0018377	Thhalv10026794m.g, Thhalv10027358m.g	Caamp.0095s0052
OG0018378	Thhalv10027304m.g	Caamp.0097s0419, Caamp.0095s0146
OG0018379	Thhalv10026660m.g	Caamp.0097s0422, Caamp.0095s0149
OG0018380	Thhalv10023155m.g, Thhalv10000510m.g, Thhalv10028059m.g	Caamp.0095s0154
OG0018383	Thhalv10024947m.g	Caamp.0095s0172
OG0018384	Thhalv10027159m.g	Caamp.0095s0181
OG0018386	Thhalv10024195m.g	Caamp.0095s0218
OG0018387	Thhalv10025847m.g	Caamp.0095s0234
OG0018388	Thhalv10023143m.g	Caamp.0095s0265
OG0018389	Thhalv10022582m.g	Caamp.0095s0296
OG0018390	Thhalv10006208m.g	Caamp.0095s0437
OG0018391	Thhalv10005827m.g	Caamp.0095s0602
OG0018392	Thhalv10005859m.g	Caamp.0099s0127, Caamp.0095s0611
OG0018393	Thhalv10006496m.g	Caamp.0095s0615, Caamp.0099s0124
OG0018394	Thhalv10006296m.g	Caamp.0095s0616, Caamp.0099s0123
OG0018395	Thhalv10005743m.g	Caamp.0095s0621, Caamp.0099s0116
OG0018396	Thhalv10006240m.g	Caamp.0095s0647
OG0018397	Thhalv10006005m.g	Caamp.0099s0092, Caamp.0095s0649
OG0018398	Thhalv10005911m.g	Caamp.0095s0660, Caamp.0099s0078
OG0018399	Thhalv10010822m.g	Caamp.0099s0066, Caamp.0095s0672
OG0018400	Thhalv10010703m.g	Caamp.0099s0065, Caamp.0095s0673
OG0018401	Thhalv10010736m.g	Caamp.0099s0061, Caamp.0095s0677
OG0018403	Thhalv10010745m.g	Caamp.0095s0703, Caamp.0099s0030
OG0018404	Thhalv10010786m.g	Caamp.0099s0025, Caamp.0095s0708
OG0018405	Thhalv10010195m.g	Caamp.0095s0735
OG0018406	Thhalv10010534m.g	Caamp.0095s0736
OG0018407	Thhalv10010608m.g	Caamp.0095s0826
OG0018408	Thhalv10010835m.g	Caamp.0095s0844
OG0018409	Thhalv10010341m.g	Caamp.0095s0854
OG0018410	Thhalv10010528m.g	Caamp.0095s0878
OG0018411	Thhalv10023197m.g	Caamp.0095s1166
OG0018412	Thhalv10022879m.g	Caamp.0095s1216
OG0018413	Thhalv10022778m.g	Caamp.0095s1217
OG0018414	Thhalv10022764m.g	Caamp.0095s1236
OG0018417	Thhalv10002196m.g	Caamp.0095s1383
OG0018418	Thhalv10002062m.g	Caamp.0095s1384
OG0018419	Thhalv10002128m.g	Caamp.0095s1390
OG0018420	Thhalv10000154m.g	Caamp.0096s0019
OG0018421	Thhalv10000582m.g	Caamp.0096s0035
OG0018424	Thhalv10002509m.g	Caamp.0097s0029
OG0018425	Thhalv10002676m.g	Caamp.0097s0055
OG0018426	Thhalv10010542m.g	Caamp.0097s0104
OG0018427	Thhalv10002925m.g	Caamp.0097s0138
OG0018428	Thhalv10002762m.g	Caamp.0097s0192
OG0018430	Thhalv10011677m.g	Caamp.0097s0326
OG0018431	Thhalv10011683m.g	Caamp.0097s0354
OG0018432	Thhalv10011495m.g	Caamp.0097s0364
OG0018433	Thhalv10026162m.g	Caamp.0097s0381
OG0018434	Thhalv10024828m.g	Caamp.0097s0392
OG0018435	Thhalv10024835m.g	Caamp.0097s0406
OG0018437	Thhalv10027819m.g	Caamp.0097s0809, Caamp.0097s0459
OG0018438	Thhalv10025084m.g, Thhalv10027495m.g	Caamp.0097s0504
OG0018439	Thhalv10026640m.g	Caamp.0097s0553
OG0018440	Thhalv10027383m.g	Caamp.0097s0555
OG0018441	Thhalv10025081m.g	Caamp.0097s0672
OG0018442	Thhalv10025908m.g	Caamp.0097s0691
OG0018443	Thhalv10028056m.g, Thhalv10028081m.g	Caamp.0097s0771
OG0018444	Thhalv10027986m.g	Caamp.0097s0782
OG0018445	Thhalv10027622m.g	Caamp.0097s0801
OG0018446	Thhalv10027712m.g	Caamp.0097s0821
OG0018447	Thhalv10027822m.g	Caamp.0097s0826
OG0018448	Thhalv10005122m.g	Caamp.0097s0896
OG0018449	Thhalv10003545m.g	Caamp.0097s0913
OG0018450	Thhalv10005424m.g	Caamp.0097s0919
OG0018451	Thhalv10005006m.g	Caamp.0097s0921
OG0018452	Thhalv10003554m.g	Caamp.0097s0923
OG0018453	Thhalv10004354m.g	Caamp.0097s0935
OG0018455	Thhalv10003456m.g	Caamp.0097s1079
OG0018456	Thhalv10010645m.g	Caamp.0099s0041
OG0018457	Thhalv10005804m.g	Caamp.0099s0088
OG0018458	Thhalv10005987m.g	Caamp.0099s0107
OG0018565	Thhalv10000973m.g	Caamp.0001s0020
OG0018566	Thhalv10000958m.g	Caamp.0076s0809, Caamp.0001s0025
OG0018567	Thhalv10001206m.g	Caamp.0001s0058
OG0018568	Thhalv10000753m.g	Caamp.0001s0071
OG0018569	Thhalv10000878m.g	Caamp.0001s0127, Caamp.0076s0718
OG0018571	Thhalv10000765m.g	Caamp.0001s0177
OG0018575	Thhalv10024742m.g	Caamp.0001s0288
OG0018577	Thhalv10026616m.g	Caamp.0001s0323
OG0018578	Thhalv10003089m.g, Thhalv10012154m.g	Caamp.0010s0004
OG0018579	Thhalv10028756m.g	Caamp.0099s0136, Caamp.0010s0072
OG0018580	Thhalv10000150m.g	Caamp.0010s0162
OG0018581	Thhalv10000536m.g	Caamp.0010s0222
OG0018582	Thhalv10000438m.g	Caamp.0010s0281
OG0018584	Thhalv10011055m.g, Thhalv10011127m.g	Caamp.0010s0352, Caamp.0010s0343
OG0018585	Thhalv10026860m.g	Caamp.0010s0358, Caamp.0022s0027
OG0018586	Thhalv10023843m.g	Caamp.0101s0003
OG0018588	Thhalv10017781m.g	Caamp.0101s0026
OG0018589	Thhalv10017075m.g	Caamp.0101s0068
OG0018591	Thhalv10016723m.g	Caamp.0102s0036
OG0018592	Thhalv10017342m.g	Caamp.0102s0044
OG0018593	Thhalv10016637m.g	Caamp.0102s0055
OG0018594	Thhalv10016677m.g	Caamp.1031s0192, Caamp.0102s0087
OG0018595	Thhalv10016721m.g	Caamp.0102s0090
OG0018596	Thhalv10016762m.g	Caamp.1031s0174, Caamp.0102s0105
OG0018597	Thhalv10016936m.g	Caamp.1031s0170, Caamp.0102s0110
OG0018598	Thhalv10017849m.g	Caamp.1031s0165, Caamp.0102s0114
OG0018599	Thhalv10016955m.g	Caamp.0102s0115, Caamp.1031s0164
OG0018601	Thhalv10017720m.g	Caamp.0102s0158, Caamp.1031s0125
OG0018602	Thhalv10016907m.g	Caamp.0102s0166
OG0018603	Thhalv10016593m.g	Caamp.0102s0171
OG0018605	Thhalv10016292m.g	Caamp.0102s0246
OG0018606	Thhalv10017371m.g	Caamp.1031s0025, Caamp.0102s0256
OG0018607	Thhalv10016685m.g	Caamp.0102s0264, Caamp.1031s0019
OG0018608	Thhalv10016391m.g	Caamp.0102s0265, Caamp.1031s0018
OG0018609	Thhalv10017974m.g	Caamp.1031s0014, Caamp.0102s0269
OG0018610	Thhalv10016976m.g	Caamp.0102s0272
OG0018611	Thhalv10017906m.g	Caamp.1031s0012, Caamp.0102s0273
OG0018612	Thhalv10017622m.g	Caamp.0105s0778, Caamp.0102s0288
OG0018616	Thhalv10017274m.g	Caamp.0102s0461
OG0018617	Thhalv10017609m.g	Caamp.0102s0477
OG0018618	Thhalv10016925m.g	Caamp.0102s0482
OG0018619	Thhalv10017493m.g	Caamp.0105s0584, Caamp.0102s0488
OG0018621	Thhalv10017673m.g	Caamp.0102s0519
OG0018622	Thhalv10017975m.g	Caamp.0102s0526
OG0018623	Thhalv10016392m.g	Caamp.0102s0595
OG0018624	Thhalv10017039m.g	Caamp.0102s0597
OG0018626	Thhalv10017892m.g, Thhalv10027424m.g	Caamp.0102s0663
OG0018627	Thhalv10017931m.g	Caamp.0102s0690
OG0018628	Thhalv10029210m.g	Caamp.0102s0706, Caamp.0028s0237
OG0018630	Thhalv10028513m.g	Caamp.0102s0733, Caamp.0028s0211
OG0018632	Thhalv10029285m.g, Thhalv10029307m.g	Caamp.0102s0934
OG0018633	Thhalv10029269m.g, Thhalv10027357m.g	Caamp.0102s0940
OG0018634	Thhalv10027398m.g	Caamp.1027s0011
OG0018635	Thhalv10004876m.g	Caamp.1027s0023
OG0018636	Thhalv10013200m.g, Thhalv10024832m.g	Caamp.1027s0028
OG0018637	Thhalv10026464m.g	Caamp.1027s0033
OG0018638	Thhalv10025344m.g	Caamp.1027s0039
OG0018639	Thhalv10025886m.g	Caamp.1027s0043
OG0018640	Thhalv10024805m.g	Caamp.1027s0046
OG0018641	Thhalv10025944m.g	Caamp.1027s0048
OG0018643	Thhalv10025753m.g	Caamp.1027s0050
OG0018644	Thhalv10026642m.g	Caamp.0094s0010, Caamp.1027s0062
OG0018645	Thhalv10027283m.g	Caamp.0094s0023, Caamp.1027s0072
OG0018646	Thhalv10026157m.g	Caamp.0094s0034, Caamp.1027s0079
OG0018647	Thhalv10024853m.g	Caamp.0094s0041, Caamp.1027s0088
OG0018648	Thhalv10024435m.g	Caamp.1027s0096
OG0018650	Thhalv10025635m.g	Caamp.1027s0111
OG0018651	Thhalv10027184m.g	Caamp.1027s0115
OG0018652	Thhalv10025887m.g	Caamp.0094s0084, Caamp.1027s0132
OG0018653	Thhalv10025314m.g	Caamp.1027s0145, Caamp.0094s0092
OG0018654	Thhalv10025764m.g	Caamp.1027s0162
OG0018655	Thhalv10027594m.g	Caamp.1027s0174, Caamp.0094s0121
OG0018656	Thhalv10026515m.g	Caamp.1027s0176
OG0018657	Thhalv10025749m.g	Caamp.1027s0185
OG0018658	Thhalv10025540m.g	Caamp.1027s0186
OG0018660	Thhalv10025378m.g	Caamp.1027s0256
OG0018661	Thhalv10027234m.g	Caamp.1027s0257, Caamp.0094s0202
OG0018662	Thhalv10026229m.g	Caamp.1027s0265
OG0018663	Thhalv10025333m.g	Caamp.1027s0270
OG0018664	Thhalv10016530m.g	Caamp.1031s0043
OG0018665	Thhalv10017000m.g	Caamp.1031s0140
OG0018666	Thhalv10016421m.g	Caamp.1031s0260
OG0018667	Thhalv10017724m.g	Caamp.1031s0361, Caamp.0076s1610
OG0018668	Thhalv10017494m.g	Caamp.1031s0362, Caamp.0076s1609
OG0018669	Thhalv10017476m.g	Caamp.1031s0367
OG0018672	Thhalv10017799m.g	Caamp.1031s0419, Caamp.0076s1549
OG0018673	Thhalv10017150m.g	Caamp.1031s0431
OG0018674	Thhalv10017308m.g	Caamp.1031s0460
OG0018675	Thhalv10016617m.g	Caamp.1031s0475, Caamp.0076s1488
OG0018676	Thhalv10017067m.g	Caamp.1031s0485
OG0018677	Thhalv10001753m.g	Caamp.1031s0520, Caamp.0076s1440
OG0018678	Thhalv10001781m.g	Caamp.1031s0528
OG0018679	Thhalv10001353m.g	Caamp.1031s0530
OG0018680	Thhalv10001788m.g	Caamp.1031s0549
OG0018681	Thhalv10001782m.g	Caamp.1031s0596, Caamp.0018s0014
OG0018682	Thhalv10001728m.g	Caamp.1031s0607
OG0018683	Thhalv10001743m.g	Caamp.0018s0029, Caamp.1031s0608
OG0018684	Thhalv10001676m.g	Caamp.1031s0610
OG0018685	Thhalv10001354m.g	Caamp.1031s0625
OG0018686	Thhalv10001748m.g	Caamp.1031s0626
OG0018687	Thhalv10001551m.g	Caamp.1031s0636, Caamp.0018s0050
OG0018688	Thhalv10001683m.g	Caamp.1031s0638
OG0018689	Thhalv10001413m.g	Caamp.1031s0665, Caamp.0018s0081
OG0018690	Thhalv10001784m.g	Caamp.0018s0097, Caamp.1031s0681
OG0018691	Thhalv10001343m.g	Caamp.1031s0717, Caamp.0018s0138
OG0018692	Thhalv10001326m.g	Caamp.1031s0728
OG0018694	Thhalv10001382m.g	Caamp.1031s0761
OG0018695	Thhalv10001755m.g	Caamp.1031s0771, Caamp.0018s0190
OG0018696	Thhalv10001302m.g	Caamp.1031s0780
OG0018697	Thhalv10001727m.g	Caamp.1031s0798
OG0018698	Thhalv10001678m.g	Caamp.0018s0236, Caamp.1031s0812
OG0018699	Thhalv10001667m.g	Caamp.1031s0824, Caamp.0018s0247
OG0018701	Thhalv10001555m.g	Caamp.1031s0835, Caamp.0018s0260
OG0018702	Thhalv10001468m.g	Caamp.1031s0848
OG0018703	Thhalv10001629m.g	Caamp.1031s0850, Caamp.0018s0275
OG0018705	Thhalv10001616m.g	Caamp.1031s0873, Caamp.0018s0302
OG0018706	Thhalv10001657m.g	Caamp.1031s0892
OG0018707	Thhalv10001636m.g	Caamp.1031s0903
OG0018708	Thhalv10001724m.g	Caamp.0018s0342, Caamp.1031s0914
OG0018709	Thhalv10001655m.g	Caamp.1031s0939, Caamp.0018s0366
OG0018711	Thhalv10001532m.g	Caamp.1031s0942
OG0018712	Thhalv10009307m.g	Caamp.1033s0017, Caamp.0190s0136
OG0018713	Thhalv10009704m.g, Thhalv10009993m.g	Caamp.1033s0040
OG0018714	Thhalv10009471m.g	Caamp.0049s0005, Caamp.1033s0043
OG0018716	Thhalv10009293m.g	Caamp.1033s0084
OG0018718	Thhalv10007369m.g	Caamp.1033s0110
OG0018720	Thhalv10007920m.g	Caamp.1033s0212, Caamp.0037s0498
OG0018721	Thhalv10006885m.g	Caamp.1033s0214
OG0018722	Thhalv10009361m.g, Thhalv10009595m.g	Caamp.1033s0219
OG0018724	Thhalv10007668m.g	Caamp.0037s0528, Caamp.1033s0243
OG0018726	Thhalv10007371m.g	Caamp.1033s0341
OG0018727	Thhalv10009340m.g	Caamp.1033s0349
OG0018729	Thhalv10009860m.g	Caamp.1033s0366
OG0018730	Thhalv10009217m.g	Caamp.0037s0658, Caamp.1033s0373
OG0018732	Thhalv10007367m.g	Caamp.0037s0663, Caamp.1033s0382
OG0018733	Thhalv10010028m.g	Caamp.0037s0664, Caamp.1033s0383
OG0018734	Thhalv10008862m.g	Caamp.1033s0392
OG0018736	Thhalv10009719m.g	Caamp.1033s0405
OG0018737	Thhalv10009145m.g	Caamp.1033s0420
OG0018738	Thhalv10008094m.g	Caamp.1033s0424
OG0018739	Thhalv10009308m.g	Caamp.1033s0431, Caamp.0070s0103
OG0018740	Thhalv10008556m.g	Caamp.1033s0446, Caamp.0070s0091
OG0018741	Thhalv10009080m.g	Caamp.0070s0020, Caamp.1033s0526
OG0018742	Thhalv10008880m.g	Caamp.1033s0528
OG0018743	Thhalv10009450m.g	Caamp.0070s0007, Caamp.1033s0535
OG0018744	Thhalv10009590m.g	Caamp.1033s0541
OG0018747	Thhalv10009323m.g	Caamp.0007s0104, Caamp.1033s0713
OG0018750	Thhalv10009241m.g	Caamp.1033s0878, Caamp.0007s0265
OG0018753	Thhalv10008879m.g	Caamp.0007s0307, Caamp.1033s0925
OG0018754	Thhalv10009629m.g	Caamp.0007s0346, Caamp.1033s0951, Caamp.1033s0953
OG0018757	Thhalv10004510m.g	Caamp.0033s0387, Caamp.1035s0004
OG0018758	Thhalv10005646m.g	Caamp.0033s0386, Caamp.1035s0005
OG0018760	Thhalv10005384m.g	Caamp.0033s0362, Caamp.1035s0029
OG0018761	Thhalv10004294m.g	Caamp.1035s0032, Caamp.0033s0359
OG0018762	Thhalv10004693m.g	Caamp.1035s0047
OG0018763	Thhalv10005075m.g	Caamp.0033s0334, Caamp.1035s0059
OG0018764	Thhalv10005352m.g	Caamp.1035s0064, Caamp.0033s0328
OG0018765	Thhalv10003988m.g	Caamp.1035s0070
OG0018766	Thhalv10004606m.g	Caamp.1035s0072
OG0018767	Thhalv10004708m.g	Caamp.1035s0073
OG0018768	Thhalv10005698m.g	Caamp.1035s0075
OG0018769	Thhalv10004632m.g	Caamp.1035s0089, Caamp.0033s0307
OG0018770	Thhalv10005617m.g	Caamp.1035s0109
OG0018771	Thhalv10005237m.g	Caamp.0033s0272, Caamp.1035s0125
OG0018772	Thhalv10003938m.g	Caamp.0033s0270, Caamp.1035s0127
OG0018773	Thhalv10004427m.g	Caamp.0033s0268, Caamp.1035s0129
OG0018774	Thhalv10005637m.g	Caamp.0033s0255, Caamp.1035s0144
OG0018775	Thhalv10004393m.g	Caamp.1035s0163
OG0018776	Thhalv10004678m.g	Caamp.1035s0174
OG0018777	Thhalv10004484m.g	Caamp.1035s0177
OG0018778	Thhalv10004299m.g	Caamp.1035s0184, Caamp.0033s0227
OG0018779	Thhalv10004008m.g	Caamp.1035s0191
OG0018780	Thhalv10003950m.g	Caamp.0033s0118, Caamp.1035s0286
OG0018781	Thhalv10005707m.g	Caamp.0033s0114, Caamp.1035s0290
OG0018782	Thhalv10005356m.g	Caamp.1035s0299, Caamp.0033s0106
OG0018784	Thhalv10005653m.g	Caamp.1035s0317
OG0018785	Thhalv10004979m.g	Caamp.0033s0083, Caamp.1035s0318
OG0018786	Thhalv10005372m.g	Caamp.1035s0327
OG0018787	Thhalv10004122m.g	Caamp.1035s0343
OG0018788	Thhalv10004868m.g	Caamp.1035s0384, Caamp.0033s0016
OG0018789	Thhalv10004954m.g	Caamp.1035s0397
OG0018790	Thhalv10005193m.g	Caamp.0120s1011, Caamp.1035s0404
OG0018791	Thhalv10005335m.g	Caamp.1035s0406
OG0018793	Thhalv10005098m.g	Caamp.0120s0980, Caamp.1035s0441
OG0018794	Thhalv10010876m.g	Caamp.0005s0282, Caamp.1035s0446
OG0018795	Thhalv10003990m.g	Caamp.1035s0456
OG0018796	Thhalv10005323m.g	Caamp.1035s0461, Caamp.0120s0963
OG0018799	Thhalv10005601m.g	Caamp.1035s0498, Caamp.0120s0928
OG0018800	Thhalv10004931m.g	Caamp.1035s0506, Caamp.0120s0921
OG0018802	Thhalv10004187m.g	Caamp.0120s0835, Caamp.1035s0547
OG0018803	Thhalv10003948m.g	Caamp.1035s0554
OG0018804	Thhalv10005476m.g	Caamp.0120s0854, Caamp.1035s0565
OG0018805	Thhalv10005383m.g	Caamp.1035s0568, Caamp.0120s0856
OG0018806	Thhalv10003998m.g	Caamp.1035s0579
OG0018807	Thhalv10004740m.g	Caamp.1035s0612, Caamp.0120s0899
OG0018808	Thhalv10004737m.g	Caamp.1035s0614
OG0018809	Thhalv10005347m.g	Caamp.0120s0910, Caamp.1035s0624
OG0018811	Thhalv10005309m.g	Caamp.1035s0633
OG0018812	Thhalv10004306m.g	Caamp.1035s0652
OG0018813	Thhalv10004997m.g	Caamp.0120s0702, Caamp.1035s0707
OG0018814	Thhalv10004870m.g	Caamp.1035s0726, Caamp.0120s0683
OG0018815	Thhalv10005065m.g	Caamp.0120s0666, Caamp.1035s0741
OG0018816	Thhalv10005491m.g	Caamp.0120s0664, Caamp.1035s0744
OG0018817	Thhalv10011134m.g	Caamp.0097s0076, Caamp.1035s0745
OG0018818	Thhalv10005284m.g	Caamp.1035s0747
OG0018819	Thhalv10004529m.g	Caamp.1035s0753
OG0018820	Thhalv10005216m.g	Caamp.1035s0766, Caamp.0120s0644
OG0018821	Thhalv10005088m.g	Caamp.0120s0624, Caamp.1035s0783
OG0018822	Thhalv10005316m.g	Caamp.1035s0789
OG0018825	Thhalv10005538m.g	Caamp.1035s0851
OG0018826	Thhalv10005537m.g	Caamp.0120s0546, Caamp.1035s0871
OG0018827	Thhalv10005117m.g	Caamp.1035s0893
OG0018828	Thhalv10005680m.g	Caamp.1035s0956
OG0018829	Thhalv10005354m.g	Caamp.1035s0960, Caamp.0120s0456
OG0018830	Thhalv10005530m.g	Caamp.0012s0099, Caamp.1035s0989
OG0018831	Thhalv10021885m.g	Caamp.1035s1031
OG0018832	Thhalv10005180m.g	Caamp.1035s1038, Caamp.0120s0384
OG0018833	Thhalv10003921m.g	Caamp.1035s1046
OG0018834	Thhalv10004202m.g	Caamp.1035s1094
OG0018835	Thhalv10005361m.g	Caamp.1035s1120, Caamp.0120s0301
OG0018840	Thhalv10005258m.g	Caamp.1035s1255
OG0018841	Thhalv10005506m.g	Caamp.1035s1268
OG0018843	Thhalv10004274m.g	Caamp.1035s1348
OG0018844	Thhalv10004837m.g	Caamp.1035s1353
OG0018845	Thhalv10005072m.g	Caamp.1035s1363, Caamp.0120s0069
OG0018846	Thhalv10005176m.g	Caamp.0120s0060, Caamp.1035s1372
OG0018848	Thhalv10008287m.g	Caamp.1035s1409
OG0018849	Thhalv10009368m.g	Caamp.1035s1439, Caamp.0188s1023
OG0018850	Thhalv10009185m.g	Caamp.1035s1458
OG0018851	Thhalv10009107m.g	Caamp.0188s1002, Caamp.1035s1459
OG0018852	Thhalv10008776m.g	Caamp.1035s1470
OG0018853	Thhalv10008552m.g	Caamp.1035s1493, Caamp.0188s0969
OG0018854	Thhalv10027197m.g	Caamp.1035s1526, Caamp.0095s0077
OG0018856	Thhalv10014528m.g	Caamp.1036s0028
OG0018858	Thhalv10014401m.g	Caamp.1036s0037
OG0018859	Thhalv10015368m.g	Caamp.1036s0084
OG0018860	Thhalv10015581m.g	Caamp.1036s0106
OG0018861	Thhalv10013920m.g	Caamp.1036s0116
OG0018862	Thhalv10015886m.g	Caamp.1036s0124, Caamp.1037s0259
OG0018863	Thhalv10014405m.g	Caamp.1036s0154, Caamp.1037s0229
OG0018865	Thhalv10015766m.g	Caamp.1036s0222, Caamp.1041s1556
OG0018866	Thhalv10015386m.g	Caamp.1041s1540, Caamp.1036s0238
OG0018867	Thhalv10015867m.g	Caamp.1036s0239
OG0018868	Thhalv10015268m.g	Caamp.1036s0251
OG0018870	Thhalv10019187m.g	Caamp.1036s0353
OG0018872	Thhalv10019788m.g	Caamp.1036s0378
OG0018873	Thhalv10018330m.g	Caamp.1036s0415
OG0018875	Thhalv10018238m.g	Caamp.1036s0497
OG0018876	Thhalv10019420m.g	Caamp.1036s0537, Caamp.0303s1028
OG0018877	Thhalv10019343m.g	Caamp.1036s0541, Caamp.0064s0563
OG0018878	Thhalv10027447m.g	Caamp.1036s0553, Caamp.1036s0556
OG0018880	Thhalv10029074m.g	Caamp.1037s0017
OG0018881	Thhalv10029047m.g	Caamp.1037s0042
OG0018882	Thhalv10028388m.g	Caamp.1037s0050
OG0018883	Thhalv10029354m.g	Caamp.1040s0081, Caamp.1037s0069
OG0018884	Thhalv10028694m.g	Caamp.1037s0073
OG0018885	Thhalv10029236m.g	Caamp.1037s0091
OG0018886	Thhalv10029055m.g	Caamp.1037s0099, Caamp.1040s0113
OG0018887	Thhalv10028907m.g	Caamp.1040s0127, Caamp.1037s0115
OG0018888	Thhalv10028783m.g	Caamp.1040s0129, Caamp.1037s0117
OG0018889	Thhalv10029427m.g	Caamp.1037s0152
OG0018890	Thhalv10029029m.g	Caamp.1037s0157, Caamp.1040s0169
OG0018891	Thhalv10028655m.g	Caamp.1037s0174
OG0018892	Thhalv10015149m.g	Caamp.1037s0179
OG0018893	Thhalv10015976m.g	Caamp.1037s0233
OG0018894	Thhalv10013454m.g	Caamp.1037s0281
OG0018895	Thhalv10015688m.g	Caamp.1037s0287
OG0018896	Thhalv10012529m.g	Caamp.1037s0317
OG0018897	Thhalv10015120m.g	Caamp.1037s0389
OG0018898	Thhalv10016117m.g	Caamp.1037s0419, Caamp.0105s0834
OG0018899	Thhalv10015177m.g	Caamp.1037s0510, Caamp.0052s0631
OG0018900	Thhalv10013470m.g	Caamp.1037s0511, Caamp.0052s0630
OG0018901	Thhalv10015056m.g	Caamp.1037s0516, Caamp.0052s0625
OG0018903	Thhalv10013361m.g	Caamp.1037s0556
OG0018905	Thhalv10015465m.g	Caamp.1037s0618, Caamp.1040s0266
OG0018906	Thhalv10014764m.g	Caamp.1040s0286, Caamp.1037s0639
OG0018907	Thhalv10023356m.g	Caamp.1037s0667
OG0018908	Thhalv10015654m.g	Caamp.1037s0684, Caamp.1040s0333
OG0018909	Thhalv10015539m.g	Caamp.1037s0696
OG0018910	Thhalv10012505m.g	Caamp.1037s0705
OG0018911	Thhalv10013206m.g	Caamp.1037s0806
OG0018913	Thhalv10014947m.g	Caamp.1037s0813, Caamp.1040s0452
OG0018914	Thhalv10015267m.g	Caamp.1040s0456, Caamp.1037s0817
OG0018915	Thhalv10015001m.g	Caamp.1037s0824
OG0018916	Thhalv10015714m.g	Caamp.1040s0466, Caamp.1037s0829
OG0018917	Thhalv10015737m.g	Caamp.1040s0492, Caamp.1037s0844
OG0018918	Thhalv10012736m.g	Caamp.1037s0863
OG0018920	Thhalv10013285m.g	Caamp.1037s0868, Caamp.1040s0510
OG0018921	Thhalv10014688m.g	Caamp.1037s0878
OG0018922	Thhalv10014898m.g	Caamp.1040s0522, Caamp.1037s0886
OG0018924	Thhalv10012519m.g	Caamp.1037s0899
OG0018925	Thhalv10014805m.g	Caamp.1037s0903
OG0018926	Thhalv10014789m.g	Caamp.1040s0547, Caamp.1037s0911
OG0018927	Thhalv10014877m.g	Caamp.1037s0983, Caamp.1040s0618
OG0018928	Thhalv10016105m.g	Caamp.1037s0985
OG0018931	Thhalv10013114m.g	Caamp.1037s1052, Caamp.1040s0683
OG0018932	Thhalv10013847m.g	Caamp.1037s1065, Caamp.1040s0696
OG0018935	Thhalv10015661m.g	Caamp.1037s1170, Caamp.1040s0808
OG0018937	Thhalv10015134m.g	Caamp.1040s0959, Caamp.0051s0320, Caamp.1037s1288
OG0018941	Thhalv10012630m.g	Caamp.1037s1431
OG0018942	Thhalv10013701m.g, Thhalv10015331m.g	Caamp.1037s1469
OG0018943	Thhalv10015442m.g	Caamp.1040s1139, Caamp.1037s1471
OG0018944	Thhalv10014566m.g	Caamp.1037s1496, Caamp.1040s1160
OG0018945	Thhalv10015518m.g	Caamp.1037s1506
OG0018947	Thhalv10016052m.g	Caamp.1037s1561
OG0018948	Thhalv10028341m.g, Thhalv10028327m.g	Caamp.1037s1570
OG0018950	Thhalv10013203m.g	Caamp.1037s1595
OG0018951	Thhalv10015439m.g	Caamp.1037s1683, Caamp.1040s1340
OG0018955	Thhalv10012588m.g	Caamp.1037s1744
OG0018959	Thhalv10016026m.g	Caamp.1038s0067, Caamp.1041s1366
OG0018960	Thhalv10012910m.g	Caamp.1038s0166, Caamp.1041s1265
OG0018961	Thhalv10015981m.g	Caamp.1041s1241, Caamp.1038s0185
OG0018962	Thhalv10015959m.g	Caamp.1038s0204, Caamp.1041s1219
OG0018963	Thhalv10013849m.g	Caamp.1038s0208, Caamp.1041s1215
OG0018965	Thhalv10015823m.g	Caamp.1038s0253
OG0018966	Thhalv10013348m.g	Caamp.1038s0259
OG0018967	Thhalv10015000m.g	Caamp.1038s0269
OG0018969	Thhalv10015363m.g	Caamp.1038s0317
OG0018970	Thhalv10016092m.g	Caamp.1038s0325, Caamp.1041s1108
OG0018971	Thhalv10015251m.g	Caamp.1041s1098, Caamp.1038s0335
OG0018972	Thhalv10015065m.g	Caamp.1038s0368
OG0018973	Thhalv10015906m.g	Caamp.1038s0399, Caamp.1041s1032
OG0018975	Thhalv10023850m.g	Caamp.1041s0998, Caamp.1038s0431
OG0018976	Thhalv10013917m.g	Caamp.1041s0975, Caamp.1038s0451
OG0018977	Thhalv10012552m.g	Caamp.1038s0471
OG0018979	Thhalv10014787m.g	Caamp.1038s0527, Caamp.1041s0251
OG0018980	Thhalv10013204m.g	Caamp.1041s0265, Caamp.1038s0538
OG0018981	Thhalv10013838m.g	Caamp.1038s0542, Caamp.1041s0269
OG0018983	Thhalv10014467m.g	Caamp.1038s0559, Caamp.1041s0286
OG0018984	Thhalv10015590m.g	Caamp.1038s0565, Caamp.1041s0293
OG0018987	Thhalv10014248m.g	Caamp.1038s0655
OG0018988	Thhalv10015696m.g	Caamp.1038s0667, Caamp.0105s1458
OG0018989	Thhalv10013245m.g	Caamp.1038s0668
OG0018991	Thhalv10012919m.g	Caamp.1038s0686
OG0018992	Thhalv10016087m.g	Caamp.1038s0716, Caamp.0105s1501
OG0018994	Thhalv10015420m.g	Caamp.1038s0749, Caamp.0105s1534
OG0018995	Thhalv10014433m.g	Caamp.1038s0753
OG0018996	Thhalv10013295m.g	Caamp.1038s0768
OG0018997	Thhalv10012879m.g	Caamp.1038s0802
OG0018998	Thhalv10013570m.g	Caamp.1038s0823
OG0018999	Thhalv10015259m.g	Caamp.1038s0827
OG0019000	Thhalv10012664m.g	Caamp.1038s0830
OG0019001	Thhalv10015637m.g	Caamp.1038s0837, Caamp.0105s1624
OG0019002	Thhalv10013255m.g	Caamp.1038s0869
OG0019003	Thhalv10013565m.g	Caamp.0105s1665, Caamp.1038s0877
OG0019004	Thhalv10014546m.g	Caamp.1038s0896
OG0019005	Thhalv10015526m.g	Caamp.0105s1700, Caamp.1038s0917
OG0019006	Thhalv10016002m.g	Caamp.1038s0930
OG0019007	Thhalv10015130m.g	Caamp.1038s0953
OG0019008	Thhalv10013966m.g	Caamp.1038s0964, Caamp.0105s1760
OG0019009	Thhalv10015733m.g	Caamp.1038s0965, Caamp.0105s1761
OG0019010	Thhalv10014790m.g	Caamp.0105s1765, Caamp.1038s0967
OG0019011	Thhalv10014610m.g	Caamp.1038s0984
OG0019012	Thhalv10013665m.g	Caamp.0105s1812, Caamp.1038s0989
OG0019014	Thhalv10016079m.g	Caamp.0105s1871, Caamp.1038s1011
OG0019015	Thhalv10011120m.g	Caamp.1038s1021
OG0019016	Thhalv10014890m.g	Caamp.1038s1026
OG0019017	Thhalv10014568m.g	Caamp.1038s1031
OG0019018	Thhalv10013453m.g	Caamp.1038s1049
OG0019019	Thhalv10014228m.g	Caamp.0105s1831, Caamp.1038s1054
OG0019020	Thhalv10014474m.g	Caamp.1038s1074, Caamp.0105s1890
OG0019021	Thhalv10015459m.g	Caamp.1038s1077
OG0019022	Thhalv10015070m.g	Caamp.1038s1086
OG0019023	Thhalv10012778m.g	Caamp.1038s1107
OG0019024	Thhalv10015593m.g	Caamp.1038s1113
OG0019025	Thhalv10013364m.g	Caamp.1038s1119, Caamp.0105s1797
OG0019026	Thhalv10014869m.g	Caamp.1038s1124
OG0019027	Thhalv10016075m.g	Caamp.1038s1130
OG0019028	Thhalv10013404m.g	Caamp.1038s1140
OG0019029	Thhalv10012920m.g	Caamp.1038s1158
OG0019030	Thhalv10016020m.g	Caamp.1038s1159
OG0019032	Thhalv10015799m.g	Caamp.0105s1966, Caamp.1038s1177
OG0019033	Thhalv10014626m.g	Caamp.0105s1975, Caamp.1038s1187
OG0019034	Thhalv10000193m.g	Caamp.1039s0010
OG0019036	Thhalv10000294m.g	Caamp.1039s0021, Caamp.0059s0100
OG0019037	Thhalv10000371m.g	Caamp.0059s0098, Caamp.1039s0023
OG0019038	Thhalv10000125m.g, Thhalv10022170m.g	Caamp.1039s0047
OG0019039	Thhalv10000331m.g	Caamp.1039s0081, Caamp.0059s0038
OG0019040	Thhalv10000297m.g	Caamp.0059s0032, Caamp.1039s0089
OG0019042	Thhalv10000404m.g	Caamp.1039s0096, Caamp.0059s0027
OG0019043	Thhalv10000152m.g	Caamp.1039s0129
OG0019044	Thhalv10000305m.g	Caamp.0096s0011, Caamp.1039s0130
OG0019045	Thhalv10000004m.g	Caamp.1039s0140
OG0019046	Thhalv10000717m.g	Caamp.1039s0172, Caamp.0096s0046
OG0019048	Thhalv10000384m.g	Caamp.1039s0223
OG0019050	Thhalv10000205m.g	Caamp.1039s0317
OG0019051	Thhalv10000579m.g, Thhalv10000097m.g, Thhalv10000028m.g	Caamp.1039s0330
OG0019052	Thhalv10000575m.g	Caamp.1039s0379
OG0019054	Thhalv10000227m.g	Caamp.1039s0391
OG0019058	Thhalv10005874m.g	Caamp.0095s0608, Caamp.1039s0453
OG0019059	Thhalv10006438m.g	Caamp.0095s0607, Caamp.1039s0454
OG0019060	Thhalv10020282m.g	Caamp.1039s0473
OG0019061	Thhalv10020961m.g	Caamp.1039s0480, Caamp.0078s1092
OG0019063	Thhalv10020629m.g	Caamp.0076s1314, Caamp.1039s0662
OG0019065	Thhalv10022044m.g	Caamp.1039s0675
OG0019067	Thhalv10021047m.g	Caamp.1039s0696
OG0019068	Thhalv10021889m.g	Caamp.1039s0774, Caamp.0105s0040
OG0019070	Thhalv10020773m.g	Caamp.1039s0820
OG0019071	Thhalv10021190m.g	Caamp.1039s0834
OG0019073	Thhalv10022084m.g	Caamp.0051s0189, Caamp.1039s0924
OG0019074	Thhalv10020596m.g	Caamp.1039s0967, Caamp.0051s0233
OG0019075	Thhalv10021029m.g	Caamp.1039s0977
OG0019076	Thhalv10022101m.g	Caamp.1039s1023
OG0019078	Thhalv10022327m.g	Caamp.0051s0297, Caamp.1039s1033
OG0019080	Thhalv10020683m.g	Caamp.1039s1085, Caamp.0051s0346
OG0019082	Thhalv10021791m.g	Caamp.1039s1206, Caamp.0053s0058
OG0019083	Thhalv10021639m.g	Caamp.1039s1237
OG0019084	Thhalv10021235m.g	Caamp.1039s1364
OG0019086	Thhalv10020787m.g	Caamp.1039s1449
OG0019090	Thhalv10015279m.g	Caamp.1039s1570, Caamp.0026s0017
OG0019094	Thhalv10028634m.g	Caamp.1040s0008
OG0019095	Thhalv10028458m.g	Caamp.1040s0029
OG0019096	Thhalv10028646m.g	Caamp.1040s0050
OG0019097	Thhalv10028798m.g	Caamp.1040s0054
OG0019098	Thhalv10028554m.g	Caamp.1040s0178
OG0019100	Thhalv10028425m.g	Caamp.1041s1586, Caamp.1040s0200
OG0019101	Thhalv10014031m.g	Caamp.1040s0305
OG0019102	Thhalv10015987m.g	Caamp.1040s0364
OG0019103	Thhalv10014376m.g	Caamp.1040s0373
OG0019106	Thhalv10015909m.g	Caamp.1040s0508
OG0019107	Thhalv10015986m.g	Caamp.1040s0709
OG0019108	Thhalv10015484m.g	Caamp.1040s0750
OG0019109	Thhalv10014952m.g	Caamp.1040s0771
OG0019110	Thhalv10012692m.g	Caamp.1040s0804
OG0019113	Thhalv10015357m.g	Caamp.1040s1053
OG0019114	Thhalv10014103m.g	Caamp.1040s1096
OG0019117	Thhalv10014551m.g	Caamp.1040s1138
OG0019118	Thhalv10013484m.g	Caamp.1040s1148
OG0019119	Thhalv10016028m.g	Caamp.1040s1170
OG0019123	Thhalv10013770m.g	Caamp.1040s1358
OG0019125	Thhalv10017660m.g, Thhalv10017193m.g	Caamp.1040s1439
OG0019127	Thhalv10026457m.g	Caamp.1041s0004
OG0019128	Thhalv10027784m.g	Caamp.1041s0018
OG0019129	Thhalv10027765m.g	Caamp.1041s0022
OG0019130	Thhalv10027946m.g	Caamp.0044s0034, Caamp.1041s0046
OG0019131	Thhalv10027773m.g	Caamp.1041s0055
OG0019132	Thhalv10027673m.g	Caamp.1041s0085
OG0019133	Thhalv10028170m.g, Thhalv10027295m.g	Caamp.1041s0091
OG0019135	Thhalv10027883m.g	Caamp.1041s0116
OG0019138	Thhalv10027830m.g	Caamp.1041s0177
OG0019139	Thhalv10028055m.g	Caamp.0044s0161, Caamp.1041s0180
OG0019140	Thhalv10027705m.g	Caamp.1041s0184
OG0019143	Thhalv10028245m.g	Caamp.1041s0204, Caamp.0044s0185
OG0019144	Thhalv10027713m.g	Caamp.1041s0217, Caamp.0044s0196
OG0019145	Thhalv10028098m.g	Caamp.1041s0228, Caamp.0044s0208
OG0019146	Thhalv10013789m.g	Caamp.1041s0255
OG0019147	Thhalv10013749m.g	Caamp.1041s0256
OG0019149	Thhalv10012480m.g	Caamp.1041s0284
OG0019150	Thhalv10013089m.g	Caamp.1041s0292
OG0019151	Thhalv10027570m.g	Caamp.0094s0734, Caamp.1041s0328
OG0019152	Thhalv10026012m.g	Caamp.1041s0344
OG0019153	Thhalv10026542m.g	Caamp.0094s0776, Caamp.1041s0365
OG0019154	Thhalv10027257m.g	Caamp.0094s0780, Caamp.1041s0370
OG0019155	Thhalv10027209m.g	Caamp.0094s0825, Caamp.1041s0413
OG0019156	Thhalv10026023m.g	Caamp.0094s0834, Caamp.1041s0425
OG0019157	Thhalv10027387m.g	Caamp.1041s0441
OG0019158	Thhalv10027526m.g	Caamp.1041s0442
OG0019159	Thhalv10026388m.g, Thhalv10027213m.g	Caamp.1041s0456
OG0019160	Thhalv10025251m.g	Caamp.1041s0460
OG0019161	Thhalv10027502m.g	Caamp.1041s0461
OG0019162	Thhalv10025026m.g	Caamp.1041s0477
OG0019163	Thhalv10026995m.g	Caamp.1041s0487, Caamp.0094s0897
OG0019164	Thhalv10026920m.g	Caamp.1041s0494
OG0019165	Thhalv10026148m.g	Caamp.1041s0523
OG0019166	Thhalv10026099m.g	Caamp.1041s0532
OG0019167	Thhalv10027052m.g	Caamp.1041s0566
OG0019169	Thhalv10027026m.g	Caamp.1041s0606
OG0019170	Thhalv10027289m.g	Caamp.1041s0630
OG0019172	Thhalv10011396m.g	Caamp.1041s0656
OG0019174	Thhalv10011462m.g	Caamp.1041s0687
OG0019175	Thhalv10011727m.g, Thhalv10012273m.g	Caamp.1041s0706
OG0019179	Thhalv10027659m.g	Caamp.1041s0859
OG0019180	Thhalv10015646m.g	Caamp.1041s0907
OG0019181	Thhalv10015828m.g	Caamp.1041s0934
OG0019182	Thhalv10015336m.g	Caamp.1041s0940
OG0019183	Thhalv10014638m.g	Caamp.1041s0944
OG0019185	Thhalv10014586m.g	Caamp.1041s0964
OG0019186	Thhalv10016057m.g	Caamp.1041s1106
OG0019187	Thhalv10016060m.g	Caamp.1041s1114
OG0019188	Thhalv10015476m.g	Caamp.1041s1242
OG0019189	Thhalv10013835m.g	Caamp.1041s1246
OG0019190	Thhalv10014788m.g	Caamp.1041s1257
OG0019191	Thhalv10015781m.g	Caamp.1041s1342
OG0019192	Thhalv10013476m.g	Caamp.1041s1488
OG0019193	Thhalv10028945m.g	Caamp.1041s1719
OG0019194	Thhalv10028782m.g	Caamp.0052s0426, Caamp.1041s1748
OG0019195	Thhalv10029189m.g	Caamp.1041s1775, Caamp.0052s0388
OG0019198	Thhalv10029284m.g	Caamp.1041s1799
OG0019202	Thhalv10011641m.g	Caamp.1041s1904
OG0019203	Thhalv10011776m.g	Caamp.1041s1937
OG0019205	Thhalv10004496m.g	Caamp.1041s1970
OG0019206	Thhalv10005479m.g	Caamp.0033s0408, Caamp.1041s1985
OG0019207	Thhalv10004249m.g	Caamp.1041s1992, Caamp.0033s0417
OG0019208	Thhalv10005185m.g	Caamp.0033s0431, Caamp.1041s2004
OG0019209	Thhalv10003695m.g	Caamp.1041s2023
OG0019210	Thhalv10021266m.g	Caamp.0105s0016
OG0019211	Thhalv10017776m.g	Caamp.0105s0085
OG0019212	Thhalv10017743m.g	Caamp.0105s0090, Caamp.0105s0098
OG0019214	Thhalv10017782m.g	Caamp.0105s0153
OG0019216	Thhalv10017922m.g	Caamp.0105s0220, Caamp.0013s0219
OG0019217	Thhalv10017436m.g	Caamp.0013s0192, Caamp.0105s0240
OG0019221	Thhalv10017728m.g	Caamp.0105s0336
OG0019222	Thhalv10017461m.g	Caamp.0105s0418
OG0019223	Thhalv10017362m.g	Caamp.0105s0432
OG0019224	Thhalv10016947m.g	Caamp.0105s0433
OG0019225	Thhalv10017803m.g	Caamp.0105s0490
OG0019226	Thhalv10017432m.g	Caamp.0105s0554
OG0019227	Thhalv10017598m.g	Caamp.0105s0580
OG0019228	Thhalv10017839m.g	Caamp.0105s0586
OG0019229	Thhalv10016644m.g	Caamp.0105s0660
OG0019230	Thhalv10017177m.g	Caamp.0105s0774
OG0019231	Thhalv10013420m.g	Caamp.0105s0795
OG0019232	Thhalv10013774m.g	Caamp.0105s0830
OG0019233	Thhalv10015114m.g	Caamp.0105s0862
OG0019235	Thhalv10027307m.g	Caamp.0105s0925, Caamp.0094s0260
OG0019236	Thhalv10026441m.g	Caamp.0105s0939, Caamp.0094s0276
OG0019238	Thhalv10026337m.g	Caamp.0105s0984
OG0019239	Thhalv10027241m.g	Caamp.0094s0333, Caamp.0105s0988
OG0019240	Thhalv10027140m.g	Caamp.0105s0990, Caamp.0105s0991, Caamp.0094s0336
OG0019241	Thhalv10023161m.g, Thhalv10026068m.g	Caamp.0105s0994
OG0019242	Thhalv10025792m.g	Caamp.0105s1000
OG0019243	Thhalv10027037m.g	Caamp.0105s1005
OG0019244	Thhalv10025703m.g	Caamp.0094s0364, Caamp.0105s1020
OG0019245	Thhalv10025022m.g	Caamp.0105s1129
OG0019246	Thhalv10024844m.g	Caamp.0094s0474, Caamp.0105s1130
OG0019248	Thhalv10025133m.g	Caamp.0105s1144
OG0019249	Thhalv10024935m.g	Caamp.0105s1145
OG0019250	Thhalv10025048m.g	Caamp.0105s1146
OG0019251	Thhalv10025203m.g	Caamp.0105s1160
OG0019252	Thhalv10027595m.g	Caamp.0105s1181
OG0019253	Thhalv10025682m.g	Caamp.0105s1202, Caamp.0094s0541
OG0019254	Thhalv10025266m.g	Caamp.0094s0542, Caamp.0105s1203
OG0019256	Thhalv10025398m.g	Caamp.0105s1333, Caamp.0094s0676
OG0019257	Thhalv10026852m.g	Caamp.0105s1345
OG0019258	Thhalv10025532m.g	Caamp.0105s1346
OG0019259	Thhalv10024264m.g	Caamp.0105s1347
OG0019260	Thhalv10015579m.g, Thhalv10014500m.g	Caamp.0105s1393
OG0019261	Thhalv10015492m.g	Caamp.0105s1397
OG0019263	Thhalv10015126m.g	Caamp.0105s1425
OG0019264	Thhalv10013732m.g	Caamp.0105s1438
OG0019265	Thhalv10015938m.g	Caamp.0105s1445
OG0019267	Thhalv10012568m.g	Caamp.0105s1477
OG0019268	Thhalv10013326m.g	Caamp.0105s1497
OG0019269	Thhalv10013532m.g	Caamp.0105s1508
OG0019270	Thhalv10013662m.g	Caamp.0105s1519
OG0019271	Thhalv10014946m.g	Caamp.0105s1598
OG0019272	Thhalv10015988m.g, Thhalv10015547m.g	Caamp.0105s1719
OG0019273	Thhalv10013969m.g	Caamp.0105s1735
OG0019274	Thhalv10012679m.g	Caamp.0105s1752
OG0019275	Thhalv10002994m.g, Thhalv10002986m.g, Thhalv10002720m.g	Caamp.0105s1759
OG0019276	Thhalv10014552m.g	Caamp.0105s1763
OG0019277	Thhalv10015725m.g	Caamp.0105s1764
OG0019278	Thhalv10015743m.g	Caamp.0105s1858
OG0019279	Thhalv10013300m.g	Caamp.0105s1878
OG0019283	Thhalv10024152m.g	Caamp.0011s0125
OG0019285	Thhalv10023396m.g	Caamp.0011s0164
OG0019287	Thhalv10023775m.g	Caamp.0011s0225
OG0019289	Thhalv10023100m.g	Caamp.0110s0007
OG0019291	Thhalv10001270m.g	Caamp.0110s0030
OG0019292	Thhalv10029166m.g	Caamp.0110s0045
OG0019293	Thhalv10023004m.g	Caamp.0110s0051
OG0019295	Thhalv10001258m.g	Caamp.0110s0069, Caamp.0110s0070
OG0019299	Thhalv10028638m.g	Caamp.0012s0001
OG0019303	Thhalv10005515m.g	Caamp.0076s1083, Caamp.0120s0008
OG0019304	Thhalv10005000m.g	Caamp.0120s0032
OG0019305	Thhalv10005200m.g	Caamp.0076s1130, Caamp.0120s0043
OG0019307	Thhalv10004966m.g	Caamp.0120s0134
OG0019308	Thhalv10005332m.g	Caamp.0120s0175
OG0019309	Thhalv10004828m.g	Caamp.0120s0195
OG0019310	Thhalv10004661m.g	Caamp.0120s0273
OG0019311	Thhalv10004599m.g	Caamp.0120s0282
OG0019312	Thhalv10005658m.g	Caamp.0120s0319
OG0019314	Thhalv10005300m.g	Caamp.0120s0439
OG0019315	Thhalv10004159m.g	Caamp.0120s0460
OG0019316	Thhalv10003721m.g	Caamp.0120s0622
OG0019318	Thhalv10005510m.g	Caamp.0120s0663
OG0019319	Thhalv10004452m.g	Caamp.0120s0720
OG0019320	Thhalv10004164m.g	Caamp.0120s0729
OG0019321	Thhalv10004004m.g	Caamp.0120s0763
OG0019322	Thhalv10005240m.g	Caamp.0120s0777
OG0019323	Thhalv10004042m.g	Caamp.0120s0796
OG0019324	Thhalv10004675m.g	Caamp.0120s0825
OG0019325	Thhalv10004218m.g	Caamp.0120s0842
OG0019327	Thhalv10005330m.g	Caamp.0120s0975
OG0019330	Thhalv10004705m.g	Caamp.0120s1014
OG0019331	Thhalv10004841m.g	Caamp.0120s1017
OG0019334	Thhalv10017766m.g	Caamp.0013s0013
OG0019341	Thhalv10016291m.g	Caamp.0013s0190
OG0019342	Thhalv10017383m.g	Caamp.0013s0193
OG0019343	Thhalv10016004m.g, Thhalv10007816m.g	Caamp.0013s0323
OG0019352	Thhalv10023749m.g	Caamp.0015s0003, Caamp.0007s0411
OG0019353	Thhalv10024015m.g	Caamp.0015s0015, Caamp.0054s0100
OG0019354	Thhalv10023854m.g	Caamp.0015s0042
OG0019355	Thhalv10024035m.g	Caamp.0015s0046, Caamp.0054s0059
OG0019356	Thhalv10023990m.g	Caamp.0015s0070
OG0019358	Thhalv10023404m.g	Caamp.0015s0124
OG0019359	Thhalv10023576m.g	Caamp.0015s0126
OG0019363	Thhalv10023801m.g	Caamp.0015s0258
OG0019364	Thhalv10023815m.g	Caamp.0015s0265
OG0019365	Thhalv10023639m.g	Caamp.0015s0269
OG0019366	Thhalv10023694m.g	Caamp.0015s0283
OG0019367	Thhalv10024108m.g	Caamp.0015s0287, Caamp.0303s1216
OG0019368	Thhalv10023291m.g	Caamp.0303s1213, Caamp.0015s0290
OG0019369	Thhalv10023256m.g	Caamp.0015s0304
OG0019371	Thhalv10023268m.g	Caamp.0015s0322, Caamp.0303s1186
OG0019373	Thhalv10023229m.g	Caamp.0303s1138, Caamp.0015s0360
OG0019374	Thhalv10023358m.g	Caamp.0015s0371, Caamp.0303s1127
OG0019377	Thhalv10017898m.g	Caamp.0159s0023
OG0019379	Thhalv10015057m.g, Thhalv10015096m.g	Caamp.0016s0050
OG0019380	Thhalv10019385m.g	Caamp.0016s0063, Caamp.0016s0066
OG0019381	Thhalv10024356m.g	Caamp.0016s0070
OG0019389	Thhalv10001410m.g	Caamp.0018s0055
OG0019390	Thhalv10001768m.g	Caamp.0007s0403, Caamp.0018s0068
OG0019391	Thhalv10001725m.g	Caamp.0018s0073
OG0019392	Thhalv10001582m.g	Caamp.0018s0088
OG0019393	Thhalv10023655m.g	Caamp.0018s0094
OG0019394	Thhalv10001365m.g	Caamp.0018s0228
OG0019395	Thhalv10001577m.g	Caamp.0018s0263
OG0019397	Thhalv10001290m.g	Caamp.0018s0332
OG0019398	Thhalv10001776m.g	Caamp.0018s0345
OG0019399	Thhalv10021865m.g	Caamp.0188s0016
OG0019400	Thhalv10021987m.g	Caamp.0188s0017
OG0019401	Thhalv10022262m.g	Caamp.0188s0020
OG0019402	Thhalv10021726m.g	Caamp.0214s0861, Caamp.0188s0023
OG0019403	Thhalv10006658m.g	Caamp.0188s0047
OG0019404	Thhalv10008666m.g	Caamp.0052s0092, Caamp.0188s0055
OG0019405	Thhalv10009592m.g	Caamp.0052s0154, Caamp.0188s0113
OG0019406	Thhalv10007968m.g	Caamp.0188s0116
OG0019407	Thhalv10009383m.g	Caamp.0188s0179
OG0019407	Thhalv10027057m.g	Caamp.0071s0199
OG0019409	Thhalv10007956m.g	Caamp.0188s0288
OG0019410	Thhalv10007260m.g	Caamp.0188s0304
OG0019412	Thhalv10009498m.g	Caamp.0188s0372
OG0019413	Thhalv10007116m.g	Caamp.0188s0394
OG0019414	Thhalv10008615m.g	Caamp.0188s0429
OG0019415	Thhalv10009891m.g	Caamp.0188s0461, Caamp.0071s0091
OG0019418	Thhalv10008453m.g	Caamp.0188s0520, Caamp.0071s0024
OG0019419	Thhalv10009872m.g	Caamp.0188s0531
OG0019420	Thhalv10009661m.g	Caamp.0040s0009, Caamp.0188s0548
OG0019422	Thhalv10008074m.g	Caamp.0188s0629
OG0019424	Thhalv10010015m.g	Caamp.0040s0156, Caamp.0188s0688
OG0019426	Thhalv10009082m.g	Caamp.0188s0756
OG0019427	Thhalv10008057m.g	Caamp.0188s0775
OG0019428	Thhalv10008116m.g	Caamp.0188s0794, Caamp.0056s0131
OG0019429	Thhalv10007007m.g	Caamp.0188s0824, Caamp.0056s0107
OG0019431	Thhalv10009113m.g	Caamp.0188s0837
OG0019433	Thhalv10007965m.g	Caamp.0188s0846
OG0019435	Thhalv10009418m.g	Caamp.0188s0869, Caamp.0056s0055
OG0019436	Thhalv10006667m.g	Caamp.0188s0889
OG0019437	Thhalv10006861m.g	Caamp.0188s0893, Caamp.0056s0033
OG0019439	Thhalv10006882m.g	Caamp.0188s0902
OG0019440	Thhalv10008774m.g	Caamp.0188s0906
OG0019441	Thhalv10006994m.g	Caamp.0188s0908
OG0019442	Thhalv10008830m.g	Caamp.0188s0920
OG0019443	Thhalv10007884m.g	Caamp.0188s0921
OG0019444	Thhalv10007808m.g	Caamp.0188s0924
OG0019446	Thhalv10007707m.g	Caamp.0188s0946
OG0019447	Thhalv10007898m.g	Caamp.0188s0956
OG0019448	Thhalv10007330m.g	Caamp.0188s0960
OG0019449	Thhalv10008452m.g	Caamp.0188s1046
OG0019450	Thhalv10007769m.g	Caamp.0188s1048
OG0019451	Thhalv10008629m.g	Caamp.0275s0087, Caamp.0188s1087
OG0019452	Thhalv10009686m.g	Caamp.0188s1098
OG0019453	Thhalv10009011m.g	Caamp.0188s1102
OG0019455	Thhalv10009599m.g	Caamp.0275s0056, Caamp.0188s1123
OG0019456	Thhalv10007725m.g	Caamp.0188s1128
OG0019457	Thhalv10007047m.g	Caamp.0188s1129
OG0019458	Thhalv10008101m.g	Caamp.0275s0039, Caamp.0188s1135
OG0019459	Thhalv10009894m.g	Caamp.0275s0027, Caamp.0188s1146
OG0019461	Thhalv10007776m.g	Caamp.0190s0009
OG0019462	Thhalv10027501m.g	Caamp.0190s0261
OG0019464	Thhalv10027587m.g	Caamp.0190s0330, Caamp.0094s1139
OG0019466	Thhalv10024446m.g	Caamp.0190s0357
OG0019467	Thhalv10026750m.g	Caamp.0190s0374
OG0019468	Thhalv10026121m.g	Caamp.0190s0393
OG0019470	Thhalv10001167m.g	Caamp.0190s0415
OG0019473	Thhalv10024265m.g	Caamp.0003s0106, Caamp.0190s0473
OG0019474	Thhalv10027405m.g	Caamp.0190s0477
OG0019475	Thhalv10025080m.g	Caamp.0190s0483
OG0019476	Thhalv10027349m.g	Caamp.0190s0488
OG0019477	Thhalv10026135m.g	Caamp.0190s0534
OG0019478	Thhalv10027469m.g	Caamp.0190s0536
OG0019479	Thhalv10026466m.g	Caamp.0190s0555
OG0019480	Thhalv10026287m.g	Caamp.0190s0634
OG0019483	Thhalv10026009m.g	Caamp.0190s0753
OG0019484	Thhalv10026853m.g	Caamp.0190s0826
OG0019485	Thhalv10025811m.g	Caamp.0190s0857
OG0019486	Thhalv10025914m.g	Caamp.0190s0861
OG0019487	Thhalv10026066m.g	Caamp.0190s0877
OG0019488	Thhalv10027426m.g	Caamp.0190s0903
OG0019489	Thhalv10017655m.g	Caamp.0190s0931
OG0019490	Thhalv10027261m.g	Caamp.0190s0932, Caamp.0003s0542
OG0019491	Thhalv10027430m.g	Caamp.0003s0564, Caamp.0190s0957
OG0019492	Thhalv10026756m.g	Caamp.0190s0984
OG0019494	Thhalv10025163m.g	Caamp.0190s1019
OG0019495	Thhalv10026426m.g	Caamp.0190s1020
OG0019496	Thhalv10026969m.g	Caamp.0190s1033, Caamp.0003s0632
OG0019497	Thhalv10027225m.g	Caamp.0190s1091, Caamp.0003s0688
OG0019500	Thhalv10001129m.g	Caamp.0190s1146
OG0019502	Thhalv10022548m.g	Caamp.0190s1259
OG0019508	Thhalv10019325m.g	Caamp.0002s0053
OG0019510	Thhalv10018188m.g	Caamp.0002s0109
OG0019512	Thhalv10019362m.g	Caamp.0002s0159
OG0019516	Thhalv10018111m.g	Caamp.0002s0300
OG0019517	Thhalv10019221m.g	Caamp.0002s0315
OG0019518	Thhalv10018809m.g	Caamp.0002s0317
OG0019519	Thhalv10019159m.g	Caamp.0002s0320
OG0019520	Thhalv10019537m.g	Caamp.0002s0322
OG0019521	Thhalv10019246m.g	Caamp.0064s0547, Caamp.0002s0360
OG0019526	Thhalv10022117m.g	Caamp.0214s0059
OG0019527	Thhalv10020407m.g	Caamp.0214s0066
OG0019528	Thhalv10022372m.g	Caamp.0214s0093, Caamp.0078s0880
OG0019529	Thhalv10022345m.g	Caamp.0214s0116
OG0019530	Thhalv10021857m.g	Caamp.0214s0119, Caamp.0078s0856
OG0019531	Thhalv10021626m.g	Caamp.0214s0122, Caamp.0078s0851
OG0019532	Thhalv10021649m.g	Caamp.0214s0134
OG0019535	Thhalv10021472m.g	Caamp.0214s0191
OG0019536	Thhalv10020222m.g	Caamp.0214s0203, Caamp.0078s0771
OG0019537	Thhalv10020705m.g	Caamp.0078s0709, Caamp.0214s0261
OG0019538	Thhalv10021192m.g	Caamp.0078s0705, Caamp.0214s0263
OG0019539	Thhalv10021897m.g	Caamp.0214s0329, Caamp.0078s0637
OG0019540	Thhalv10021010m.g	Caamp.0078s0625, Caamp.0214s0340
OG0019542	Thhalv10021607m.g	Caamp.0214s0374, Caamp.0303s0027
OG0019543	Thhalv10020779m.g	Caamp.0214s0417
OG0019544	Thhalv10021629m.g	Caamp.0214s0427
OG0019545	Thhalv10022344m.g, Thhalv10010882m.g	Caamp.0214s0442
OG0019546	Thhalv10021183m.g	Caamp.0214s0457, Caamp.0303s0110
OG0019547	Thhalv10021539m.g	Caamp.0214s0462, Caamp.0303s0115
OG0019548	Thhalv10028286m.g, Thhalv10022244m.g	Caamp.0214s0486, Caamp.0303s0142
OG0019549	Thhalv10021289m.g	Caamp.0214s0499
OG0019550	Thhalv10020270m.g	Caamp.0214s0513
OG0019551	Thhalv10022134m.g	Caamp.0214s0519
OG0019552	Thhalv10021930m.g	Caamp.0214s0527
OG0019553	Thhalv10022016m.g	Caamp.0214s0542
OG0019554	Thhalv10021439m.g	Caamp.0214s0543
OG0019555	Thhalv10021594m.g	Caamp.0303s0202, Caamp.0214s0544
OG0019556	Thhalv10020724m.g	Caamp.0214s0546, Caamp.0303s0204
OG0019557	Thhalv10021425m.g	Caamp.0214s0550
OG0019558	Thhalv10029410m.g	Caamp.0028s0217, Caamp.0214s0564
OG0019559	Thhalv10021166m.g	Caamp.0214s0578, Caamp.0303s0241
OG0019561	Thhalv10020878m.g	Caamp.0214s0584, Caamp.0303s0251
OG0019562	Thhalv10022119m.g	Caamp.0214s0587
OG0019563	Thhalv10022229m.g	Caamp.0214s0609, Caamp.0303s0273
OG0019564	Thhalv10020774m.g	Caamp.0214s0619, Caamp.0303s0287
OG0019565	Thhalv10021488m.g	Caamp.0214s0623
OG0019566	Thhalv10019972m.g	Caamp.0303s0316, Caamp.0214s0644
OG0019567	Thhalv10022143m.g	Caamp.0214s0650
OG0019568	Thhalv10020027m.g	Caamp.0214s0653
OG0019570	Thhalv10020431m.g	Caamp.0214s0662, Caamp.0303s0335
OG0019571	Thhalv10020730m.g	Caamp.0303s0343, Caamp.0214s0670
OG0019572	Thhalv10022137m.g	Caamp.0303s0346, Caamp.0214s0674
OG0019574	Thhalv10021974m.g	Caamp.0214s0677
OG0019575	Thhalv10020974m.g	Caamp.0303s0354, Caamp.0214s0681
OG0019576	Thhalv10021507m.g	Caamp.0214s0683
OG0019577	Thhalv10022005m.g	Caamp.0303s0377, Caamp.0214s0702
OG0019580	Thhalv10022378m.g	Caamp.0214s0735, Caamp.0303s0410
OG0019584	Thhalv10022306m.g	Caamp.0214s0786, Caamp.0303s0469
OG0019585	Thhalv10021455m.g	Caamp.0214s0800, Caamp.0303s0482
OG0019586	Thhalv10022240m.g	Caamp.0214s0806, Caamp.0303s0490
OG0019588	Thhalv10022197m.g	Caamp.0214s0838
OG0019589	Thhalv10022328m.g	Caamp.0214s0853
OG0019591	Thhalv10027048m.g	Caamp.0022s0214
OG0019592	Thhalv10021370m.g	Caamp.0023s0011, Caamp.0078s0996
OG0019593	Thhalv10022160m.g	Caamp.0023s0038
OG0019595	Thhalv10021516m.g	Caamp.0023s0060
OG0019596	Thhalv10006368m.g	Caamp.0095s0563, Caamp.0023s0102
OG0019598	Thhalv10005782m.g	Caamp.0023s0130, Caamp.0095s0531
OG0019599	Thhalv10006089m.g	Caamp.0023s0158
OG0019600	Thhalv10005822m.g	Caamp.0023s0160
OG0019601	Thhalv10006369m.g	Caamp.0023s0186, Caamp.0095s0485
OG0019602	Thhalv10005808m.g	Caamp.0095s0429, Caamp.0023s0239
OG0019603	Thhalv10006349m.g	Caamp.0023s0253, Caamp.0095s0416
OG0019604	Thhalv10006454m.g	Caamp.0023s0330, Caamp.0095s0340
OG0019605	Thhalv10006501m.g	Caamp.0023s0351
OG0019606	Thhalv10006200m.g	Caamp.0023s0367, Caamp.0095s0303
OG0019607	Thhalv10006432m.g	Caamp.0023s0377
OG0019608	Thhalv10006383m.g, Thhalv10000440m.g, Thhalv10000680m.g	Caamp.0023s0379
OG0019609	Thhalv10006509m.g	Caamp.0065s0013, Caamp.0023s0386
OG0019611	Thhalv10006472m.g	Caamp.0023s0389
OG0019612	Thhalv10006144m.g	Caamp.0065s0025, Caamp.0023s0403
OG0019613	Thhalv10005769m.g	Caamp.0023s0440, Caamp.0065s0056
OG0019614	Thhalv10006061m.g	Caamp.0023s0444
OG0019615	Thhalv10006118m.g	Caamp.0065s0084, Caamp.0023s0472
OG0019616	Thhalv10006100m.g	Caamp.0023s0486
OG0019617	Thhalv10005923m.g	Caamp.0023s0489, Caamp.0065s0105
OG0019618	Thhalv10006380m.g	Caamp.0065s0119, Caamp.0023s0502
OG0019619	Thhalv10006045m.g	Caamp.0023s0504
OG0019620	Thhalv10006305m.g	Caamp.0023s0526
OG0019621	Thhalv10006046m.g	Caamp.0023s0534
OG0019622	Thhalv10006458m.g	Caamp.0023s0540
OG0019623	Thhalv10006094m.g	Caamp.0023s0582
OG0019624	Thhalv10006016m.g	Caamp.0023s0597
OG0019625	Thhalv10006499m.g	Caamp.0065s0212, Caamp.0023s0599
OG0019626	Thhalv10006026m.g	Caamp.0023s0615
OG0019627	Thhalv10006422m.g	Caamp.0023s0630
OG0019628	Thhalv10009784m.g	Caamp.0046s0440, Caamp.0024s0034
OG0019629	Thhalv10009253m.g	Caamp.0024s0053
OG0019630	Thhalv10008865m.g	Caamp.0024s0077
OG0019631	Thhalv10007356m.g	Caamp.0024s0092
OG0019632	Thhalv10009347m.g	Caamp.0046s0378, Caamp.0024s0101
OG0019633	Thhalv10007914m.g	Caamp.0024s0103, Caamp.0046s0376
OG0019635	Thhalv10009608m.g	Caamp.0024s0136, Caamp.0046s0338
OG0019636	Thhalv10008547m.g	Caamp.0024s0155, Caamp.0046s0316
OG0019637	Thhalv10007558m.g	Caamp.0024s0167
OG0019638	Thhalv10009965m.g	Caamp.0046s0298, Caamp.0024s0179
OG0019640	Thhalv10008875m.g	Caamp.0024s0215
OG0019641	Thhalv10008690m.g	Caamp.0024s0224
OG0019642	Thhalv10009262m.g	Caamp.0024s0274
OG0019644	Thhalv10007179m.g	Caamp.0024s0293
OG0019645	Thhalv10010012m.g	Caamp.0056s0185, Caamp.0024s0301
OG0019646	Thhalv10009546m.g	Caamp.0056s0211, Caamp.0024s0326
OG0019647	Thhalv10018358m.g, Thhalv10023151m.g	Caamp.0024s0338
OG0019648	Thhalv10022616m.g	Caamp.0056s0224, Caamp.0024s0339
OG0019649	Thhalv10008531m.g	Caamp.0024s0343
OG0019651	Thhalv10009104m.g	Caamp.0056s0279, Caamp.0024s0395
OG0019652	Thhalv10009180m.g	Caamp.0056s0283, Caamp.0024s0398
OG0019653	Thhalv10009433m.g	Caamp.0024s0411
OG0019654	Thhalv10009263m.g, Thhalv10009260m.g	Caamp.0024s0433, Caamp.0056s0314
OG0019655	Thhalv10007519m.g	Caamp.0024s0440
OG0019656	Thhalv10008061m.g	Caamp.0024s0448, Caamp.0056s0329
OG0019657	Thhalv10009441m.g	Caamp.0056s0342, Caamp.0024s0457
OG0019658	Thhalv10009927m.g	Caamp.0056s0353, Caamp.0024s0468
OG0019659	Thhalv10009782m.g	Caamp.0024s0487
OG0019660	Thhalv10009030m.g	Caamp.0024s0503, Caamp.0052s0022
OG0019661	Thhalv10015083m.g	Caamp.0025s0039, Caamp.0025s0035, Caamp.0025s0043
OG0019662	Thhalv10002489m.g	Caamp.0026s0103
OG0019663	Thhalv10015979m.g	Caamp.0026s0109
OG0019664	Thhalv10002873m.g	Caamp.0026s0138
OG0019667	Thhalv10011004m.g	Caamp.0026s0270
OG0019668	Thhalv10010230m.g	Caamp.0026s0275
OG0019669	Thhalv10010963m.g, Thhalv10010965m.g	Caamp.0026s0280, Caamp.0303s1250
OG0019671	Thhalv10010858m.g	Caamp.0026s0293
OG0019672	Thhalv10010873m.g	Caamp.0026s0325
OG0019673	Thhalv10022485m.g	Caamp.0026s0336, Caamp.0005s0321
OG0019675	Thhalv10027059m.g	Caamp.0026s0365
OG0019676	Thhalv10010343m.g	Caamp.0026s0419
OG0019677	Thhalv10022597m.g	Caamp.0026s0575, Caamp.0093s0201
OG0019678	Thhalv10022678m.g	Caamp.0026s0606
OG0019681	Thhalv10023029m.g	Caamp.0004s0160, Caamp.0026s0698
OG0019683	Thhalv10022642m.g	Caamp.0026s0766
OG0019684	Thhalv10024130m.g	Caamp.0266s0032, Caamp.0303s1076
OG0019685	Thhalv10023635m.g	Caamp.0266s0036
OG0019686	Thhalv10023808m.g	Caamp.0266s0040, Caamp.0303s1068
OG0019687	Thhalv10023946m.g	Caamp.0266s0042
OG0019688	Thhalv10023644m.g	Caamp.0266s0050
OG0019689	Thhalv10023875m.g	Caamp.0266s0058, Caamp.0303s1053
OG0019690	Thhalv10023562m.g	Caamp.0266s0075, Caamp.0303s1035
OG0019691	Thhalv10023888m.g	Caamp.0266s0086
OG0019692	Thhalv10012184m.g, Thhalv10012151m.g	Caamp.0027s0029
OG0019694	Thhalv10007755m.g	Caamp.0275s0030
OG0019695	Thhalv10008538m.g	Caamp.0275s0051
OG0019696	Thhalv10008431m.g	Caamp.0275s0058
OG0019698	Thhalv10028747m.g	Caamp.0028s0264
OG0019699	Thhalv10029032m.g	Caamp.0028s0280, Caamp.0052s0347
OG0019700	Thhalv10027179m.g	Caamp.0003s0011
OG0019702	Thhalv10026816m.g	Caamp.0003s0182
OG0019705	Thhalv10025096m.g	Caamp.0003s0340
OG0019706	Thhalv10026252m.g	Caamp.0003s0369
OG0019707	Thhalv10026602m.g	Caamp.0003s0422
OG0019708	Thhalv10024633m.g	Caamp.0003s0606
OG0019710	Thhalv10026696m.g	Caamp.0003s0643
OG0019711	Thhalv10025391m.g	Caamp.0003s0714
OG0019713	Thhalv10026142m.g	Caamp.0095s0205, Caamp.0003s0787
OG0019714	Thhalv10019983m.g	Caamp.0303s0037
OG0019715	Thhalv10020308m.g	Caamp.0303s0056
OG0019716	Thhalv10019963m.g	Caamp.0303s0132
OG0019717	Thhalv10021301m.g	Caamp.0303s0146, Caamp.0303s0308
OG0019719	Thhalv10021312m.g	Caamp.0303s0175
OG0019722	Thhalv10021503m.g	Caamp.0303s0223
OG0019723	Thhalv10021723m.g	Caamp.0303s0224
OG0019724	Thhalv10021572m.g	Caamp.0303s0226
OG0019725	Thhalv10020155m.g	Caamp.0303s0249
OG0019726	Thhalv10020942m.g	Caamp.0303s0252
OG0019727	Thhalv10021212m.g	Caamp.0303s0280
OG0019728	Thhalv10022965m.g	Caamp.0303s0298
OG0019729	Thhalv10021203m.g	Caamp.0303s0303
OG0019730	Thhalv10021023m.g	Caamp.0303s0309
OG0019731	Thhalv10021710m.g	Caamp.0303s0324
OG0019732	Thhalv10020514m.g	Caamp.0303s0328
OG0019733	Thhalv10022173m.g	Caamp.0303s0333
OG0019734	Thhalv10020771m.g	Caamp.0303s0435
OG0019735	Thhalv10020658m.g	Caamp.0303s0444
OG0019736	Thhalv10020716m.g	Caamp.0303s0451
OG0019737	Thhalv10020693m.g	Caamp.0303s0464
OG0019738	Thhalv10020582m.g	Caamp.0303s0467
OG0019739	Thhalv10020923m.g	Caamp.0303s0486
OG0019740	Thhalv10021386m.g	Caamp.0303s0487
OG0019741	Thhalv10022210m.g	Caamp.0303s0496
OG0019742	Thhalv10021032m.g	Caamp.0303s0499
OG0019743	Thhalv10020920m.g	Caamp.0303s0520
OG0019744	Thhalv10021231m.g	Caamp.0303s0535
OG0019745	Thhalv10019639m.g	Caamp.0303s0596
OG0019746	Thhalv10019446m.g	Caamp.0303s0636
OG0019747	Thhalv10019339m.g	Caamp.0303s0709
OG0019748	Thhalv10019685m.g	Caamp.0303s0722, Caamp.0303s0726
OG0019749	Thhalv10019790m.g	Caamp.0076s0113, Caamp.0303s0756
OG0019750	Thhalv10019190m.g	Caamp.0303s0765, Caamp.0076s0103
OG0019751	Thhalv10018341m.g	Caamp.0303s0786
OG0019753	Thhalv10019156m.g	Caamp.0303s0908
OG0019754	Thhalv10019763m.g, Thhalv10023789m.g	Caamp.0303s0925
OG0019755	Thhalv10023944m.g	Caamp.0303s1038
OG0019756	Thhalv10023588m.g	Caamp.0303s1058
OG0019758	Thhalv10023292m.g	Caamp.0303s1113
OG0019759	Thhalv10023318m.g	Caamp.0303s1114
OG0019760	Thhalv10023394m.g	Caamp.0303s1140
OG0019761	Thhalv10023678m.g	Caamp.0303s1154
OG0019762	Thhalv10023214m.g	Caamp.0303s1156
OG0019766	Thhalv10023487m.g	Caamp.0303s1277
OG0019767	Thhalv10023866m.g	Caamp.0303s1279
OG0019768	Thhalv10023863m.g, Thhalv10024151m.g	Caamp.0303s1335
OG0019769	Thhalv10024081m.g	Caamp.0303s1368
OG0019774	Thhalv10010706m.g	Caamp.0311s0002
OG0019776	Thhalv10011089m.g	Caamp.0311s0019
OG0019777	Thhalv10010976m.g	Caamp.0311s0022
OG0019778	Thhalv10011034m.g	Caamp.0311s0025
OG0019779	Thhalv10028488m.g	Caamp.0032s0023
OG0019780	Thhalv10005582m.g	Caamp.0033s0007
OG0019781	Thhalv10005274m.g	Caamp.0033s0092
OG0019782	Thhalv10005350m.g	Caamp.0033s0096
OG0019783	Thhalv10005235m.g	Caamp.0033s0133
OG0019784	Thhalv10005427m.g	Caamp.0033s0156
OG0019785	Thhalv10003941m.g	Caamp.0033s0191
OG0019786	Thhalv10003716m.g	Caamp.0033s0206
OG0019787	Thhalv10004027m.g	Caamp.0033s0208
OG0019788	Thhalv10004965m.g	Caamp.0033s0212
OG0019789	Thhalv10005069m.g	Caamp.0033s0242
OG0019790	Thhalv10005668m.g	Caamp.0033s0247
OG0019791	Thhalv10003870m.g	Caamp.0033s0310
OG0019792	Thhalv10004770m.g	Caamp.0033s0326
OG0019793	Thhalv10005632m.g	Caamp.0033s0333
OG0019794	Thhalv10005629m.g	Caamp.0033s0352
OG0019795	Thhalv10004441m.g	Caamp.0033s0370
OG0019796	Thhalv10004429m.g	Caamp.0033s0379
OG0019797	Thhalv10005130m.g	Caamp.0033s0388
OG0019798	Thhalv10003840m.g	Caamp.0033s0412
OG0019799	Thhalv10005154m.g	Caamp.0033s0413
OG0019800	Thhalv10005592m.g	Caamp.0033s0429
OG0019801	Thhalv10003607m.g	Caamp.0033s0452
OG0019806	Thhalv10016319m.g	Caamp.0034s0096
OG0019808	Thhalv10029133m.g	Caamp.0035s0100, Caamp.0035s0096
OG0019813	Thhalv10011551m.g	Caamp.0037s0032
OG0019815	Thhalv10011369m.g	Caamp.0046s0066, Caamp.0037s0066
OG0019816	Thhalv10011881m.g	Caamp.0037s0076, Caamp.0046s0076
OG0019817	Thhalv10011267m.g	Caamp.0037s0085
OG0019818	Thhalv10012317m.g	Caamp.0037s0118, Caamp.0046s0124
OG0019819	Thhalv10012102m.g	Caamp.0037s0139
OG0019821	Thhalv10012011m.g	Caamp.0037s0153
OG0019822	Thhalv10012338m.g	Caamp.0037s0169
OG0019824	Thhalv10012072m.g	Caamp.0037s0229
OG0019825	Thhalv10011870m.g	Caamp.0037s0238, Caamp.0040s0269
OG0019826	Thhalv10011672m.g	Caamp.0037s0246
OG0019827	Thhalv10011389m.g	Caamp.0037s0260
OG0019828	Thhalv10009515m.g, Thhalv10026924m.g, Thhalv10026774m.g	Caamp.0037s0279
OG0019829	Thhalv10011907m.g	Caamp.0037s0314
OG0019830	Thhalv10012030m.g	Caamp.0037s0315
OG0019831	Thhalv10008468m.g	Caamp.0037s0346
OG0019832	Thhalv10007232m.g	Caamp.0037s0368
OG0019833	Thhalv10008584m.g	Caamp.0037s0422
OG0019834	Thhalv10009023m.g, Thhalv10009398m.g	Caamp.0037s0424
OG0019836	Thhalv10009658m.g	Caamp.0037s0495
OG0019837	Thhalv10007555m.g	Caamp.0037s0509
OG0019838	Thhalv10008672m.g	Caamp.0037s0519
OG0019839	Thhalv10009401m.g	Caamp.0037s0554
OG0019840	Thhalv10007238m.g	Caamp.0037s0555
OG0019841	Thhalv10009899m.g	Caamp.0037s0616
OG0019842	Thhalv10009619m.g	Caamp.0037s0623
OG0019843	Thhalv10023821m.g, Thhalv10029365m.g, Thhalv10029423m.g	Caamp.0037s0673
OG0019846	Thhalv10012284m.g	Caamp.0004s0011
OG0019847	Thhalv10026914m.g	Caamp.0004s0016, Caamp.0094s0948
OG0019848	Thhalv10012048m.g	Caamp.0064s0783, Caamp.0004s0036
OG0019849	Thhalv10011722m.g	Caamp.0004s0064
OG0019854	Thhalv10017941m.g	Caamp.0004s0243, Caamp.0008s0199
OG0019856	Thhalv10002067m.g	Caamp.0004s0277
OG0019858	Thhalv10016013m.g	Caamp.0004s0292, Caamp.0081s0003
OG0019860	Thhalv10008027m.g	Caamp.0040s0139
OG0019861	Thhalv10008404m.g	Caamp.0040s0164
OG0019862	Thhalv10023098m.g, Thhalv10011937m.g	Caamp.0042s0042
OG0019864	Thhalv10005068m.g	Caamp.0436s0034
OG0019865	Thhalv10000183m.g	Caamp.0044s0001
OG0019866	Thhalv10028208m.g	Caamp.0044s0056
OG0019867	Thhalv10028025m.g	Caamp.0044s0109
OG0019868	Thhalv10027961m.g	Caamp.0044s0114
OG0019869	Thhalv10028043m.g	Caamp.0044s0126
OG0019871	Thhalv10028187m.g	Caamp.0044s0262
OG0019872	Thhalv10018823m.g	Caamp.0044s0290
OG0019873	Thhalv10017742m.g	Caamp.0459s0002
OG0019875	Thhalv10011232m.g	Caamp.0046s0067
OG0019876	Thhalv10011584m.g	Caamp.0046s0131
OG0019877	Thhalv10011572m.g	Caamp.0046s0133
OG0019878	Thhalv10009697m.g	Caamp.0046s0203
OG0019879	Thhalv10006710m.g	Caamp.0046s0253
OG0019880	Thhalv10008703m.g	Caamp.0046s0319
OG0019881	Thhalv10008201m.g	Caamp.0046s0445
OG0019882	Thhalv10008056m.g	Caamp.0046s0447
OG0019883	Thhalv10008241m.g	Caamp.0046s0475
OG0019884	Thhalv10007257m.g	Caamp.0046s0507
OG0019889	Thhalv10002469m.g	Caamp.0005s0113
OG0019892	Thhalv10015397m.g	Caamp.0005s0374, Caamp.0005s0354
OG0019895	Thhalv10021560m.g	Caamp.0051s0103
OG0019896	Thhalv10022367m.g	Caamp.0051s0191
OG0019897	Thhalv10006976m.g	Caamp.0052s0021
OG0019898	Thhalv10008451m.g, Thhalv10014359m.g	Caamp.0052s0035
OG0019899	Thhalv10008154m.g	Caamp.0052s0153
OG0019900	Thhalv10009352m.g	Caamp.0052s0159
OG0019901	Thhalv10007117m.g	Caamp.0052s0165
OG0019902	Thhalv10008742m.g	Caamp.0052s0183
OG0019904	Thhalv10028976m.g	Caamp.0052s0373
OG0019906	Thhalv10013957m.g	Caamp.0052s0546
OG0019907	Thhalv10013726m.g	Caamp.0052s0614
OG0019912	Thhalv10023585m.g	Caamp.0054s0003
OG0019914	Thhalv10023895m.g, Thhalv10023723m.g	Caamp.0054s0018
OG0019915	Thhalv10023721m.g	Caamp.0054s0049
OG0019917	Thhalv10026790m.g, Thhalv10003391m.g	Caamp.0054s0094
OG0019920	Thhalv10007843m.g	Caamp.0056s0074
OG0019921	Thhalv10009524m.g	Caamp.0056s0191
OG0019922	Thhalv10006646m.g	Caamp.0056s0197
OG0019923	Thhalv10009110m.g	Caamp.0056s0198
OG0019925	Thhalv10007893m.g	Caamp.0056s0261
OG0019926	Thhalv10007440m.g	Caamp.0056s0320
OG0019927	Thhalv10009420m.g	Caamp.0056s0338
OG0019930	Thhalv10003379m.g	Caamp.0058s0141
OG0019932	Thhalv10003393m.g	Caamp.0058s0163
OG0019933	Thhalv10003301m.g	Caamp.0058s0165, Caamp.0064s0394
OG0019934	Thhalv10003190m.g	Caamp.0058s0177, Caamp.0064s0376
OG0019938	Thhalv10000722m.g	Caamp.0059s0074
OG0019939	Thhalv10000176m.g	Caamp.0059s0093
OG0019940	Thhalv10028271m.g	Caamp.0059s0122
OG0019941	Thhalv10019792m.g	Caamp.0064s0112, Caamp.0006s0001
OG0019942	Thhalv10019789m.g	Caamp.0006s0005, Caamp.0064s0116
OG0019943	Thhalv10018251m.g	Caamp.0006s0025
OG0019944	Thhalv10019113m.g	Caamp.0006s0029
OG0019945	Thhalv10018650m.g	Caamp.0006s0034, Caamp.0064s0140
OG0019946	Thhalv10019707m.g	Caamp.0006s0035, Caamp.0064s0141
OG0019947	Thhalv10019687m.g	Caamp.0006s0045
OG0019949	Thhalv10019021m.g	Caamp.0006s0089
OG0019950	Thhalv10019045m.g	Caamp.0006s0097, Caamp.0064s0211
OG0019951	Thhalv10018607m.g	Caamp.0006s0098
OG0019952	Thhalv10018998m.g	Caamp.0006s0113
OG0019953	Thhalv10018469m.g	Caamp.0006s0120
OG0019954	Thhalv10019109m.g	Caamp.0006s0131
OG0019955	Thhalv10019827m.g	Caamp.0064s0241, Caamp.0006s0133
OG0019956	Thhalv10019577m.g	Caamp.0006s0150
OG0019957	Thhalv10019824m.g	Caamp.0006s0156, Caamp.0064s0267
OG0019958	Thhalv10019517m.g	Caamp.0006s0167, Caamp.0064s0279
OG0019959	Thhalv10018386m.g	Caamp.0006s0177, Caamp.0064s0288
OG0019961	Thhalv10018807m.g	Caamp.0006s0247
OG0019962	Thhalv10019169m.g	Caamp.0006s0276, Caamp.0076s0445
OG0019963	Thhalv10019345m.g	Caamp.0006s0282, Caamp.0076s0439
OG0019965	Thhalv10018443m.g	Caamp.0076s0409, Caamp.0006s0311
OG0019966	Thhalv10019652m.g	Caamp.0006s0343
OG0019967	Thhalv10018527m.g	Caamp.0006s0346
OG0019968	Thhalv10019573m.g	Caamp.0006s0348
OG0019969	Thhalv10018981m.g	Caamp.0006s0362
OG0019970	Thhalv10019355m.g	Caamp.0006s0365
OG0019971	Thhalv10019368m.g	Caamp.0006s0366
OG0019972	Thhalv10009491m.g, Thhalv10012115m.g	Caamp.0006s0368
OG0019973	Thhalv10019734m.g	Caamp.0006s0415
OG0019976	Thhalv10019626m.g	Caamp.0006s0464
OG0019977	Thhalv10019427m.g	Caamp.0076s0225, Caamp.0006s0494
OG0019978	Thhalv10019640m.g	Caamp.0076s0196, Caamp.0006s0526
OG0019979	Thhalv10018945m.g	Caamp.0006s0564
OG0019980	Thhalv10018418m.g	Caamp.0006s0603
OG0019981	Thhalv10018805m.g	Caamp.0006s0615
OG0019982	Thhalv10018313m.g	Caamp.0064s0100, Caamp.0006s0618
OG0019983	Thhalv10018666m.g	Caamp.0006s0630
OG0019984	Thhalv10019600m.g	Caamp.0006s0645
OG0019985	Thhalv10019848m.g	Caamp.0064s0027, Caamp.0006s0714
OG0019988	Thhalv10018453m.g	Caamp.0084s0021, Caamp.0006s0733
OG0019989	Thhalv10018763m.g	Caamp.0084s0029, Caamp.0006s0742
OG0019990	Thhalv10019723m.g	Caamp.0006s0746
OG0019991	Thhalv10019816m.g	Caamp.0006s0751
OG0019992	Thhalv10019622m.g	Caamp.0006s0760
OG0019994	Thhalv10019167m.g	Caamp.0084s0048, Caamp.0006s0763
OG0019995	Thhalv10019484m.g	Caamp.0006s0769
OG0019996	Thhalv10018298m.g	Caamp.0006s0781, Caamp.0084s0067
OG0019998	Thhalv10006953m.g	Caamp.0061s0007
OG0019999	Thhalv10005655m.g	Caamp.0061s0067
OG0020002	Thhalv10019666m.g	Caamp.0064s0022
OG0020003	Thhalv10018340m.g	Caamp.0064s0038
OG0020004	Thhalv10018593m.g	Caamp.0064s0039
OG0020005	Thhalv10019771m.g	Caamp.0064s0074
OG0020006	Thhalv10018016m.g	Caamp.0064s0077
OG0020007	Thhalv10018107m.g	Caamp.0064s0161
OG0020008	Thhalv10018349m.g	Caamp.0064s0180
OG0020009	Thhalv10018779m.g	Caamp.0064s0280
OG0020010	Thhalv10003355m.g	Caamp.0064s0367
OG0020011	Thhalv10003250m.g	Caamp.0064s0382
OG0020012	Thhalv10003215m.g	Caamp.0064s0384
OG0020014	Thhalv10019802m.g	Caamp.0064s0518
OG0020015	Thhalv10018660m.g	Caamp.0064s0521
OG0020017	Thhalv10012028m.g	Caamp.0097s0323
OG0020017	Thhalv10012260m.g	Caamp.0064s0619
OG0020018	Thhalv10000208m.g	Caamp.0064s0635
OG0020019	Thhalv10011424m.g	Caamp.0064s0789
OG0020020	Thhalv10012189m.g	Caamp.0064s0863
OG0020021	Thhalv10005809m.g	Caamp.0065s0061
OG0020022	Thhalv10006366m.g	Caamp.0065s0067
OG0020023	Thhalv10005939m.g	Caamp.0065s0071
OG0020024	Thhalv10006434m.g	Caamp.0065s0096
OG0020025	Thhalv10006365m.g, Thhalv10010753m.g	Caamp.0065s0118
OG0020026	Thhalv10006238m.g	Caamp.0065s0126
OG0020027	Thhalv10005837m.g	Caamp.0065s0163
OG0020028	Thhalv10006080m.g	Caamp.0065s0165
OG0020029	Thhalv10006103m.g	Caamp.0065s0177
OG0020030	Thhalv10006140m.g	Caamp.0065s0218
OG0020031	Thhalv10017683m.g	Caamp.0066s0057
OG0020036	Thhalv10009038m.g	Caamp.0007s0039
OG0020037	Thhalv10009695m.g	Caamp.0007s0127
OG0020038	Thhalv10009363m.g	Caamp.0007s0213
OG0020039	Thhalv10009403m.g	Caamp.0007s0218
OG0020040	Thhalv10009642m.g	Caamp.0007s0225
OG0020043	Thhalv10023811m.g	Caamp.0007s0425
OG0020044	Thhalv10024109m.g	Caamp.0007s0437
OG0020045	Thhalv10023834m.g	Caamp.0007s0452
OG0020048	Thhalv10009438m.g	Caamp.0070s0013
OG0020049	Thhalv10009115m.g	Caamp.0070s0053
OG0020050	Thhalv10008310m.g	Caamp.0071s0014
OG0020051	Thhalv10009476m.g	Caamp.0071s0059
OG0020053	Thhalv10009512m.g	Caamp.0071s0128
OG0020057	Thhalv10019116m.g	Caamp.0076s0086
OG0020058	Thhalv10018237m.g	Caamp.0076s0226
OG0020059	Thhalv10018937m.g	Caamp.0076s0237
OG0020060	Thhalv10018665m.g	Caamp.0076s0268
OG0020061	Thhalv10018652m.g	Caamp.0076s0282
OG0020062	Thhalv10019561m.g	Caamp.0076s0315
OG0020063	Thhalv10019844m.g	Caamp.0076s0350
OG0020064	Thhalv10018254m.g	Caamp.0076s0352
OG0020066	Thhalv10019104m.g	Caamp.0076s0368
OG0020067	Thhalv10018033m.g	Caamp.0076s0443
OG0020068	Thhalv10018365m.g	Caamp.0076s0458
OG0020070	Thhalv10000845m.g	Caamp.0076s0567
OG0020071	Thhalv10001124m.g	Caamp.0076s0617
OG0020072	Thhalv10000764m.g	Caamp.0076s0675
OG0020073	Thhalv10000924m.g	Caamp.0076s0676
OG0020074	Thhalv10000742m.g	Caamp.0076s0678
OG0020076	Thhalv10005108m.g	Caamp.0076s0934
OG0020077	Thhalv10005283m.g	Caamp.0085s0114, Caamp.0076s0937
OG0020078	Thhalv10005705m.g	Caamp.0076s0966
OG0020079	Thhalv10003663m.g	Caamp.0076s1050
OG0020080	Thhalv10005346m.g	Caamp.0076s1062
OG0020081	Thhalv10005367m.g	Caamp.0076s1063
OG0020082	Thhalv10004622m.g	Caamp.0076s1077
OG0020083	Thhalv10004969m.g	Caamp.0076s1092
OG0020084	Thhalv10023288m.g	Caamp.0076s1192
OG0020085	Thhalv10020184m.g	Caamp.0076s1228
OG0020086	Thhalv10020149m.g	Caamp.0076s1232
OG0020087	Thhalv10020249m.g	Caamp.0076s1310
OG0020088	Thhalv10001696m.g, Thhalv10001701m.g	Caamp.0076s1420
OG0020089	Thhalv10017033m.g	Caamp.0076s1457
OG0020090	Thhalv10016539m.g	Caamp.0076s1473
OG0020092	Thhalv10017384m.g	Caamp.0076s1539
OG0020093	Thhalv10016811m.g	Caamp.0076s1616
OG0020096	Thhalv10016827m.g	Caamp.0076s1649
OG0020097	Thhalv10016363m.g	Caamp.0076s1653
OG0020099	Thhalv10005602m.g, Thhalv10010937m.g	Caamp.0078s0039
OG0020100	Thhalv10010370m.g	Caamp.0078s0100
OG0020101	Thhalv10010726m.g	Caamp.0078s0142
OG0020102	Thhalv10010765m.g	Caamp.0078s0155
OG0020103	Thhalv10010389m.g	Caamp.0095s0980, Caamp.0078s0314
OG0020104	Thhalv10010832m.g	Caamp.0078s0345, Caamp.0095s0948
OG0020105	Thhalv10010603m.g	Caamp.0078s0371
OG0020107	Thhalv10010804m.g	Caamp.0078s0461
OG0020108	Thhalv10010956m.g	Caamp.0095s0874, Caamp.0078s0480
OG0020109	Thhalv10010289m.g	Caamp.0078s0492, Caamp.0095s0889
OG0020110	Thhalv10010101m.g	Caamp.0078s0510, Caamp.0095s0907
OG0020111	Thhalv10010314m.g	Caamp.0078s0518
OG0020112	Thhalv10011102m.g	Caamp.0095s0767, Caamp.0078s0527
OG0020114	Thhalv10020467m.g	Caamp.0078s0626
OG0020115	Thhalv10021526m.g	Caamp.0078s0683
OG0020116	Thhalv10020501m.g	Caamp.0078s0696, Caamp.0078s0697
OG0020117	Thhalv10022396m.g	Caamp.0078s0791
OG0020118	Thhalv10021243m.g	Caamp.0078s0793
OG0020119	Thhalv10021175m.g	Caamp.0078s0852
OG0020120	Thhalv10020598m.g	Caamp.0078s0901
OG0020121	Thhalv10020540m.g	Caamp.0078s0940
OG0020123	Thhalv10022435m.g	Caamp.0078s0973
OG0020124	Thhalv10022227m.g	Caamp.0078s1015
OG0020125	Thhalv10021378m.g	Caamp.0078s1031
OG0020126	Thhalv10022424m.g	Caamp.0078s1099
OG0020127	Thhalv10022151m.g	Caamp.0078s1169
OG0020128	Thhalv10002804m.g	Caamp.0079s0009
OG0020129	Thhalv10002007m.g	Caamp.0079s0010
OG0020130	Thhalv10001995m.g	Caamp.0079s0063
OG0020131	Thhalv10002060m.g	Caamp.0079s0064
OG0020132	Thhalv10002261m.g	Caamp.0079s0065
OG0020133	Thhalv10002113m.g	Caamp.0079s0067
OG0020134	Thhalv10001958m.g	Caamp.0095s1357, Caamp.0079s0070
OG0020135	Thhalv10001860m.g	Caamp.0008s0017
OG0020138	Thhalv10000159m.g	Caamp.0008s0107
OG0020140	Thhalv10000547m.g	Caamp.0084s0040
OG0020141	Thhalv10018730m.g	Caamp.0084s0045
OG0020142	Thhalv10019584m.g	Caamp.0084s0061
OG0020143	Thhalv10019519m.g	Caamp.0084s0063
OG0020144	Thhalv10001173m.g	Caamp.0085s0088
OG0020146	Thhalv10013763m.g	Caamp.0009s0001
OG0020147	Thhalv10026997m.g	Caamp.0090s0009
OG0020148	Thhalv10022677m.g	Caamp.0093s0037
OG0020149	Thhalv10022601m.g	Caamp.0093s0071
OG0020150	Thhalv10023174m.g	Caamp.0095s1198, Caamp.0093s0099
OG0020151	Thhalv10023132m.g	Caamp.0093s0101
OG0020152	Thhalv10022591m.g	Caamp.0093s0105
OG0020155	Thhalv10023066m.g	Caamp.0093s0162
OG0020156	Thhalv10025867m.g	Caamp.0094s0015
OG0020157	Thhalv10027317m.g	Caamp.0094s0025
OG0020158	Thhalv10025489m.g	Caamp.0094s0026
OG0020159	Thhalv10025971m.g	Caamp.0094s0071
OG0020160	Thhalv10026454m.g	Caamp.0094s0082
OG0020161	Thhalv10027262m.g	Caamp.0094s0145
OG0020163	Thhalv10024891m.g	Caamp.0094s0166
OG0020164	Thhalv10024930m.g	Caamp.0094s0187
OG0020165	Thhalv10025605m.g	Caamp.0094s0211
OG0020166	Thhalv10026271m.g	Caamp.0094s0227
OG0020167	Thhalv10025964m.g	Caamp.0094s0242
OG0020168	Thhalv10027062m.g	Caamp.0094s0309
OG0020169	Thhalv10025800m.g	Caamp.0094s0310
OG0020170	Thhalv10026604m.g	Caamp.0094s0533
OG0020171	Thhalv10027449m.g	Caamp.0094s0644
OG0020172	Thhalv10027046m.g	Caamp.0094s0707
OG0020173	Thhalv10026511m.g	Caamp.0094s0713
OG0020174	Thhalv10026165m.g	Caamp.0094s0717
OG0020175	Thhalv10025917m.g	Caamp.0094s0758
OG0020176	Thhalv10026754m.g	Caamp.0094s0786
OG0020177	Thhalv10025790m.g	Caamp.0094s0804
OG0020178	Thhalv10027429m.g	Caamp.0094s0813
OG0020179	Thhalv10027161m.g	Caamp.0094s0858
OG0020180	Thhalv10026783m.g	Caamp.0094s0859
OG0020181	Thhalv10025585m.g	Caamp.0094s0886
OG0020182	Thhalv10026989m.g	Caamp.0094s0888
OG0020183	Thhalv10025782m.g	Caamp.0094s0900
OG0020184	Thhalv10026957m.g	Caamp.0094s0970
OG0020186	Thhalv10026558m.g	Caamp.0094s1088
OG0020187	Thhalv10027534m.g	Caamp.0094s1104
OG0020189	Thhalv10024315m.g	Caamp.0094s1117
OG0020191	Thhalv10026994m.g	Caamp.0095s0018
OG0020192	Thhalv10009817m.g	Caamp.0095s0040
OG0020193	Thhalv10025534m.g	Caamp.0095s0084
OG0020195	Thhalv10026467m.g	Caamp.0095s0180
OG0020196	Thhalv10024454m.g	Caamp.0095s0194
OG0020197	Thhalv10025673m.g	Caamp.0095s0227
OG0020198	Thhalv10025810m.g	Caamp.0095s0251
OG0020200	Thhalv10006416m.g	Caamp.0095s0354
OG0020203	Thhalv10005755m.g	Caamp.0095s0392
OG0020204	Thhalv10006160m.g	Caamp.0095s0489
OG0020205	Thhalv10006194m.g	Caamp.0095s0504
OG0020206	Thhalv10005910m.g	Caamp.0095s0605
OG0020207	Thhalv10006466m.g	Caamp.0099s0114, Caamp.0095s0623
OG0020208	Thhalv10006243m.g	Caamp.0099s0103, Caamp.0095s0637
OG0020209	Thhalv10005891m.g	Caamp.0099s0075, Caamp.0095s0664
OG0020210	Thhalv10011011m.g	Caamp.0095s0701
OG0020211	Thhalv10010565m.g	Caamp.0095s0729, Caamp.0099s0002
OG0020212	Thhalv10010560m.g	Caamp.0095s0733
OG0020213	Thhalv10010904m.g	Caamp.0095s0836
OG0020214	Thhalv10011109m.g	Caamp.0095s0853
OG0020215	Thhalv10010830m.g	Caamp.0095s0860
OG0020216	Thhalv10010938m.g	Caamp.0095s0898
OG0020217	Thhalv10023081m.g	Caamp.0095s1122
OG0020218	Thhalv10022806m.g	Caamp.0095s1182
OG0020219	Thhalv10002026m.g	Caamp.0095s1291
OG0020220	Thhalv10002324m.g	Caamp.0095s1325
OG0020221	Thhalv10002005m.g	Caamp.0095s1343
OG0020222	Thhalv10002328m.g	Caamp.0095s1379
OG0020225	Thhalv10028008m.g	Caamp.0097s0051
OG0020226	Thhalv10026918m.g, Thhalv10000455m.g	Caamp.0097s0124
OG0020227	Thhalv10002611m.g	Caamp.0097s0125
OG0020228	Thhalv10003095m.g	Caamp.0097s0167, Caamp.0097s0166
OG0020229	Thhalv10002531m.g	Caamp.0097s0172
OG0020230	Thhalv10002464m.g	Caamp.0097s0185
OG0020231	Thhalv10002396m.g, Thhalv10003094m.g, Thhalv10003004m.g	Caamp.0097s0231
OG0020232	Thhalv10002566m.g	Caamp.0097s0251
OG0020237	Thhalv10021861m.g	Caamp.0097s0609
OG0020239	Thhalv10025167m.g	Caamp.0097s0669
OG0020240	Thhalv10017662m.g	Caamp.0097s0713
OG0020241	Thhalv10016624m.g	Caamp.0097s0716
OG0020242	Thhalv10027702m.g	Caamp.0097s0770
OG0020243	Thhalv10027858m.g	Caamp.0097s0811
OG0020244	Thhalv10027910m.g	Caamp.0097s0823
OG0020245	Thhalv10028169m.g	Caamp.0097s0872
OG0020246	Thhalv10005262m.g	Caamp.0097s0895
OG0020250	Thhalv10010977m.g	Caamp.0099s0032
OG0020251	Thhalv10010871m.g	Caamp.0099s0037
OG0020252	Thhalv10010926m.g	Caamp.0099s0048
OG0020253	Thhalv10005995m.g	Caamp.0099s0109
OG0020254	Thhalv10006036m.g	Caamp.0099s0118
OG0020535	Thhalv10001109m.g	Caamp.0001s0040
OG0020539	Thhalv10026814m.g	Caamp.0190s0979, Caamp.0001s0212
OG0020540	Thhalv10001073m.g	Caamp.0001s0248
OG0020545	Thhalv10003100m.g	Caamp.0010s0001
OG0020547	Thhalv10002249m.g	Caamp.0010s0052
OG0020557	Thhalv10017179m.g	Caamp.0102s0098
OG0020562	Thhalv10017445m.g	Caamp.0102s0368
OG0020564	Thhalv10017731m.g	Caamp.0102s0393
OG0020567	Thhalv10017735m.g	Caamp.0102s0500
OG0020569	Thhalv10016482m.g	Caamp.0102s0557
OG0020571	Thhalv10017836m.g	Caamp.0105s0502, Caamp.0102s0565
OG0020572	Thhalv10017912m.g	Caamp.0102s0647
OG0020577	Thhalv10026501m.g	Caamp.0102s0829, Caamp.0046s0210
OG0020578	Thhalv10028454m.g	Caamp.0102s0831
OG0020590	Thhalv10027236m.g	Caamp.1027s0184
OG0020592	Thhalv10027280m.g	Caamp.1027s0235
OG0020593	Thhalv10025711m.g	Caamp.1027s0280
OG0020594	Thhalv10017551m.g	Caamp.1031s0118
OG0020595	Thhalv10017897m.g	Caamp.1031s0186
OG0020597	Thhalv10017789m.g	Caamp.1031s0301, Caamp.0076s1672
OG0020600	Thhalv10017615m.g	Caamp.1031s0499
OG0020602	Thhalv10001613m.g	Caamp.1031s0643
OG0020604	Thhalv10001472m.g	Caamp.1031s0680
OG0020605	Thhalv10001787m.g	Caamp.1031s0686, Caamp.0018s0102
OG0020606	Thhalv10001720m.g	Caamp.1031s0762
OG0020607	Thhalv10001319m.g	Caamp.1031s0767
OG0020608	Thhalv10001740m.g	Caamp.1031s0793
OG0020610	Thhalv10001588m.g	Caamp.1031s0843
OG0020611	Thhalv10001698m.g	Caamp.1031s0863
OG0020612	Thhalv10001795m.g	Caamp.1031s0871
OG0020613	Thhalv10001783m.g	Caamp.1031s0891
OG0020615	Thhalv10009245m.g	Caamp.1033s0059
OG0020618	Thhalv10009898m.g	Caamp.1033s0257, Caamp.0037s0544
OG0020623	Thhalv10009505m.g	Caamp.1033s0389
OG0020626	Thhalv10009158m.g	Caamp.1033s0500
OG0020627	Thhalv10010996m.g	Caamp.1033s0513
OG0020631	Thhalv10009431m.g	Caamp.1033s0632
OG0020634	Thhalv10009449m.g	Caamp.1033s0717
OG0020635	Thhalv10006863m.g	Caamp.1033s0885
OG0020636	Thhalv10008226m.g	Caamp.1033s0903
OG0020637	Thhalv10001842m.g	Caamp.1033s1012
OG0020639	Thhalv10005252m.g	Caamp.1035s0062, Caamp.0033s0330
OG0020640	Thhalv10005718m.g	Caamp.1035s0065
OG0020641	Thhalv10005369m.g	Caamp.0033s0285, Caamp.1035s0111
OG0020642	Thhalv10004620m.g	Caamp.1035s0122
OG0020643	Thhalv10004094m.g	Caamp.1035s0154
OG0020644	Thhalv10005301m.g	Caamp.1035s0183, Caamp.0033s0228
OG0020645	Thhalv10005004m.g	Caamp.1035s0188
OG0020646	Thhalv10004320m.g	Caamp.1035s0201
OG0020647	Thhalv10005102m.g	Caamp.1035s0268
OG0020648	Thhalv10005243m.g	Caamp.1035s0285
OG0020651	Thhalv10005576m.g	Caamp.0120s0904, Caamp.1035s0355
OG0020653	Thhalv10005285m.g	Caamp.1035s0448
OG0020654	Thhalv10004474m.g	Caamp.1035s0454
OG0020655	Thhalv10005239m.g	Caamp.1035s0466
OG0020656	Thhalv10005336m.g	Caamp.1035s0468
OG0020657	Thhalv10005247m.g	Caamp.1035s0485
OG0020659	Thhalv10005493m.g	Caamp.0120s0802, Caamp.1035s0525
OG0020661	Thhalv10005279m.g	Caamp.1035s0787
OG0020662	Thhalv10005673m.g	Caamp.1035s0801
OG0020665	Thhalv10015516m.g	Caamp.1035s0869
OG0020667	Thhalv10005587m.g	Caamp.1035s0947
OG0020668	Thhalv10005671m.g	Caamp.1035s1086
OG0020669	Thhalv10027800m.g	Caamp.1035s1101
OG0020670	Thhalv10005570m.g	Caamp.1035s1103
OG0020674	Thhalv10005453m.g	Caamp.1035s1206
OG0020676	Thhalv10005660m.g	Caamp.1035s1281
OG0020679	Thhalv10009982m.g	Caamp.0188s1032, Caamp.1035s1433
OG0020680	Thhalv10009931m.g	Caamp.1035s1440
OG0020681	Thhalv10009718m.g	Caamp.1035s1449
OG0020682	Thhalv10012378m.g	Caamp.1035s1465, Caamp.0040s0289
OG0020684	Thhalv10013645m.g	Caamp.1035s1510
OG0020685	Thhalv10015720m.g	Caamp.1036s0055, Caamp.1037s0326
OG0020689	Thhalv10018979m.g	Caamp.1036s0380
OG0020691	Thhalv10019344m.g	Caamp.1036s0494
OG0020696	Thhalv10029000m.g	Caamp.1037s0177
OG0020697	Thhalv10015945m.g	Caamp.1037s0204
OG0020699	Thhalv10013668m.g	Caamp.1037s0378
OG0020703	Thhalv10014912m.g	Caamp.1037s0461
OG0020706	Thhalv10012605m.g	Caamp.1037s0676
OG0020710	Thhalv10015507m.g	Caamp.1037s0851
OG0020711	Thhalv10009583m.g, Thhalv10014953m.g	Caamp.1037s0995
OG0020712	Thhalv10014316m.g	Caamp.1037s1002
OG0020714	Thhalv10015709m.g	Caamp.1037s1104
OG0020715	Thhalv10015962m.g	Caamp.1037s1113
OG0020716	Thhalv10015489m.g	Caamp.1037s1114
OG0020717	Thhalv10015941m.g	Caamp.1037s1222
OG0020719	Thhalv10015152m.g, Thhalv10009856m.g	Caamp.1037s1289
OG0020720	Thhalv10015265m.g	Caamp.1037s1291
OG0020721	Thhalv10015683m.g	Caamp.1037s1292
OG0020727	Thhalv10015910m.g	Caamp.1037s1646
OG0020731	Thhalv10014776m.g	Caamp.1037s1725
OG0020736	Thhalv10014478m.g	Caamp.1038s0461
OG0020737	Thhalv10015498m.g	Caamp.1038s0583
OG0020738	Thhalv10014823m.g	Caamp.1038s0585
OG0020739	Thhalv10015553m.g	Caamp.0105s1390, Caamp.1038s0606
OG0020742	Thhalv10016044m.g	Caamp.1038s0705
OG0020748	Thhalv10015305m.g	Caamp.1038s0831
OG0020753	Thhalv10014920m.g	Caamp.1038s1019, Caamp.0105s1863
OG0020756	Thhalv10014140m.g	Caamp.1038s1083, Caamp.0105s1896
OG0020757	Thhalv10015400m.g	Caamp.1038s1120, Caamp.0105s1924
OG0020758	Thhalv10013790m.g	Caamp.0105s1937, Caamp.1038s1135
OG0020759	Thhalv10014504m.g	Caamp.1038s1139
OG0020760	Thhalv10014289m.g	Caamp.1038s1170
OG0020761	Thhalv10014988m.g	Caamp.1038s1179
OG0020762	Thhalv10014950m.g	Caamp.0105s1980, Caamp.1038s1191
OG0020763	Thhalv10000395m.g	Caamp.1039s0026
OG0020765	Thhalv10000312m.g	Caamp.1039s0041
OG0020766	Thhalv10029428m.g, Thhalv10000648m.g	Caamp.1039s0108
OG0020767	Thhalv10012253m.g	Caamp.1039s0215
OG0020769	Thhalv10000274m.g	Caamp.1039s0254
OG0020770	Thhalv10022745m.g	Caamp.1039s0274, Caamp.0093s0087
OG0020772	Thhalv10000470m.g	Caamp.1039s0302
OG0020778	Thhalv10004258m.g	Caamp.1039s0444
OG0020779	Thhalv10022260m.g	Caamp.1039s0531
OG0020781	Thhalv10021901m.g	Caamp.1039s0566
OG0020783	Thhalv10021776m.g	Caamp.1039s0612
OG0020784	Thhalv10021621m.g	Caamp.1039s0663
OG0020787	Thhalv10021356m.g	Caamp.1039s0984
OG0020788	Thhalv10021890m.g	Caamp.1039s1038
OG0020789	Thhalv10022275m.g	Caamp.1039s1059
OG0020792	Thhalv10022254m.g	Caamp.1039s1137
OG0020795	Thhalv10022149m.g	Caamp.1039s1257
OG0020796	Thhalv10021873m.g	Caamp.1039s1311
OG0020797	Thhalv10021946m.g	Caamp.1039s1443
OG0020798	Thhalv10022185m.g	Caamp.1039s1474
OG0020802	Thhalv10022224m.g	Caamp.1039s1512, Caamp.0076s1258
OG0020803	Thhalv10029464m.g	Caamp.1040s0052
OG0020804	Thhalv10028368m.g	Caamp.1040s0099
OG0020807	Thhalv10028678m.g	Caamp.1040s0214
OG0020808	Thhalv10016017m.g	Caamp.1040s0323
OG0020811	Thhalv10013992m.g	Caamp.1040s0846
OG0020814	Thhalv10015681m.g	Caamp.1040s1009
OG0020815	Thhalv10013865m.g	Caamp.1040s1068
OG0020821	Thhalv10015924m.g	Caamp.1040s1294
OG0020836	Thhalv10028044m.g	Caamp.1041s0012, Caamp.0059s0130
OG0020837	Thhalv10028073m.g	Caamp.1041s0083
OG0020841	Thhalv10026331m.g	Caamp.1041s0313
OG0020843	Thhalv10027311m.g	Caamp.1041s0472
OG0020848	Thhalv10027034m.g	Caamp.1041s0577
OG0020849	Thhalv10026605m.g	Caamp.1041s0598
OG0020850	Thhalv10026612m.g	Caamp.1041s0604
OG0020852	Thhalv10012248m.g	Caamp.1041s0712
OG0020853	Thhalv10012044m.g	Caamp.1041s0770
OG0020856	Thhalv10028248m.g	Caamp.1041s0824
OG0020864	Thhalv10005524m.g	Caamp.1041s2013
OG0020871	Thhalv10017316m.g	Caamp.0105s0443
OG0020873	Thhalv10016552m.g	Caamp.0105s0476
OG0020874	Thhalv10017322m.g	Caamp.0105s0646
OG0020875	Thhalv10017612m.g	Caamp.0105s0661
OG0020876	Thhalv10016612m.g	Caamp.0105s0756
OG0020878	Thhalv10002880m.g	Caamp.0105s0898
OG0020881	Thhalv10027274m.g	Caamp.0105s0978, Caamp.0094s0321
OG0020884	Thhalv10026506m.g	Caamp.0105s1080
OG0020888	Thhalv10027095m.g	Caamp.0094s0519, Caamp.0105s1183
OG0020891	Thhalv10015609m.g	Caamp.0105s1426
OG0020892	Thhalv10014619m.g	Caamp.0105s1467
OG0020893	Thhalv10012543m.g	Caamp.0105s1499
OG0020895	Thhalv10015869m.g	Caamp.0105s1686
OG0020896	Thhalv10015087m.g	Caamp.0105s1687
OG0020897	Thhalv10015137m.g	Caamp.0105s1767
OG0020899	Thhalv10015744m.g	Caamp.0105s1829
OG0020900	Thhalv10014882m.g	Caamp.0105s1956
OG0020904	Thhalv10023095m.g	Caamp.0011s0059, Caamp.0093s0034
OG0020906	Thhalv10023959m.g	Caamp.0011s0075
OG0020912	Thhalv10029138m.g	Caamp.0110s0001
OG0020914	Thhalv10023153m.g	Caamp.0110s0006
OG0020916	Thhalv10023135m.g	Caamp.0110s0016
OG0020921	Thhalv10023053m.g	Caamp.0110s0041
OG0020922	Thhalv10002987m.g, Thhalv10023097m.g	Caamp.0110s0048
OG0020923	Thhalv10001267m.g	Caamp.0110s0056
OG0020925	Thhalv10015628m.g	Caamp.0110s0066
OG0020930	Thhalv10005556m.g, Thhalv10005221m.g	Caamp.0012s0090
OG0020934	Thhalv10005158m.g	Caamp.0120s0309
OG0020935	Thhalv10005496m.g	Caamp.0120s0349
OG0020936	Thhalv10005129m.g	Caamp.0120s0410
OG0020937	Thhalv10005539m.g	Caamp.0120s0472
OG0020938	Thhalv10005588m.g	Caamp.0120s0520
OG0020939	Thhalv10005507m.g	Caamp.0120s0530
OG0020940	Thhalv10005147m.g	Caamp.0120s0583
OG0020945	Thhalv10004556m.g	Caamp.0120s0866
OG0020947	Thhalv10017878m.g	Caamp.0013s0202
OG0020952	Thhalv10023905m.g	Caamp.0015s0233
OG0020954	Thhalv10029420m.g, Thhalv10023898m.g	Caamp.0015s0327
OG0020959	Thhalv10019511m.g	Caamp.0016s0041
OG0020970	Thhalv10001360m.g	Caamp.0018s0116
OG0020971	Thhalv10001767m.g	Caamp.0018s0140
OG0020973	Thhalv10001377m.g	Caamp.0018s0233
OG0020974	Thhalv10001731m.g	Caamp.0018s0238
OG0020977	Thhalv10009566m.g	Caamp.0188s0089, Caamp.0052s0124
OG0020981	Thhalv10008932m.g	Caamp.0188s0282
OG0020982	Thhalv10009472m.g	Caamp.0188s0290, Caamp.0052s0291
OG0020984	Thhalv10009133m.g	Caamp.0188s0409
OG0020986	Thhalv10026701m.g	Caamp.0188s0489
OG0020987	Thhalv10009648m.g	Caamp.0188s0567
OG0020989	Thhalv10007323m.g	Caamp.0188s0613
OG0020996	Thhalv10009178m.g	Caamp.0188s0873
OG0020997	Thhalv10008953m.g	Caamp.0188s0876
OG0020998	Thhalv10008980m.g	Caamp.0188s0915
OG0020999	Thhalv10007435m.g	Caamp.0188s0962
OG0021000	Thhalv10008465m.g	Caamp.0188s1041
OG0021001	Thhalv10010045m.g	Caamp.0188s1042
OG0021002	Thhalv10008737m.g	Caamp.0188s1045
OG0021003	Thhalv10009953m.g	Caamp.0188s1052
OG0021004	Thhalv10008646m.g	Caamp.0188s1143
OG0021009	Thhalv10023670m.g	Caamp.0019s0132, Caamp.0095s0313
OG0021010	Thhalv10007871m.g, Thhalv10007849m.g	Caamp.0190s0011
OG0021011	Thhalv10011987m.g	Caamp.0190s0218
OG0021012	Thhalv10027370m.g	Caamp.0190s0294
OG0021013	Thhalv10026951m.g	Caamp.0003s0072, Caamp.0190s0434
OG0021015	Thhalv10027148m.g	Caamp.0190s0645
OG0021016	Thhalv10027165m.g	Caamp.0190s0670
OG0021018	Thhalv10026698m.g	Caamp.0190s0775
OG0021020	Thhalv10027080m.g	Caamp.0190s0888
OG0021021	Thhalv10024676m.g	Caamp.0190s0938
OG0021023	Thhalv10027129m.g	Caamp.0190s1035
OG0021024	Thhalv10026678m.g	Caamp.0190s1092
OG0021025	Thhalv10027023m.g	Caamp.0190s1103
OG0021038	Thhalv10019017m.g	Caamp.0002s0234
OG0021040	Thhalv10019125m.g	Caamp.0002s0321
OG0021045	Thhalv10011986m.g, Thhalv10023825m.g	Caamp.0021s0052
OG0021053	Thhalv10002936m.g	Caamp.0214s0049
OG0021054	Thhalv10021842m.g	Caamp.0214s0132
OG0021056	Thhalv10020295m.g	Caamp.0214s0173
OG0021060	Thhalv10020004m.g	Caamp.0214s0229
OG0021061	Thhalv10021826m.g	Caamp.0214s0311
OG0021062	Thhalv10015626m.g, Thhalv10015992m.g	Caamp.0214s0353
OG0021063	Thhalv10020063m.g	Caamp.0214s0421
OG0021064	Thhalv10021653m.g	Caamp.0214s0423
OG0021065	Thhalv10021983m.g	Caamp.0214s0429
OG0021066	Thhalv10021549m.g	Caamp.0214s0433
OG0021067	Thhalv10022010m.g	Caamp.0214s0466
OG0021070	Thhalv10022011m.g	Caamp.0214s0559
OG0021071	Thhalv10022213m.g	Caamp.0214s0563
OG0021073	Thhalv10022248m.g	Caamp.0214s0659
OG0021074	Thhalv10022188m.g	Caamp.0214s0673, Caamp.0303s0345
OG0021075	Thhalv10021062m.g	Caamp.0214s0728
OG0021076	Thhalv10021030m.g	Caamp.0214s0753
OG0021077	Thhalv10001098m.g	Caamp.0214s0763
OG0021078	Thhalv10021764m.g	Caamp.0214s0805
OG0021086	Thhalv10006448m.g, Thhalv10006469m.g	Caamp.0023s0161
OG0021087	Thhalv10005920m.g	Caamp.0023s0204
OG0021088	Thhalv10006205m.g	Caamp.0023s0339
OG0021089	Thhalv10006223m.g	Caamp.0023s0350
OG0021090	Thhalv10022571m.g	Caamp.0065s0073, Caamp.0023s0458
OG0021091	Thhalv10006388m.g	Caamp.0023s0503
OG0021092	Thhalv10006384m.g	Caamp.0023s0525
OG0021093	Thhalv10006304m.g	Caamp.0023s0576
OG0021096	Thhalv10008818m.g	Caamp.0024s0176
OG0021099	Thhalv10007955m.g	Caamp.0024s0321
OG0021100	Thhalv10009066m.g	Caamp.0024s0371
OG0021112	Thhalv10010877m.g	Caamp.0026s0276
OG0021114	Thhalv10010820m.g	Caamp.0005s0304, Caamp.0026s0315
OG0021118	Thhalv10012326m.g	Caamp.0026s0642
OG0021120	Thhalv10022948m.g	Caamp.0026s0708
OG0021127	Thhalv10009772m.g	Caamp.0275s0043
OG0021128	Thhalv10009285m.g	Caamp.0275s0052
OG0021130	Thhalv10015574m.g	Caamp.0028s0078
OG0021135	Thhalv10029377m.g	Caamp.0028s0273
OG0021141	Thhalv10027201m.g	Caamp.0003s0122
OG0021148	Thhalv10013759m.g	Caamp.0052s0650, Caamp.0003s0500
OG0021152	Thhalv10026639m.g	Caamp.0003s0670
OG0021156	Thhalv10020048m.g, Thhalv10022280m.g	Caamp.0303s0033
OG0021157	Thhalv10021961m.g	Caamp.0303s0077
OG0021158	Thhalv10001274m.g	Caamp.0303s0126
OG0021159	Thhalv10022380m.g	Caamp.0303s0147
OG0021160	Thhalv10024077m.g	Caamp.0303s0162
OG0021161	Thhalv10020405m.g	Caamp.0303s0176
OG0021164	Thhalv10022166m.g	Caamp.0303s0212
OG0021166	Thhalv10022312m.g	Caamp.0303s0329
OG0021169	Thhalv10021899m.g	Caamp.0303s0478
OG0021170	Thhalv10021762m.g	Caamp.0303s0489
OG0021171	Thhalv10021113m.g, Thhalv10022803m.g	Caamp.0303s0509
OG0021172	Thhalv10020429m.g	Caamp.0303s0529
OG0021175	Thhalv10018105m.g	Caamp.0303s0696
OG0021176	Thhalv10019456m.g	Caamp.0303s0705
OG0021178	Thhalv10019433m.g	Caamp.0303s0835
OG0021181	Thhalv10019568m.g	Caamp.0303s1015
OG0021184	Thhalv10023337m.g	Caamp.0303s1121
OG0021186	Thhalv10009267m.g	Caamp.0303s1320
OG0021194	Thhalv10027382m.g	Caamp.0311s0004
OG0021198	Thhalv10010960m.g	Caamp.0311s0023
OG0021202	Thhalv10005595m.g	Caamp.0033s0003
OG0021203	Thhalv10004950m.g	Caamp.0033s0018
OG0021204	Thhalv10003926m.g	Caamp.0033s0038
OG0021205	Thhalv10003735m.g	Caamp.0033s0094
OG0021207	Thhalv10004840m.g	Caamp.0033s0200
OG0021208	Thhalv10004325m.g	Caamp.0033s0203
OG0021209	Thhalv10004772m.g	Caamp.0033s0283
OG0021210	Thhalv10005489m.g	Caamp.0033s0302
OG0021211	Thhalv10005320m.g	Caamp.0033s0325
OG0021214	Thhalv10027086m.g	Caamp.0338s0014
OG0021217	Thhalv10017540m.g	Caamp.0034s0103
OG0021231	Thhalv10012163m.g	Caamp.0037s0013
OG0021234	Thhalv10012351m.g	Caamp.0037s0071
OG0021238	Thhalv10011264m.g	Caamp.0037s0175
OG0021240	Thhalv10011236m.g	Caamp.0037s0318
OG0021241	Thhalv10009930m.g	Caamp.0037s0444
OG0021243	Thhalv10009958m.g	Caamp.0037s0543
OG0021244	Thhalv10007473m.g	Caamp.0037s0669
OG0021250	Thhalv10012307m.g	Caamp.0040s0251
OG0021253	Thhalv10028018m.g	Caamp.0044s0078
OG0021255	Thhalv10027930m.g	Caamp.0044s0141
OG0021256	Thhalv10027100m.g	Caamp.0044s0165, Caamp.0044s0166
OG0021257	Thhalv10015974m.g	Caamp.0044s0173
OG0021261	Thhalv10011441m.g	Caamp.0046s0059
OG0021262	Thhalv10007775m.g	Caamp.0046s0163
OG0021263	Thhalv10022008m.g	Caamp.0046s0219
OG0021266	Thhalv10009462m.g	Caamp.0046s0399
OG0021267	Thhalv10009025m.g	Caamp.0046s0452
OG0021268	Thhalv10008673m.g	Caamp.0046s0570
OG0021269	Thhalv10029355m.g, Thhalv10029366m.g	Caamp.0047s0001
OG0021274	Thhalv10002436m.g	Caamp.0048s0039
OG0021276	Thhalv10010955m.g	Caamp.0005s0029
OG0021278	Thhalv10010731m.g	Caamp.0005s0205
OG0021280	Thhalv10010088m.g	Caamp.0005s0228
OG0021281	Thhalv10002751m.g	Caamp.0005s0324
OG0021283	Thhalv10017480m.g	Caamp.0051s0080
OG0021291	Thhalv10028617m.g, Thhalv10028618m.g	Caamp.0052s0412
OG0021292	Thhalv10028653m.g	Caamp.0052s0466
OG0021294	Thhalv10015917m.g	Caamp.0052s0594
OG0021295	Thhalv10022056m.g	Caamp.0053s0020
OG0021302	Thhalv10009852m.g	Caamp.0056s0153
OG0021303	Thhalv10007863m.g	Caamp.0056s0250
OG0021304	Thhalv10009577m.g	Caamp.0056s0290
OG0021305	Thhalv10009633m.g	Caamp.0056s0291
OG0021312	Thhalv10003297m.g	Caamp.0058s0230
OG0021314	Thhalv10000385m.g	Caamp.0059s0095
OG0021315	Thhalv10019749m.g	Caamp.0006s0002, Caamp.0064s0113
OG0021318	Thhalv10019865m.g	Caamp.0006s0246
OG0021320	Thhalv10019842m.g	Caamp.0076s0451, Caamp.0006s0270
OG0021322	Thhalv10019588m.g	Caamp.0006s0338
OG0021326	Thhalv10019226m.g	Caamp.0006s0759
OG0021327	Thhalv10019808m.g	Caamp.0006s0771, Caamp.0084s0055
OG0021328	Thhalv10011930m.g	Caamp.0061s0079
OG0021331	Thhalv10019137m.g	Caamp.0064s0036
OG0021332	Thhalv10018480m.g	Caamp.0064s0103
OG0021333	Thhalv10019440m.g	Caamp.0064s0137
OG0021339	Thhalv10012237m.g	Caamp.0064s0691
OG0021341	Thhalv10012075m.g	Caamp.0064s0704
OG0021344	Thhalv10006034m.g	Caamp.0065s0097
OG0021345	Thhalv10006328m.g	Caamp.0065s0168
OG0021346	Thhalv10006488m.g	Caamp.0065s0206
OG0021347	Thhalv10006362m.g	Caamp.0065s0208
OG0021350	Thhalv10022968m.g	Caamp.0068s0052
OG0021351	Thhalv10009457m.g	Caamp.0007s0005
OG0021353	Thhalv10008943m.g	Caamp.0007s0244
OG0021355	Thhalv10002143m.g	Caamp.0071s0007
OG0021356	Thhalv10008913m.g	Caamp.0071s0054
OG0021358	Thhalv10009559m.g	Caamp.0071s0188
OG0021364	Thhalv10000512m.g	Caamp.0074s0024, Caamp.0074s0028
OG0021365	Thhalv10019857m.g	Caamp.0076s0216
OG0021366	Thhalv10019822m.g	Caamp.0076s0276
OG0021367	Thhalv10019434m.g	Caamp.0076s0417
OG0021370	Thhalv10000775m.g	Caamp.0076s0674
OG0021371	Thhalv10000788m.g	Caamp.0076s0677
OG0021372	Thhalv10001127m.g	Caamp.0076s0691
OG0021381	Thhalv10004222m.g	Caamp.0076s1041
OG0021382	Thhalv10005271m.g	Caamp.0076s1108
OG0021383	Thhalv10005337m.g	Caamp.0076s1114
OG0021384	Thhalv10005651m.g	Caamp.0076s1115
OG0021385	Thhalv10004463m.g	Caamp.0076s1122
OG0021387	Thhalv10022376m.g	Caamp.0076s1301
OG0021389	Thhalv10017127m.g	Caamp.0076s1574
OG0021391	Thhalv10005267m.g	Caamp.0077s0080
OG0021396	Thhalv10011014m.g	Caamp.0078s0321, Caamp.0095s0972
OG0021397	Thhalv10027176m.g	Caamp.0078s0390
OG0021398	Thhalv10009040m.g	Caamp.0078s0471
OG0021401	Thhalv10022125m.g	Caamp.0078s0658
OG0021404	Thhalv10003042m.g	Caamp.0078s0806
OG0021405	Thhalv10021133m.g	Caamp.0078s0917
OG0021413	Thhalv10002107m.g	Caamp.0079s0023
OG0021419	Thhalv10017589m.g	Caamp.0080s0051
OG0021421	Thhalv10019474m.g	Caamp.0084s0011
OG0021422	Thhalv10019455m.g	Caamp.0084s0060
OG0021424	Thhalv10001131m.g	Caamp.0085s0081
OG0021427	Thhalv10026370m.g, Thhalv10026402m.g	Caamp.0090s0041
OG0021429	Thhalv10003079m.g	Caamp.0093s0029
OG0021433	Thhalv10022891m.g	Caamp.0093s0168
OG0021435	Thhalv10025841m.g	Caamp.0094s0042
OG0021436	Thhalv10026562m.g	Caamp.0094s0052
OG0021437	Thhalv10026548m.g	Caamp.0094s0054
OG0021438	Thhalv10027061m.g	Caamp.0094s0085
OG0021439	Thhalv10026498m.g	Caamp.0094s0159
OG0021440	Thhalv10026762m.g	Caamp.0094s0222
OG0021441	Thhalv10026476m.g	Caamp.0094s0228
OG0021442	Thhalv10024604m.g	Caamp.0094s0300
OG0021444	Thhalv10026844m.g	Caamp.0094s0415
OG0021445	Thhalv10026553m.g	Caamp.0094s0498
OG0021446	Thhalv10027251m.g	Caamp.0094s0512
OG0021447	Thhalv10027191m.g	Caamp.0094s0529
OG0021448	Thhalv10024867m.g	Caamp.0094s0635
OG0021449	Thhalv10027418m.g	Caamp.0094s0706
OG0021450	Thhalv10026598m.g	Caamp.0094s0787
OG0021451	Thhalv10020307m.g, Thhalv10024735m.g	Caamp.0094s1046
OG0021453	Thhalv10026836m.g, Thhalv10026796m.g	Caamp.0095s0014
OG0021454	Thhalv10025860m.g	Caamp.0095s0054
OG0021455	Thhalv10026955m.g	Caamp.0095s0114
OG0021456	Thhalv10024791m.g	Caamp.0095s0115
OG0021457	Thhalv10026759m.g	Caamp.0095s0229
OG0021459	Thhalv10005793m.g	Caamp.0095s0323
OG0021460	Thhalv10006060m.g	Caamp.0095s0324
OG0021461	Thhalv10006421m.g	Caamp.0095s0634
OG0021465	Thhalv10010948m.g	Caamp.0099s0029, Caamp.0095s0704
OG0021467	Thhalv10010104m.g	Caamp.0095s0875
OG0021469	Thhalv10022830m.g	Caamp.0095s1145
OG0021471	Thhalv10023090m.g	Caamp.0095s1255
OG0021476	Thhalv10002961m.g	Caamp.0097s0157
OG0021478	Thhalv10028229m.g	Caamp.0097s0461
OG0021480	Thhalv10026987m.g	Caamp.0097s0639
OG0021481	Thhalv10027120m.g	Caamp.0097s0733
OG0021488	Thhalv10028218m.g	Caamp.0097s0784
OG0021491	Thhalv10028353m.g	Caamp.0097s0885
OG0021494	Thhalv10006477m.g	Caamp.0099s0111
OG0021495	Thhalv10022268m.g	Caamp.0099s0133
OG0022028	Thhalv10001120m.g	Caamp.0001s0157
OG0022029	Thhalv10001146m.g	Caamp.0001s0178
OG0022030	Thhalv10001152m.g	Caamp.0001s0179
OG0022054	Thhalv10017473m.g	Caamp.0102s0049
OG0022067	Thhalv10016311m.g	Caamp.0102s0644
OG0022071	Thhalv10029087m.g	Caamp.0102s0850
OG0022084	Thhalv10025890m.g	Caamp.1027s0175
OG0022097	Thhalv10017790m.g	Caamp.1031s0394
OG0022100	Thhalv10001580m.g	Caamp.1031s0550
OG0022115	Thhalv10009381m.g	Caamp.1033s0714
OG0022119	Thhalv10009520m.g	Caamp.1033s0964
OG0022126	Thhalv10005684m.g	Caamp.1035s0167
OG0022134	Thhalv10005318m.g	Caamp.1035s0606
OG0022159	Thhalv10019238m.g	Caamp.1036s0428
OG0022161	Thhalv10029351m.g	Caamp.1037s0043
OG0022166	Thhalv10015449m.g	Caamp.1037s0243
OG0022189	Thhalv10003009m.g	Caamp.1037s1381
OG0022207	Thhalv10016058m.g	Caamp.1038s0363
OG0022209	Thhalv10015818m.g	Caamp.1038s0453
OG0022214	Thhalv10014888m.g	Caamp.1038s0648
OG0022224	Thhalv10015405m.g	Caamp.1038s1036
OG0022229	Thhalv10000679m.g	Caamp.1039s0082
OG0022235	Thhalv10000729m.g	Caamp.1039s0311
OG0022237	Thhalv10005398m.g	Caamp.1039s0359
OG0022252	Thhalv10020750m.g	Caamp.1039s1119
OG0022264	Thhalv10002725m.g	Caamp.1039s1694
OG0022274	Thhalv10015519m.g	Caamp.1040s0794
OG0022277	Thhalv10015640m.g	Caamp.1040s0882
OG0022303	Thhalv10000407m.g	Caamp.1041s0367
OG0022305	Thhalv10026848m.g	Caamp.1041s0440
OG0022313	Thhalv10028193m.g	Caamp.1041s0881
OG0022319	Thhalv10015236m.g	Caamp.1041s1498
OG0022322	Thhalv10029479m.g	Caamp.1041s1715
OG0022325	Thhalv10012203m.g	Caamp.1041s1953
OG0022326	Thhalv10004394m.g	Caamp.1041s2016
OG0022341	Thhalv10017688m.g	Caamp.0105s0352
OG0022342	Thhalv10016911m.g	Caamp.0105s0375
OG0022367	Thhalv10026941m.g	Caamp.0107s0021
OG0022419	Thhalv10005199m.g	Caamp.0120s0485
OG0022435	Thhalv10023994m.g	Caamp.0013s0114
OG0022468	Thhalv10019482m.g	Caamp.0016s0006
OG0022480	Thhalv10001738m.g	Caamp.0018s0188
OG0022482	Thhalv10001686m.g	Caamp.0018s0315
OG0022503	Thhalv10009710m.g	Caamp.0188s0905
OG0022513	Thhalv10008738m.g	Caamp.0190s0028
OG0022515	Thhalv10009843m.g	Caamp.0190s0106
OG0022521	Thhalv10027130m.g	Caamp.0190s0399
OG0022527	Thhalv10025267m.g	Caamp.0190s0684
OG0022532	Thhalv10028141m.g	Caamp.0190s0790
OG0022544	Thhalv10002215m.g	Caamp.0190s1148
OG0022546	Thhalv10015888m.g	Caamp.0190s1155
OG0022558	Thhalv10019407m.g	Caamp.0002s0158
OG0022582	Thhalv10020630m.g	Caamp.0214s0574
OG0022584	Thhalv10022073m.g	Caamp.0214s0637
OG0022585	Thhalv10021875m.g	Caamp.0214s0664
OG0022605	Thhalv10003211m.g	Caamp.0023s0061
OG0022606	Thhalv10006056m.g	Caamp.0023s0157
OG0022607	Thhalv10006497m.g	Caamp.0023s0159
OG0022611	Thhalv10006354m.g	Caamp.0023s0282
OG0022621	Thhalv10008477m.g	Caamp.0024s0021
OG0022624	Thhalv10007731m.g	Caamp.0024s0262
OG0022627	Thhalv10009482m.g	Caamp.0024s0446
OG0022628	Thhalv10009977m.g	Caamp.0024s0478
OG0022638	Thhalv10002728m.g	Caamp.0026s0207
OG0022641	Thhalv10022148m.g	Caamp.0026s0230
OG0022653	Thhalv10012219m.g	Caamp.0026s0751
OG0022681	Thhalv10024362m.g	Caamp.0003s0520
OG0022683	Thhalv10026779m.g	Caamp.0003s0562
OG0022684	Thhalv10024510m.g	Caamp.0003s0658
OG0022692	Thhalv10022063m.g	Caamp.0303s0297
OG0022693	Thhalv10022303m.g	Caamp.0303s0311
OG0022695	Thhalv10021686m.g	Caamp.0303s0497
OG0022697	Thhalv10019081m.g	Caamp.0303s0600
OG0022715	Thhalv10011069m.g	Caamp.0306s0018
OG0022721	Thhalv10002772m.g	Caamp.0032s0009
OG0022727	Thhalv10005125m.g	Caamp.0033s0077
OG0022728	Thhalv10005328m.g	Caamp.0033s0097
OG0022744	Thhalv10029058m.g	Caamp.0035s0158
OG0022787	Thhalv10011350m.g	Caamp.0040s0180
OG0022876	Thhalv10003367m.g	Caamp.0058s0186
OG0022881	Thhalv10000511m.g	Caamp.0059s0049
OG0022883	Thhalv10019839m.g	Caamp.0006s0381
OG0022887	Thhalv10019764m.g	Caamp.0006s0514
OG0022932	Thhalv10017951m.g	Caamp.0066s0130
OG0022952	Thhalv10009469m.g	Caamp.0071s0004
OG0022966	Thhalv10019510m.g	Caamp.0076s0089
OG0022972	Thhalv10019119m.g	Caamp.0076s0375
OG0022975	Thhalv10001232m.g	Caamp.0076s0608
OG0022976	Thhalv10001209m.g	Caamp.0076s0612
OG0022977	Thhalv10001104m.g	Caamp.0076s0618
OG0022985	Thhalv10012060m.g	Caamp.0076s0825
OG0023003	Thhalv10009536m.g	Caamp.0078s0195
OG0023008	Thhalv10010727m.g	Caamp.0078s0434
OG0023010	Thhalv10009413m.g	Caamp.0078s0569
OG0023015	Thhalv10022070m.g	Caamp.0078s0905
OG0023020	Thhalv10028185m.g	Caamp.0079s0003
OG0023049	Thhalv10027568m.g	Caamp.0094s0014
OG0023050	Thhalv10025324m.g	Caamp.0094s0218
OG0023051	Thhalv10026832m.g	Caamp.0094s0263
OG0023055	Thhalv10027076m.g	Caamp.0094s0611
OG0023063	Thhalv10023046m.g	Caamp.0095s0003
OG0023080	Thhalv10009729m.g	Caamp.0095s1323
OG0023085	Thhalv10023094m.g	Caamp.0097s0062
OG0023093	Thhalv10023867m.g	Caamp.0097s0433
OG0023095	Thhalv10025055m.g	Caamp.0097s0483
OG0023097	Thhalv10026971m.g	Caamp.0097s0514
OG0023111	Thhalv10006392m.g	Caamp.0099s0071
OG0023112	Thhalv10006387m.g	Caamp.0099s0121
OG0023113	Thhalv10021588m.g	Caamp.0099s0132
